296
336
159
635
441
516
237
228
61
1
824
101
20
551
90
796
521
170
275
336
125
357
350
217
209
56
179
635
72
92
396
251
350
328
84
31
601
64
276
350
350
101
218
228
296
205
79
851
377
916
150
272
185
245
153
105
402
135
713
276
105
617
677
656
43
302
656
293
27
109
350
121
129
209
350
482
617
429
516
441
296
296
601
628
569
296
153
69
325
168
35
745
340
11
325
1
153
209
391
125
249
350
509
773
745
145
569
441
209
582
241
150
492
350
601
79
747
350
367
325
448
116
340
155
482
31
116
228
14
473
260
259
656
126
325
43
601
358
185
429
43
792
497
251
383
220
179
561
209
105
121
379
497
20
402
455
14
468
551
349
190
238
350
454
726
153
460
537
441
732
296
43
379
350
509
357
113
1
129
69
273
460
357
673
273
174
350
576
670
640
325
482
276
745
43
453
61
29
880
273
312
174
141
308
79
224
200
72
441
325
453
350
155
455
129
411
64
113
43
541
218
350
553
656
796
617
90
31
64
195
673
401
617
122
43
350
312
1
377
14
64
153
190
429
287
14
722
350
1
31
499
150
96
78
497
251
487
257
656
29
601
744
141
125
697
735
350
350
350
218
31
105
133
209
218
713
531
6
179
228
429
546
35
79
296
617
170
421
296
153
29
441
744
64
20
424
482
190
209
402
170
35
43
153
350
60
651
851
43
43
78
824
101
325
116
411
31
1
43
635
141
170
209
476
516
237
1
133
402
217
656
569
601
516
71
441
185
209
218
844
537
293
79
713
6
755
504
92
464
145
574
155
47
497
837
79
875
1
455
113
259
280
697
155
497
228
368
504
577
516
241
232
241
473
294
153
260
35
92
150
751
190
646
241
796
617
109
43
1
260
5
454
296
77
217
23
479
546
537
666
372
296
29
63
40
312
72
141
205
575
101
35
1
551
116
270
20
633
336
635
796
249
699
249
868
492
96
871
228
251
1
29
276
153
43
325
97
844
460
797
416
218
350
319
185
379
101
553
218
251
153
56
56
773
52
401
116
47
141
116
224
561
43
153
401
141
479
170
368
72
473
509
43
379
784
732
214
43
679
69
170
97
245
350
640
640
601
773
84
670
101
116
251
336
209
241
121
732
43
280
628
137
209
276
759
43
170
126
575
224
153
744
1
63
228
105
141
174
312
656
279
282
209
79
759
155
504
343
105
141
190
69
276
561
372
296
260
617
77
78
497
109
759
441
797
350
150
416
190
296
271
146
170
476
509
441
35
350
325
64
43
635
569
153
267
72
308
429
246
350
417
516
126
273
79
569
78
276
116
735
217
350
31
492
531
113
601
251
251
170
516
336
332
735
35
205
238
383
77
516
133
411
312
473
473
116
241
209
64
288
155
78
40
350
296
350
101
798
56
190
429
601
145
296
121
770
855
372
689
43
43
113
179
137
646
350
464
467
43
697
190
170
121
207
377
218
551
159
294
473
145
153
656
697
35
137
575
402
217
537
237
251
31
224
43
279
476
589
224
200
1
460
824
1
43
386
576
52
296
63
436
79
851
72
241
209
14
441
651
116
546
796
617
640
899
797
787
71
209
670
546
260
298
497
218
153
843
666
141
170
155
551
541
401
61
316
350
84
276
401
116
146
218
969
276
545
56
356
441
43
325
541
35
105
228
209
109
336
429
209
443
246
576
185
325
713
516
635
251
713
209
96
569
280
137
11
487
200
332
890
455
109
751
312
421
141
367
64
121
325
312
837
170
454
880
352
411
155
755
319
78
497
273
1
280
90
719
271
276
441
1
516
190
699
271
20
441
497
245
116
479
105
209
429
766
697
273
551
296
6
200
31
429
141
497
276
6
276
796
259
141
14
174
396
697
20
628
870
535
159
345
316
256
184
411
820
350
251
241
78
205
526
47
43
697
593
428
43
941
350
5
421
345
190
170
105
350
377
325
276
280
608
350
260
441
272
228
174
31
1
628
325
209
280
276
455
43
8
421
468
497
200
1
1
31
377
545
464
79
170
541
679
249
29
260
319
145
209
117
809
218
344
635
179
596
31
561
635
133
90
92
551
860
589
805
164
631
516
377
535
509
824
367
129
121
837
773
455
259
656
677
174
154
190
56
249
875
546
218
339
367
492
482
276
302
476
436
596
541
190
109
350
391
339
257
448
751
43
383
575
460
145
476
356
377
340
350
1
1
11
92
632
170
61
350
271
29
71
43
190
343
952
97
145
251
656
551
92
340
64
109
84
209
137
56
709
760
113
797
