TimeLimit=
======================Y82QyM2LNe
1.0s
======================Y82QyM2LNe
MemoryLimit=
======================7f2TbFr6rJ
512.0M
======================7f2TbFr6rJ
InData=
======================533LBrryJm
3
1 0 1
0 1 0
1 0 1
======================533LBrryJm
OutData=
======================6Bm53EdNFN
1 3
======================6Bm53EdNFN
TimeLimit=
======================ynBRG7qML9
1.0s
======================ynBRG7qML9
MemoryLimit=
======================LeGjAN7RYr
512.0M
======================LeGjAN7RYr
InData=
======================dtdgarYfRT
5
1 1 0 0 1
1 1 0 0 1
0 0 1 0 0
1 0 1 1 0
1 1 0 0 1
======================dtdgarYfRT
OutData=
======================aHYanqJ56E
1 2 5

======================aHYanqJ56E
TimeLimit=
======================m3m64Gde9g
1.0s
======================m3m64Gde9g
MemoryLimit=
======================9dEmr4dEeq
512.0M
======================9dEmr4dEeq
InData=
======================gnnyTRGfHL
6
1 0 1 1 0 1
0 1 1 1 0 1
1 0 1 1 0 1
1 0 1 1 0 1
1 0 1 1 0 0
1 0 1 1 0 1
======================gnnyTRGfHL
OutData=
======================mtj92NH7F6
1 3 4 6
======================mtj92NH7F6
TimeLimit=
======================YJ3nDT6fqy
1.0s
======================YJ3nDT6fqy
MemoryLimit=
======================dRaN384FFJ
512.0M
======================dRaN384FFJ
InData=
======================nDF7f2EbTe
7
1 0 1 0 1 1 1
0 1 0 1 0 1 1
1 0 1 0 1 1 1
0 1 0 1 0 1 0
1 0 1 0 1 1 1
1 0 1 0 1 1 1
1 0 1 0 1 1 1
======================nDF7f2EbTe
OutData=
======================jAAeaEgAdG
1 3 5 6 7
======================jAAeaEgAdG
TimeLimit=
======================daQR6Q8JDE
1.0s
======================daQR6Q8JDE
MemoryLimit=
======================42F9H6tg7n
512.0M
======================42F9H6tg7n
InData=
======================FTRGfLT57e
8
1 0 1 0 1 1 0 1
0 1 0 1 1 1 0 1
1 0 1 0 1 1 0 1
0 1 0 1 1 0 0 1
1 0 1 0 1 1 0 1
1 0 1 0 1 1 0 1
0 1 1 1 1 0 0 0
1 0 1 0 1 1 0 1
======================FTRGfLT57e
OutData=
======================hjMML9j9a8
1 3 5 6 8
======================hjMML9j9a8
