TimeLimit=
======================4ttNd3Tr2m
1.0s
======================4ttNd3Tr2m
MemoryLimit=
======================AeqJDTn82L
512.0M
======================AeqJDTn82L
InData=
======================8eg8RHFDLg
10 8
6 5
9 8
10 6
2 8
3 10
6 7
3 6
2 9

======================8eg8RHFDLg
OutData=
======================4h27dTDfY6
4

======================4h27dTDfY6
TimeLimit=
======================RMLjEN6me3
1.0s
======================RMLjEN6me3
MemoryLimit=
======================JeRymaNbbq
512.0M
======================JeRymaNbbq
InData=
======================t73REyQbNQ
6 4
1 2
2 3
3 6
4 5

======================t73REyQbNQ
OutData=
======================Hgrqe4thjh
2

======================Hgrqe4thjh
TimeLimit=
======================9nRmtaL4Bq
1.0s
======================9nRmtaL4Bq
MemoryLimit=
======================Manm2Qt5Nt
512.0M
======================Manm2Qt5Nt
InData=
======================D7L45ne3Gj
50 28
14 48
21 16
24 27
37 10
24 50
33 50
2 1
33 14
3 16
49 22
12 19
29 45
26 46
3 4
37 2
10 33
32 31
12 21
14 28
37 14
47 5
37 36
26 25
42 18
6 50
13 46
27 5
40 3

======================D7L45ne3Gj
OutData=
======================r36MT8nad5
23

======================r36MT8nad5
TimeLimit=
======================nTeBgjmLy3
1.0s
======================nTeBgjmLy3
MemoryLimit=
======================5RLaJFy33d
512.0M
======================5RLaJFy33d
InData=
======================n4LyEr2ynh
100 79
18 60
26 98
30 96
39 6
31 42
8 75
99 61
93 30
74 82
17 56
39 84
74 99
72 75
41 77
19 99
19 85
39 45
59 95
5 68
86 63
94 54
27 9
65 34
1 34
29 49
33 31
67 49
61 5
44 63
19 77
13 93
99 44
83 73
67 47
34 30
62 81
89 25
20 94
56 49
42 71
1 66
74 6
81 62
77 72
91 48
44 19
30 35
5 52
24 85
74 77
11 28
31 29
66 31
94 97
15 54
35 7
61 61
29 18
86 80
57 61
84 22
78 68
33 93
23 91
83 8
84 43
32 14
45 92
90 72
78 57
43 4
99 2
98 24
8 20
98 31
85 58
59 76
45 37
3 47

======================n4LyEr2ynh
OutData=
======================Yf7G9dmetL
27

======================Yf7G9dmetL
TimeLimit=
======================5TgLHD5YnH
1.0s
======================5TgLHD5YnH
MemoryLimit=
======================6gHddNeJjQ
512.0M
======================6gHddNeJjQ
InData=
======================RrTARFN7dQ
400 295
111 185
2 272
289 233
81 104
152 172
206 333
343 90
382 133
52 346
366 200
50 105
46 26
329 211
306 67
71 222
261 46
270 225
156 27
223 28
331 181
285 152
288 22
339 49
141 7
282 139
38 317
126 98
292 207
10 1
380 93
305 375
112 115
64 248
397 116
321 226
82 178
278 261
388 182
285 40
166 88
176 145
208 242
81 319
307 65
84 144
56 393
197 257
146 232
339 30
330 161
237 126
10 157
246 188
111 120
361 85
356 27
203 232
143 159
194 171
332 340
75 48
136 385
56 49
153 84
179 127
264 119
27 30
324 362
121 27
395 270
93 237
152 45
212 298
103 84
110 160
354 43
353 110
115 48
141 131
287 283
202 7
283 246
18 123
159 59
205 145
126 344
72 173
140 83
296 122
93 257
330 353
231 165
394 54
295 383
25 174
132 205
299 47
169 140
133 18
17 323
199 265
392 189
84 342
15 192
37 1
252 211
266 212
361 79
356 89
364 37
244 192
53 282
309 262
94 281
352 82
219 306
176 228
77 389
249 398
224 367
137 172
369 108
303 280
87 387
212 250
214 288
373 396
164 191
24 141
265 190
318 242
128 190
283 14
55 121
312 360
374 200
367 133
174 197
164 323
66 290
400 263
359 45
107 14
309 99
15 82
35 146
77 123
72 378
381 97
69 396
221 8
399 12
197 299
177 60
143 62
318 13
213 134
319 237
336 24
222 99
278 11
280 69
222 72
111 81
267 337
129 370
190 353
139 334
130 129
113 129
67 328
255 20
391 343
359 347
160 361
390 153
90 315
178 340
211 257
355 6
285 387
399 206
86 371
3 330
348 286
131 255
56 83
173 129
91 94
149 140
138 224
294 371
214 221
4 111
28 141
258 206
245 117
384 289
54 232
228 393
270 291
367 5
65 86
389 245
113 145
228 163
388 387
220 257
42 320
108 337
381 332
294 183
57 159
338 400
73 225
320 379
247 164
314 113
371 128
400 85
386 92
198 283
284 148
377 206
214 147
326 264
171 169
8 1
136 64
164 12
164 157
301 396
18 31
335 388
256 80
119 292
371 342
384 263
190 33
203 122
100 169
377 143
25 113
167 341
73 247
333 267
389 25
99 25
48 382
121 251
350 19
49 397
34 326
57 380
132 396
67 330
341 7
144 81
355 318
19 32
239 178
85 197
153 86
286 107
399 140
102 337
40 139
363 107
325 42
246 289
286 43
327 224
178 170
139 314
210 354
139 224
276 89
151 261
331 361
355 30
58 212
87 12
63 62
233 256
219 319
39 330
273 147
321 296
20 129
178 175
123 112
71 62
266 94
29 51
350 141

======================RrTARFN7dQ
OutData=
======================EJLtbRYAJ8
114

======================EJLtbRYAJ8
TimeLimit=
======================E58nM2jqYN
1.0s
======================E58nM2jqYN
MemoryLimit=
======================fhdBQTjHQe
512.0M
======================fhdBQTjHQe
InData=
======================JgeG27rhhM
700 555
513 324
169 108
601 74
119 578
212 279
441 299
689 307
131 273
13 269
568 430
123 69
322 272
141 96
482 122
6 596
507 186
501 196
352 120
529 155
637 542
424 317
528 168
483 502
418 284
388 563
74 638
500 662
593 538
146 233
341 512
356 260
268 685
230 348
82 315
559 275
477 208
89 431
182 105
242 8
293 330
385 392
684 570
378 544
527 603
420 428
104 210
397 96
690 211
521 631
300 303
17 181
365 336
642 297
599 436
314 634
502 118
610 372
206 18
156 19
279 417
305 484
578 224
695 633
88 227
486 652
536 55
572 541
419 634
146 553
89 198
277 349
414 501
113 251
637 242
142 351
428 395
601 53
140 145
617 396
340 177
393 464
545 41
282 25
222 369
695 63
362 643
230 138
683 594
54 575
204 643
680 153
622 160
277 132
628 613
499 224
316 64
410 142
125 330
427 700
275 43
413 586
512 305
660 376
569 577
455 405
67 614
156 489
79 99
562 24
188 533
586 324
698 59
205 526
68 68
619 639
53 17
522 602
246 470
427 367
60 604
625 646
442 261
668 506
514 323
98 614
175 240
538 470
102 598
625 674
44 355
121 645
499 435
666 671
503 640
414 414
612 456
522 437
52 11
273 200
331 551
261 413
618 469
570 659
308 398
74 651
695 47
154 113
515 174
202 88
90 24
254 561
544 223
351 678
606 463
480 589
312 346
502 257
44 161
480 445
631 314
381 687
541 97
488 371
300 97
366 586
594 507
224 55
563 522
159 511
424 528
671 676
426 465
37 358
119 360
565 575
604 50
363 306
42 601
145 596
70 634
107 483
654 627
297 349
232 248
237 7
336 604
648 40
445 159
630 174
406 499
341 116
626 426
413 520
694 419
19 553
482 697
424 568
511 213
36 195
402 458
121 342
190 603
90 87
391 123
531 229
87 13
329 18
156 290
337 286
445 275
340 254
563 585
100 292
237 167
341 442
620 628
18 324
670 83
134 354
476 184
526 149
73 318
630 50
549 61
7 151
665 550
413 483
306 17
355 221
235 46
569 114
285 126
252 641
251 26
475 404
607 386
414 445
588 672
94 32
45 299
434 353
257 202
344 84
660 511
372 178
412 518
28 203
670 485
139 567
293 329
503 656
546 497
337 571
598 398
168 450
13 230
567 579
446 237
86 510
293 664
496 408
61 151
378 236
170 385
333 61
485 432
190 427
145 224
652 311
225 334
143 238
478 593
303 175
286 5
343 10
23 378
439 119
438 601
598 251
124 117
668 624
378 6
381 684
429 147
59 562
164 140
265 89
416 299
343 496
649 658
163 328
541 327
613 575
87 615
667 176
367 347
157 315
450 585
539 368
533 627
613 591
529 309
374 112
427 137
143 205
405 178
259 107
131 86
600 358
386 164
423 280
494 515
641 434
123 562
251 617
189 496
114 395
554 179
573 447
646 589
621 151
617 203
30 316
387 402
683 395
636 337
549 649
370 218
185 669
674 604
614 661
403 301
670 294
689 378
321 413
361 330
8 537
575 615
416 562
368 690
259 411
558 227
13 512
320 45
381 325
501 185
158 34
264 558
522 368
193 677
122 539
98 554
663 386
630 337
609 321
36 175
354 664
248 522
374 30
247 535
627 19
65 649
113 423
390 305
381 190
688 600
122 114
296 292
31 10
193 337
18 260
175 100
520 317
599 374
231 698
89 118
681 16
420 596
609 601
65 305
289 181
288 359
391 551
288 139
375 660
207 147
158 280
512 82
671 247
607 651
232 194
18 404
331 506
10 680
648 119
212 143
114 376
500 365
581 416
480 602
567 7
399 181
653 446
580 291
422 418
587 169
425 634
135 184
344 108
130 31
654 599
264 434
347 241
141 211
299 659
627 414
483 311
189 168
354 154
687 423
3 209
145 369
648 327
430 610
588 661
639 439
677 421
548 252
467 234
181 586
607 89
373 308
85 155
463 629
403 475
241 579
111 537
76 433
5 482
17 437
447 349
66 292
10 387
691 493
45 262
663 233
150 371
413 444
501 304
188 582
648 238
332 517
202 554
557 293
488 674
617 313
416 304
68 272
342 48
306 133
563 155
677 559
95 239
528 216
202 437
4 294
521 379
376 69
406 533
574 443
238 512
31 675
512 298
597 566
286 56
137 121
594 461
56 490
350 655
373 514
667 58
545 273
298 548
659 419
536 304
155 328
484 405
153 508
672 483
64 210
373 10
493 335
90 322
390 202
483 492
262 480
339 117
667 302
504 522
316 635
515 284
308 421
537 26
63 588
635 699
247 667
67 9
407 148
95 305
621 359
369 8
612 86
575 269
518 676
493 659
327 283
611 152
594 570
391 667
239 288
331 496
216 284
393 221
73 148
570 504
658 44
507 73
556 384
208 496
465 156
322 81
172 517
29 140
107 121
172 115
58 194
577 197
387 284
183 344
116 109
90 26
448 287
64 455
460 244
365 173
196 268
605 183
673 494
489 55
281 246
325 144
153 389
141 675
314 299
87 3

======================JgeG27rhhM
OutData=
======================aRNJ3hdGt8
186

======================aRNJ3hdGt8
TimeLimit=
======================9mEyfHM3Gg
1.0s
======================9mEyfHM3Gg
MemoryLimit=
======================yQ5jbqm8RA
512.0M
======================yQ5jbqm8RA
InData=
======================TQ747ENeaQ
1000 777
264 384
804 312
999 1
211 899
40 238
319 974
30 326
604 60
500 314
973 752
816 336
125 342
1000 735
821 711
571 631
372 987
644 255
441 234
135 558
987 767
208 719
97 125
635 594
642 456
504 685
502 36
944 229
929 571
787 786
162 988
696 843
797 876
801 914
247 812
817 565
575 265
88 222
712 217
588 481
28 464
649 432
15 843
690 381
7 313
1 368
627 141
586 237
431 486
777 572
206 909
401 471
336 307
748 758
180 808
574 253
661 366
802 51
283 893
169 361
685 796
966 407
957 872
144 514
191 816
520 544
21 902
546 574
106 631
804 29
96 479
589 358
401 888
72 184
950 88
96 82
673 919
412 433
719 143
900 556
665 692
342 873
915 470
429 541
699 726
185 734
679 215
706 618
686 30
263 781
311 906
804 580
992 301
866 301
871 277
298 319
771 162
749 273
585 216
813 679
588 483
610 598
167 803
494 109
441 161
839 274
596 885
263 329
192 991
476 881
873 460
759 125
12 642
290 759
656 77
335 74
876 730
86 924
643 326
702 639
108 956
205 351
750 906
609 249
243 657
875 722
233 313
685 850
594 569
651 559
405 265
693 126
12 286
481 577
56 370
766 946
956 578
878 200
921 921
254 635
962 640
381 863
547 649
698 335
905 138
257 897
360 372
434 914
252 114
678 213
48 262
485 240
702 833
131 94
548 867
196 844
73 433
601 412
768 372
987 176
922 928
844 694
81 703
587 510
102 723
879 773
100 542
859 987
49 7
929 100
218 124
849 737
930 28
2 518
824 360
240 796
306 613
931 376
801 708
552 987
592 438
949 397
490 112
493 20
220 79
538 484
831 191
291 866
555 291
209 869
548 19
369 848
746 491
366 226
948 5
512 27
50 223
739 542
624 312
720 71
79 394
519 566
187 576
598 201
666 429
49 298
955 110
470 253
882 134
421 110
909 351
216 629
846 307
89 528
568 229
993 362
78 743
356 447
298 553
836 455
914 241
952 824
987 584
499 222
681 841
353 554
267 994
112 384
714 707
708 658
432 992
205 171
805 528
929 642
576 217
54 481
771 870
356 424
319 630
23 172
969 8
655 297
84 807
318 831
136 402
395 154
861 666
558 323
64 834
81 375
702 401
159 589
838 560
12 1000
697 254
288 49
42 762
430 942
483 657
916 18
315 812
718 866
520 24
642 434
157 764
918 275
63 236
939 759
427 224
83 32
489 38
980 563
338 475
219 836
371 25
563 842
92 771
850 159
726 256
166 538
371 617
504 116
260 921
277 175
897 165
450 159
662 595
411 280
551 169
474 55
269 105
128 814
528 43
961 271
698 712
818 209
201 906
868 567
355 45
153 787
147 814
1000 446
520 885
612 25
995 970
583 870
286 723
327 608
278 573
496 468
215 26
663 690
613 158
449 488
280 243
484 627
850 122
316 88
525 51
530 667
792 435
413 845
693 366
364 224
744 966
337 534
800 622
998 124
775 576
740 462
537 13
134 716
410 216
316 997
64 845
572 441
429 107
371 127
758 161
836 842
4 207
466 828
66 947
123 571
793 710
52 117
886 621
727 499
134 511
8 632
464 639
994 760
617 927
124 165
942 452
112 651
744 610
285 696
720 312
255 184
188 260
908 397
574 30
568 997
21 733
447 853
817 893
181 618
561 901
510 575
743 650
119 496
80 250
606 942
401 224
668 353
584 801
189 329
723 319
658 726
381 452
74 426
716 780
185 126
688 732
598 771
943 975
498 528
832 642
27 134
234 250
913 187
951 204
819 821
119 830
803 640
977 22
242 669
484 367
55 460
577 800
228 156
667 918
24 688
624 728
196 740
19 647
620 12
561 836
294 875
133 189
758 805
596 461
668 684
181 950
999 751
543 377
374 891
851 350
992 876
190 662
63 158
387 867
800 833
562 42
246 819
436 883
181 887
276 30
432 397
605 103
686 654
113 566
511 517
31 230
424 269
180 510
499 173
797 890
131 13
828 422
183 840
79 386
221 541
558 629
216 106
534 972
608 621
613 430
857 232
212 28
922 855
336 732
795 182
796 985
359 650
488 304
538 537
951 551
253 853
726 937
661 967
873 188
344 824
828 871
500 975
323 629
940 26
504 696
10 800
121 845
982 558
453 871
96 997
875 145
25 820
621 494
371 971
297 311
516 344
266 225
934 116
965 621
140 669
942 381
863 914
621 263
70 84
952 956
29 376
206 772
484 732
966 445
528 578
346 712
139 968
891 390
130 833
701 693
356 721
994 606
64 62
584 321
675 779
571 408
15 465
217 968
891 315
612 486
456 183
470 753
251 970
182 433
468 961
345 266
907 986
445 398
466 493
783 821
218 481
282 959
832 263
611 814
528 939
798 839
384 377
842 792
399 778
590 924
740 128
363 340
295 780
306 394
76 788
281 120
779 573
604 789
808 78
613 732
800 163
25 66
805 716
842 310
990 288
654 810
997 604
189 617
795 92
872 60
949 869
757 663
411 78
120 601
245 196
757 134
609 759
533 147
203 985
383 736
744 78
463 182
120 468
467 615
133 278
99 408
332 12
35 511
927 725
930 551
371 529
583 847
767 843
612 300
840 871
996 259
451 339
608 276
111 766
39 505
821 545
780 393
173 260
483 108
511 183
19 437
574 85
897 736
238 928
616 70
913 821
193 677
18 372
448 784
917 611
170 508
820 386
75 210
426 458
911 496
599 815
986 535
987 337
561 146
554 236
752 432
748 900
552 913
211 950
590 626
851 406
875 507
833 260
628 644
777 331
374 301
709 612
920 23
285 898
947 711
46 499
800 954
996 307
77 47
136 418
636 513
451 234
487 734
530 964
957 625
56 7
812 186
779 658
402 276
984 24
174 807
141 541
571 327
521 456
662 22
335 142
206 253
39 1000
995 911
150 25
599 138
721 469
489 657
736 505
577 889
680 923
475 733
236 737
800 726
457 883
35 310
622 639
523 30
837 5
810 389
619 133
897 26
72 399
859 681
269 477
17 276
553 380
444 33
564 948
599 423
415 15
396 348
399 169
771 668
367 243
558 98
64 831
583 795
925 504
682 344
68 116
838 917
210 738
293 964
695 273
635 690
225 403
951 864
276 578
223 686
628 825
309 568
28 903
76 54
416 499
168 413
819 558
367 684
352 746
818 357
734 354
645 475
838 127
839 468
479 706
335 75
717 354
249 349
125 13
710 296
199 482
997 688
17 44
565 529
45 776
422 777
282 530
807 5
541 74
218 503
527 799
656 435
113 14
526 516
888 426
201 726
806 326
795 421
880 372
934 964
585 950
1000 565
555 510
707 326
100 910
733 326
333 782
191 49
897 439
804 998
968 146
375 642
16 751
793 365
298 195
537 594
207 771
185 267
639 62
100 851
647 103
910 348
12 545
769 421
918 760
800 232
775 22
915 391
870 517
177 791
967 197
621 595
152 822
381 488
890 607
749 808
572 492
70 865
496 636
979 147
169 736
780 510
629 334
346 790
336 823
447 189
42 6
993 40
314 372

======================TQ747ENeaQ
OutData=
======================9hLJFYbY7F
262

======================9hLJFYbY7F
TimeLimit=
======================ntYATrE49n
1.0s
======================ntYATrE49n
MemoryLimit=
======================ajQLqR9hmd
512.0M
======================ajQLqR9hmd
InData=
======================Mgt75hLRmN
2000 1496
42 1036
1020 316
1926 1827
951 1598
1944 1089
1563 530
129 1946
396 898
1810 1648
1803 1656
1249 1591
1947 836
37 880
910 1187
184 48
1324 561
953 1087
1628 1998
1213 1646
1161 422
189 1760
140 1875
1637 691
538 1956
1342 264
512 549
1593 1685
1205 503
489 1153
208 1413
1042 1178
1384 772
1570 1000
826 1760
1755 628
919 1197
619 626
699 1848
1020 237
629 568
1335 1168
835 1803
900 391
1107 462
290 1531
935 84
1378 805
1555 1142
1741 760
1836 1577
1146 196
441 761
1002 1242
452 1633
1375 888
186 1572
1926 220
313 1258
1108 388
1618 219
1505 1751
1891 1655
594 1313
467 360
1904 1686
1134 94
804 411
1724 1970
194 845
1616 1478
1577 336
331 517
758 1580
1571 481
1109 397
1935 608
3 79
108 1210
444 1474
590 601
244 1197
976 749
1803 253
1169 1192
18 1647
1092 1357
743 1440
1319 1951
1933 1341
1622 28
1915 1868
807 1508
444 1761
1798 1050
153 1033
92 693
900 1308
67 1945
1466 292
1587 1226
1225 1632
862 473
264 1635
176 1176
1038 1845
1750 973
613 1279
1690 1421
1522 591
1885 1944
1249 1376
1982 1248
631 774
1516 463
1348 1168
116 1731
1668 115
1649 1117
1560 870
747 1252
190 309
1595 422
150 1029
839 354
1483 996
1257 1251
783 460
1842 1520
1436 356
1262 1539
1927 1441
1449 987
1181 1718
1880 212
629 1068
1539 312
1509 1081
220 1439
730 585
206 1172
1823 637
1654 101
1483 1639
1113 771
161 1990
242 192
1671 1409
1757 1584
1593 65
1904 1593
1045 1820
664 797
1984 634
869 724
1210 1791
83 1591
1522 1548
957 103
685 504
1267 1703
1503 1734
1186 1480
918 1418
1294 1041
1662 1680
819 1887
358 252
1118 708
1995 876
1151 617
1983 677
1347 1440
1988 1293
1682 374
997 1470
1164 1787
1746 617
1646 628
1940 457
1813 226
1973 1350
616 544
1945 1794
616 470
44 424
284 580
1917 1198
1235 1059
1727 1594
368 590
701 1132
915 946
753 1102
787 863
920 1830
1826 929
1582 1401
802 341
1620 384
1076 774
222 1074
620 1916
767 86
256 530
158 1108
1762 1380
445 1404
1551 853
289 1271
1341 1310
1671 1669
277 1728
118 1334
1148 249
916 1218
1649 488
1551 1556
57 388
109 323
1013 21
258 384
513 1904
681 1454
195 1564
804 727
1044 1768
1761 1878
639 1016
1911 1157
430 142
1379 1202
1511 35
1436 1447
720 1983
620 1433
1264 978
1012 1837
339 53
1278 1279
1800 726
1123 728
475 1425
1725 706
1766 1589
1816 1945
256 150
79 214
1793 1564
561 145
485 723
805 103
917 1251
1281 1247
1333 1121
1749 492
430 1641
1979 1176
1632 1876
1813 1615
353 1998
748 1790
1895 1034
1598 918
392 624
692 651
686 1593
1953 1917
305 632
1560 1112
1905 1956
825 815
1773 383
1804 679
345 1398
1825 1097
1076 1297
1665 1951
1425 1188
214 508
191 1147
1670 591
1870 172
1125 308
345 1797
428 182
349 644
1120 1297
90 1207
1774 761
1857 382
653 155
1891 1198
567 466
1597 713
59 35
274 740
1765 824
104 171
881 804
520 1563
1342 1656
379 1991
1215 489
1053 1990
1327 126
1883 1428
1032 491
33 1562
1420 1141
1882 1836
329 68
1330 92
14 1537
1916 989
1518 1827
958 230
1494 937
1663 541
1481 912
860 87
634 403
1660 1493
1652 695
699 1146
1886 1601
1673 1453
1323 1490
1586 1046
289 1876
1559 1087
1551 869
1384 771
1704 627
855 656
808 858
900 304
821 983
923 1934
425 1286
1720 313
491 1530
227 27
561 1864
1373 1137
691 957
1698 1634
900 1800
1014 1901
1613 1026
1736 778
927 242
1221 774
1558 477
594 1692
1711 565
1169 1243
1260 319
1060 235
1880 794
420 40
1120 1684
1992 1555
1500 1292
1570 408
1651 1162
1057 892
70 799
309 1118
649 1121
1002 304
1025 1013
1578 412
666 1802
1785 17
1351 1752
1863 952
606 1999
921 1569
1232 1197
554 781
1074 1828
453 608
31 775
1146 798
998 1312
537 939
1494 1715
1454 452
363 480
1026 222
863 1128
1683 1748
606 1490
103 560
697 528
1419 1522
1157 805
114 487
600 628
161 189
180 1729
1166 72
843 329
408 282
514 1035
949 359
1662 533
309 377
35 1567
1370 794
89 1939
274 746
169 135
246 373
1209 1020
1904 54
1006 1530
1496 1074
265 1713
1400 1794
770 973
1191 424
494 1111
306 1
638 1710
1874 1663
285 515
1377 1552
572 963
197 1668
1468 1095
1881 566
1847 751
1681 63
678 586
1544 1994
1225 269
792 1764
1946 1676
829 1925
735 268
258 129
494 327
1014 688
1917 1050
347 987
452 752
141 794
1705 1596
868 1924
1929 1222
688 1005
538 158
1331 830
646 1435
423 1669
1481 785
1624 451
584 1392
621 607
794 117
464 410
279 1881
1647 1453
751 623
755 1068
1552 1011
1854 1745
1555 1076
1981 96
1886 1655
1362 847
234 139
798 660
725 895
522 535
1305 1359
949 458
1403 1120
1657 1808
976 1792
1131 454
1642 1981
10 1275
1292 615
481 1972
1413 70
1926 344
554 1913
344 803
1947 1130
319 1656
1310 1690
160 1534
541 1658
391 483
323 1846
724 855
1243 1372
1586 513
1984 1245
58 304
690 251
1138 581
1456 1257
1649 169
1486 1809
1052 1490
397 151
1466 487
1640 1000
462 1909
946 1121
91 1638
373 1966
565 962
945 318
660 1522
91 1366
1555 921
1395 573
1469 355
267 416
333 888
1347 868
1488 323
1760 186
302 1587
499 130
33 805
1412 1310
1549 1683
942 405
1510 109
744 16
1936 1750
1244 1965
82 927
450 1048
1406 758
214 1578
505 1516
81 245
1623 1308
225 523
185 1546
1570 1609
1732 880
1453 1106
597 1083
1872 878
1403 350
361 1026
704 1101
310 207
952 1127
163 756
777 1496
1659 1665
1936 1586
1132 1262
1705 315
1836 1070
1189 1799
435 1760
1273 516
715 1041
334 724
297 762
141 919
130 1190
1096 719
25 1326
1453 323
1586 1202
764 1160
1461 897
847 1631
1211 1136
1636 911
1000 1327
1205 1914
1073 831
195 905
1001 104
243 1449
1212 1942
283 1666
894 1634
1497 134
1597 952
1555 384
373 196
170 60
46 136
1045 1894
738 1069
1311 411
1942 752
1722 352
612 1410
1631 1417
1597 1861
687 749
557 598
1579 1904
877 857
1897 559
590 218
1418 17
909 1959
600 510
946 577
1022 1155
649 1264
232 1252
1403 1108
1917 427
32 1006
1047 1742
1446 864
1953 566
1925 248
607 455
1975 751
1593 1037
1851 694
1597 433
411 1336
1077 416
1894 1698
433 761
1945 1994
1219 1881
110 1511
964 824
1201 14
588 881
360 1126
1977 142
1844 1710
1529 1634
1406 1517
1842 1343
1204 1743
1073 1533
562 1607
1274 1218
714 1457
1014 456
1899 333
1590 1940
1268 602
857 727
1502 1721
994 1232
299 1827
511 846
212 790
1847 1958
955 244
865 75
130 1875
1976 138
1664 1535
1771 544
1025 1497
1515 1131
1628 1405
1534 1808
864 880
323 586
805 955
1807 158
1533 415
304 180
1761 961
903 1127
1526 497
859 582
1208 548
727 663
1860 157
76 1341
729 959
570 1306
574 438
883 1248
941 1998
1565 28
593 1099
1923 583
921 1021
1607 365
9 1838
1637 936
1407 26
145 271
296 1934
672 1729
1521 743
1657 1892
237 888
1449 1350
1693 849
815 882
4 481
1251 244
1525 424
162 580
1773 854
967 121
964 1105
1740 1167
1101 930
788 63
1147 1919
1695 1229
33 1249
89 542
332 796
1 1972
1574 335
278 1672
1436 496
1147 1364
1850 1487
496 292
750 1751
1065 429
1243 670
1338 530
333 497
1263 1856
1738 697
1160 923
971 1646
1103 1509
1710 1491
828 1303
1011 1405
1260 683
486 814
1903 869
378 1428
410 16
467 399
1889 1230
1360 383
979 1475
1144 476
1316 891
290 894
1768 1883
1872 1921
1377 1085
817 1943
68 1553
1304 177
1218 574
1251 218
1467 563
1962 58
980 1038
1047 1706
1115 163
266 361
139 195
1153 1440
1279 1188
911 172
1122 575
38 398
540 1697
514 232
1834 824
1357 1063
355 1885
349 1431
1084 1690
1297 496
1349 529
198 1479
1877 394
865 1020
889 1010
1609 218
642 1006
1431 4
187 1057
1031 1234
1170 153
1907 55
271 1886
1163 527
31 1051
1626 1682
992 1594
1282 1684
396 1704
55 1457
1129 1443
420 1381
1159 178
1524 1257
1391 1756
189 1086
1652 1997
1423 733
165 1802
528 858
894 979
7 1606
1482 1626
432 189
979 1562
171 31
1980 672
1329 927
1568 283
211 1192
1762 139
1061 258
1234 1826
1603 1638
680 1598
934 1467
566 257
1392 1526
1025 389
1469 1905
386 1266
103 40
1559 1290
1254 1493
207 1514
404 1212
1192 289
1410 564
1682 866
1954 310
272 732
1158 188
628 834
819 379
1431 79
607 621
1466 1490
1107 1552
234 1934
1560 59
933 660
871 1141
732 644
1320 1795
483 369
1884 962
1372 1000
1060 819
1443 1951
643 1507
53 1474
867 797
520 785
239 1887
757 1269
1697 1730
1705 783
767 922
161 985
1736 1073
761 423
1270 758
1120 418
1753 386
688 1892
1262 742
1895 230
1069 566
1384 1302
1806 96
1929 592
255 977
1175 1623
482 1011
697 787
562 1815
1073 262
585 1072
608 1991
244 1443
1163 1571
892 155
1700 337
1835 981
116 1336
1195 612
1732 1056
309 1509
726 1668
53 1986
1413 801
1901 761
424 889
1322 782
25 764
1891 1343
1272 363
725 353
1283 1312
1775 1847
1997 216
897 917
1212 1681
1746 400
1333 616
693 361
1776 1077
1442 1700
1288 798
1569 413
472 715
1341 1889
1183 726
1363 1020
1567 971
1142 1571
1550 165
783 1154
1495 660
1419 794
970 1215
1054 237
2 793
1918 1665
326 1769
1294 1655
1166 629
1748 1219
1624 576
1215 1413
1589 646
523 1501
1253 1295
1983 1798
1999 308
914 120
1254 217
1716 1175
1177 99
846 1538
1790 423
1717 22
1740 1947
269 1517
232 1963
1599 715
716 141
151 1420
528 1509
2 539
1395 1884
699 1885
1900 121
419 1632
1956 1673
499 512
1567 76
588 422
285 1059
506 59
1957 1462
125 302
1247 1819
1763 1134
1299 1781
674 1670
989 311
24 1899
447 1950
131 1411
1527 1267
938 1761
421 1907
1372 1732
1526 1514
416 273
1975 277
553 693
1319 1444
995 763
278 528
703 6
48 554
1001 1799
1595 1963
1470 1317
158 1362
1726 140
656 354
236 697
292 318
745 108
1388 272
740 1591
720 1709
583 1715
1812 130
1604 1744
360 1316
1157 1670
64 1575
372 1612
1515 573
1170 643
1392 429
1540 217
1807 213
975 747
1897 610
423 1308
192 1508
1045 186
715 578
601 1590
120 808
318 1478
1149 422
187 1074
1791 1876
1221 640
9 1387
1961 1698
1150 1174
1006 1309
471 418
1787 480
733 999
69 17
1079 1866
84 1022
1641 1003
1239 1330
657 1234
1737 1768
166 1076
1845 214
1922 1482
1361 10
1489 1706
1733 1767
1060 579
480 1650
982 1871
1622 788
1263 789
1659 1102
405 119
582 974
501 1420
717 1049
1467 516
1270 390
1397 1893
1789 1223
798 915
1226 1904
1718 1986
1653 1707
493 281
1731 998
1568 1393
863 1935
569 309
930 1802
1486 1349
795 835
1591 1717
1160 1987
1218 903
1796 487
626 1202
1782 1865
1114 1466
722 1632
1040 51
991 1735
146 337
983 1307
1167 385
802 448
1527 305
610 1939
1199 422
1323 1967
1917 1265
1408 1042
261 679
1594 1338
301 1456
1628 487
527 679
878 1852
569 1055
1766 186
351 1157
428 379
1694 1725
1164 331
1609 942
1778 852
1781 1843
1460 1479
1966 1170
1922 1991
623 822
1218 1233
278 1860
177 710
1233 500
1452 748
1224 1178
861 1450
936 708
856 411
867 918
1468 1448
1801 107
863 1506
1109 1857
1740 588
1889 387
1223 958
1350 1402
1612 1174
1502 1317
1161 235
1068 1537
171 627
384 430
1353 518
208 547
427 1719
434 1956
480 1203
367 1022
688 684
738 1039
638 1888
274 1609
559 791
1600 1248
1996 856
1227 1234
421 531
400 1641
600 443
415 1864
845 1246
726 96
1211 720
1719 534
891 79
1321 979
1221 1136
668 585
1125 1713
409 1045
1283 1305
1785 1986
594 572
1561 380
526 715
1182 661
1071 629
1090 639
197 1621
847 405
286 124
108 554
913 1506
1401 1844
960 1684
925 765
1681 813
440 936
225 767
641 1977
749 1520
826 1417
1591 93
399 1005
1883 1803
862 698
399 874
1796 77
1171 26
35 891
154 1304
627 171
1567 1828
868 1580
685 828
540 1105
1716 734
1508 1501
605 200
1842 772
1344 1790
1853 615
1411 317
912 1222
232 410
1851 933
386 639
1843 654
1433 889
678 1866
1146 1938
1643 73
1894 241
1586 917
292 1713
1378 258
1437 2000
1360 1443
1607 340
361 1277
1763 1660
1641 1817
1455 716
1026 739
1301 944
605 1414
1414 1915
1112 289
911 1805
1089 1839
1074 800
1068 515
1980 518
1407 1106
793 1868
525 693
863 698
890 798
747 220
732 935
738 1530
1502 514
1247 393
336 1263
1553 373
1984 759
92 1834
1275 650
603 2000
638 256
661 1305
1329 846
1351 1297
230 726
704 15
1501 1287
1866 928
175 1408
1188 465
1500 1273
301 884
481 993
1219 929
1878 1407
1088 1537
198 133
1562 1649
1652 1462
121 835
1562 1958
1983 735
429 1725
88 1901
420 1695
449 1005
1835 163
1881 449
1639 1214
1563 1234
1102 1905
1667 725
1117 1185
321 275
1629 183
1237 533
1271 534
197 548
912 780
780 963
893 486
3 342
352 1142
710 1752
1899 747
1835 168
490 456
600 840
627 722
956 845
223 1223
368 1586
1547 746
473 1863
456 266
286 1597
1360 523
1636 234
1258 885
327 1215
1911 203
643 1170
758 360
1362 115
1862 1314
250 1324
1789 1171
905 583
1561 1143
499 1858
879 644
498 901
1250 1485
170 1728
818 1131
1014 38
1139 402
1416 248
1009 1764
1574 1783
548 1661
376 388
1277 893
1935 1976
1148 1856
1501 951
1839 1396
524 572
1677 1656
594 1294
1619 41
370 1782
847 1552
324 424
480 1618
1901 1574
868 1882
1098 65
1602 282
1525 1279
270 1580
1082 1290
1308 329
1534 1536
289 1073
988 945
518 553
877 1807
347 136
1220 1825
658 59
111 1962
1105 1498
1163 1017
1965 1703
1587 1841
910 761
503 800
485 1169
319 1282
92 609
1538 1151
1534 664
922 630
1296 1634
701 1189
1098 1835
53 936
247 177
1456 709
1851 1826
236 224
972 1202
1369 1496
877 1272
418 1154
533 732
503 1307
127 399
1601 126
1493 91
774 930
1912 602
48 21
86 1006
1918 1253
1993 427
1521 293
833 1099
1859 1928
1605 431
1473 1134
1193 1733
1393 129
723 1159
24 642
171 678
969 217
1253 854
180 1528
1471 194
622 1414
1883 1631
1333 1214
77 1744
1231 221
570 1082
1350 1631
1766 1723
862 1289
875 77
1984 534
1683 293
1624 164
1347 1186
1392 715
1280 1401
1635 296
1994 1573
249 677
856 515
598 1272
1673 1714
497 1021
795 254
62 529
1945 199
1439 1228
1808 577
436 1230
1633 703
315 674
998 360
907 1282
1772 471
91 424
987 1689
71 1105
896 672
1352 1270
1301 566
676 1139
559 472
699 1563
150 1201
1363 695
1826 988
1160 757
1964 1521
19 89
882 1461
1260 1266
822 249
873 309
1989 1598
1328 1981
217 1563
122 1684
1688 1766
1244 1740
1872 294
92 816
864 1764
1244 8
682 1909
961 420
1548 1893
702 1208
1002 959
89 59
1758 987
814 303
316 184
2000 1867
1885 1977
1774 118
1464 1956
1411 698
1183 1343

======================Mgt75hLRmN
OutData=
======================H7MFreHAbY
556

======================H7MFreHAbY
TimeLimit=
======================TDg8ADYhJJ
1.0s
======================TDg8ADYhJJ
MemoryLimit=
======================DbFAq2Yd2T
512.0M
======================DbFAq2Yd2T
InData=
======================B43BF64Yq8
2700 2611
899 2589
1457 213
2039 148
603 713
1238 2386
1883 1581
2156 2254
1402 2531
666 1402
824 2447
1528 217
1061 2019
761 1812
225 178
157 1340
310 419
534 1618
44 780
1438 1687
820 817
2425 1545
1353 2390
935 1695
935 865
1759 1321
1046 1084
2010 1631
1207 1427
2534 1254
1646 1148
910 1170
326 603
2370 558
1056 1000
1608 781
888 549
1506 2537
132 2572
2677 43
1452 3
710 2308
1845 2490
116 1182
1158 1760
1428 545
1279 1704
1488 681
1011 1473
1647 1717
1158 972
596 1091
2583 1838
1715 2085
1232 2420
1162 366
1520 1820
179 1899
1147 1330
917 2515
1358 973
1409 1150
938 2249
1783 266
2052 373
384 1398
1415 176
128 544
129 1239
840 615
393 223
2300 1361
528 1626
564 2253
343 1258
43 268
2055 2257
1537 1245
1093 1134
1474 1774
922 217
904 1577
2469 2557
1120 630
1269 727
319 551
477 225
45 208
905 447
1244 238
579 2637
362 2309
1496 2024
1556 34
1665 694
1162 956
1323 1327
2684 101
2103 1491
340 128
901 2700
577 2530
1563 2106
494 2450
244 2182
772 1433
1394 167
741 972
344 1383
330 1009
2358 1870
837 1293
2499 2281
740 387
836 1929
2539 2054
1708 850
2002 654
1072 403
1653 1869
1781 1119
2492 1003
1742 946
2634 1993
1351 922
1386 2634
2613 235
1585 1185
2392 81
642 2094
1835 2099
1015 1920
1234 705
948 879
167 2110
2625 556
722 1796
1812 277
1991 1145
2086 499
422 2284
1960 1831
1881 150
371 2051
1604 814
2156 1792
2664 1535
1857 268
2488 1178
412 1005
503 1907
104 811
2515 2473
356 1748
2666 2155
2570 1860
595 1868
1109 812
2455 1999
567 400
758 2225
2561 289
253 2675
84 1039
2172 275
2184 822
2009 1121
27 2142
2318 482
1466 1486
1292 2187
2121 1332
1454 1708
1934 1877
618 530
2015 1998
291 702
859 40
1974 704
2346 694
707 2169
1365 413
2215 1278
2675 1855
2018 2244
1185 2130
2085 2265
628 685
2458 1693
2225 818
392 1408
2451 2146
1583 2370
2548 2186
2350 1953
172 269
470 1934
1284 17
2440 2133
2481 2545
1738 1686
940 839
429 1858
2579 986
1117 1852
2311 1487
1292 1474
1350 1296
1569 2393
2560 755
1053 918
2308 30
2411 2007
2204 1903
1324 2142
755 1953
756 1339
2684 536
618 750
309 2059
1314 47
2083 449
272 237
1034 2348
1389 1131
1739 1629
1545 794
939 1039
1557 2226
32 963
703 137
2344 927
2681 1146
236 1013
983 1397
285 715
464 1788
38 2324
2403 871
373 821
275 1246
2433 1180
1953 1866
2504 1657
2120 2245
742 621
390 793
169 167
60 996
2424 1281
1876 952
1919 2230
666 1164
203 304
1077 442
1068 1862
599 426
582 819
1295 1051
57 1215
2681 2313
700 2672
1452 951
849 1403
41 2634
1913 1243
470 1395
2484 1461
1166 1136
270 236
151 2199
2230 2668
1143 2605
820 100
1866 2547
2394 2597
1370 1467
1816 1609
1275 2166
188 2105
2186 2252
99 1746
1516 1207
2573 115
2010 1436
1377 1371
1880 968
1339 1555
540 1604
1912 2138
2216 91
2501 329
2147 422
1437 1844
551 2249
2484 2201
679 715
836 337
1944 2077
2637 1852
64 1303
2395 621
2612 1711
822 1787
346 926
2186 1883
638 402
452 1123
1717 2501
1028 860
1291 1733
728 310
1642 2357
2071 2183
2676 2091
2343 1506
578 448
660 1459
1511 310
2664 267
708 1082
2300 230
1142 1170
43 2171
2320 2529
1421 2017
2293 1639
2058 1450
1244 2375
1853 163
731 291
2261 572
579 52
711 1202
1470 1097
1153 182
546 2433
222 2284
878 2645
1353 2092
737 1716
13 2291
159 950
2401 1552
1269 250
603 2697
1176 1084
1347 2077
913 767
758 1799
2014 1116
1603 511
1433 2433
1551 1844
1131 283
1841 2275
2554 995
1290 1821
284 160
1058 333
987 437
1701 272
2540 1209
935 490
1173 466
1782 1508
1562 15
1124 1407
30 216
585 2026
1706 1938
1418 1213
1023 2628
370 2474
2612 2106
833 1476
55 67
1426 181
2633 2108
399 990
1025 1619
2678 121
1616 2353
2073 2455
1293 1875
913 1403
55 776
167 1610
2380 2601
117 279
1243 1524
648 2603
686 323
865 219
520 538
1258 2144
1962 473
830 235
1872 1561
2108 1764
1317 154
1003 1285
1943 2079
1691 2624
2587 2532
2134 1870
2294 2670
948 2003
170 2590
1916 1260
1022 176
1922 2495
903 598
2294 912
724 2035
1706 1424
186 1624
1663 171
1973 2409
102 2680
1424 886
639 539
1887 481
98 1111
1646 349
968 2470
286 784
1373 1101
379 190
791 1356
1401 945
1223 153
991 503
2106 1671
244 2464
1573 605
2367 2479
859 2031
1649 2634
1790 2056
1139 638
1609 2507
86 2416
1273 2192
1511 1111
241 2461
219 1263
2546 1671
2261 2580
2030 1842
995 844
2546 1191
284 78
1716 1844
48 2522
688 1218
64 2263
226 669
2504 325
1961 2078
1862 2310
837 2180
1857 2469
1621 1607
545 1477
1424 2104
2088 934
62 669
2401 1875
2531 2652
2112 1900
1328 1775
2449 1210
468 1288
55 298
2394 1736
620 52
685 2348
212 80
258 1809
906 1722
2680 2117
1676 1704
612 2652
1806 158
676 815
544 1944
2640 1117
637 2054
665 785
2081 990
1746 1382
1803 2134
550 1636
570 1793
806 991
264 1848
2226 819
1142 49
2193 2035
1983 2034
428 706
384 1685
2686 826
2176 2600
652 1751
183 2519
450 1387
1353 1013
709 1340
1258 618
223 978
1680 2528
1502 1825
2460 265
1230 2509
1901 2513
1492 252
428 10
1562 2482
1640 490
2023 2426
1339 2058
1280 908
2432 1370
883 2675
2246 855
494 2179
2510 1176
1396 2398
1853 1068
1415 2660
1132 2317
2059 998
1700 609
2293 1537
173 143
360 112
1409 995
861 1825
461 1775
2205 191
1667 1909
1776 1617
1932 1378
2558 2443
1210 812
2074 525
2645 2033
1051 962
1128 66
127 1059
624 2092
2695 907
2498 1833
500 206
112 565
2405 1566
388 2339
2470 377
986 1719
994 2337
1115 1037
481 1437
1069 1464
25 2329
1565 2162
130 4
95 397
1370 1724
146 2266
129 419
1010 520
690 1726
678 1690
511 1823
693 1160
2018 860
1235 2492
1985 585
1806 1511
2189 339
537 1592
59 2077
1872 456
561 2048
2065 292
2662 1934
2052 2415
2149 580
1267 2094
535 2181
1880 2419
175 1467
1613 534
2458 445
1148 1811
2015 1954
1050 176
1819 735
844 1364
861 645
651 1133
2330 2508
961 2631
1565 822
2193 1976
1283 1218
560 1626
2667 996
1730 801
579 2355
475 1963
997 2475
2582 909
864 2047
1316 343
1428 641
1763 2445
2200 540
2080 1553
845 349
1945 2422
93 2641
728 2173
2612 741
2617 1277
1498 1547
1420 2430
2675 1413
1102 1459
1666 1090
1506 854
938 1963
1981 831
1258 2521
398 120
824 2092
2534 2470
753 14
598 818
1997 800
2296 1072
887 35
1271 1046
2284 495
1159 1152
1857 1007
1060 52
1499 1349
854 909
1289 1365
1993 1692
1526 537
820 2162
1888 2563
1501 1139
2025 965
519 442
1424 2613
601 913
387 952
114 2454
2304 1235
210 2161
1751 1903
1213 1506
888 1718
1083 1054
2345 1947
856 115
1344 2644
1648 835
353 1887
184 1988
2410 349
1543 2330
1284 2401
1800 447
70 818
495 1286
1277 1342
681 2669
2533 63
1556 2177
2032 1883
652 2471
1831 2156
313 2480
1272 1510
1272 1407
1490 1587
515 1193
2297 682
715 1871
960 890
2288 2620
2041 2670
869 1535
269 1563
92 650
2614 2365
1610 2596
2375 2288
301 1436
2332 124
1358 2338
2506 1763
671 376
2294 2610
172 2043
361 1153
1069 2650
1046 1620
2131 222
1038 662
1033 224
1415 2575
1843 2281
1135 2569
1561 253
2159 466
1864 1701
175 887
1370 812
1360 1679
1290 590
123 2034
1945 2276
1234 2124
276 627
19 703
2669 2509
651 1652
1659 2206
194 2637
2411 777
591 1390
2028 908
2478 2690
1609 1602
2548 1202
81 1779
1146 723
543 794
2672 217
1291 2176
1091 1673
2044 127
2473 1409
2237 302
2630 1485
1845 957
1120 1889
59 1012
1972 357
1086 524
1508 495
503 65
2082 1650
2601 2060
387 1677
1825 1500
1327 1745
1954 2482
2361 1686
1796 865
1446 1395
2149 2001
1942 609
2270 2663
866 849
2390 884
975 564
1186 2389
2061 660
741 989
377 2575
526 1337
1354 1321
877 444
2247 2699
625 815
165 288
938 548
225 1876
503 1942
1244 1025
1877 982
1564 2483
540 1773
1594 1665
1377 1628
396 2529
862 1453
1055 998
1478 1089
649 2265
1769 961
1445 142
35 1569
946 1247
557 2606
1151 51
1636 2525
107 1988
25 1628
2331 2439
2394 1188
2542 1991
266 1058
2328 1913
2180 2179
1948 574
1951 1421
2244 2328
989 1020
1078 97
1030 946
547 965
2042 2439
1826 1064
1268 1277
204 37
794 846
1583 388
947 637
1796 2618
106 2504
1438 206
1910 816
1298 1341
2280 482
1429 1162
1813 1897
1802 173
2155 752
2461 1700
1628 1350
658 2284
241 1564
877 2035
1166 397
337 1016
1658 1024
1745 2067
448 1825
2542 770
115 2204
589 1476
1673 357
939 370
1744 1829
1731 2218
1506 2567
1783 691
942 684
1354 2135
392 2118
1394 1894
272 2684
1424 2206
2555 1293
1455 1366
481 1893
231 2012
2128 534
1892 224
2560 1589
621 2537
496 1935
1474 690
2455 639
2135 2193
2665 1986
2540 1363
2171 650
1320 2509
2544 2254
796 1042
1488 1043
1112 196
1175 1939
2389 1770
1675 2016
1243 1768
1794 2259
1069 1568
2088 961
1964 1080
1893 1717
641 919
2252 1175
856 997
273 2474
761 219
2329 919
1370 2341
1540 119
1124 1598
321 2191
538 28
293 881
667 501
2663 1297
531 2049
1782 1183
2545 473
2418 1518
597 342
556 909
2079 776
1323 671
1274 764
2038 542
667 365
2100 2638
911 749
1075 700
845 1333
1522 1019
2113 2381
1686 474
982 795
527 2456
1757 916
2588 999
1591 1133
1720 2127
1481 1993
31 711
2685 1630
710 658
474 2104
1478 939
922 1830
1181 1378
317 1385
983 1951
1564 2034
1027 2060
851 1418
622 484
1395 329
482 932
1041 385
2420 22
1218 1651
351 671
68 209
893 405
1603 744
1366 875
2071 210
1411 648
1592 1832
1129 639
14 239
1099 1960
513 1724
1367 744
1125 251
404 101
269 478
1378 2486
1259 300
197 2191
1484 1845
2182 1465
1671 1429
178 2611
2111 2448
2468 402
2393 646
1548 2065
1783 1973
4 821
1225 64
544 1438
740 1182
2610 1979
44 2697
2469 2225
1248 411
356 2253
949 2301
1813 2140
171 822
403 24
2066 151
1075 565
155 1204
1929 796
618 2423
26 1057
92 1530
1094 2490
197 1962
244 1959
1523 288
798 2477
139 810
662 1364
812 1570
52 1373
755 1392
1183 2414
2548 2467
2185 576
1768 467
1517 294
66 1702
1674 2126
552 52
750 180
2513 678
519 970
1568 878
2380 1418
2298 1343
2699 2325
684 2121
2509 2241
2207 2160
2297 1932
1807 1432
839 1153
2185 548
2389 1011
885 1346
2081 2287
261 1058
1512 2136
604 414
759 1440
1386 709
270 1194
194 1826
1836 1546
2474 2673
1439 1394
866 1765
516 791
1346 2072
1277 1791
1339 1672
1279 1559
1107 1558
2070 1776
1191 720
2496 238
975 1866
816 264
1902 176
1483 549
1564 1883
2298 733
2678 1310
1880 21
910 2333
660 1030
1875 1161
339 2345
308 204
1526 1551
1941 2054
2064 1471
2276 2139
985 1846
1599 1445
959 1716
519 314
79 2095
1224 2332
430 1199
2123 1838
2125 1998
1708 75
728 1620
402 482
64 1536
60 1637
706 474
2647 2094
959 693
2495 2468
1832 2128
230 1982
2404 2064
2658 2494
1609 2000
39 807
138 1847
80 1363
1051 2232
214 1539
807 1888
513 1149
1542 1675
1995 393
1676 1834
1319 1380
2596 2141
2340 538
2168 132
1754 2678
1916 875
1651 2061
1088 1844
2195 1067
2693 1960
1903 112
626 1474
2282 558
258 381
1946 882
1701 806
2184 650
2553 689
602 559
2676 2657
77 1165
1247 306
555 2423
1906 2498
2099 1287
510 1309
1395 1332
964 1405
374 1698
2407 1115
2069 520
2070 176
1164 65
1055 2261
1243 1375
321 1391
2499 2
2513 514
770 28
2039 1804
2308 254
1927 266
1104 26
1580 662
1861 2624
1544 2503
624 1478
1813 1319
35 2320
2099 2307
1549 2360
1176 1643
1338 547
2616 1602
808 681
122 995
2198 1202
2099 54
2118 1039
246 1130
581 2209
2344 1568
814 2676
2269 1214
2463 2020
2001 2672
1355 1712
1800 1040
1397 1545
1564 1555
1536 736
249 2197
550 1708
512 178
729 994
2171 1809
1313 1067
2052 348
2560 1307
557 126
820 1685
2291 1239
483 1233
1382 1261
1300 221
1283 967
1551 1681
1072 2046
2243 1512
736 794
1930 1035
2064 3
2033 1814
921 1728
71 925
864 247
787 2223
971 1768
1580 350
1947 1867
555 2470
2305 441
1404 202
1730 273
1582 2376
263 880
1568 436
1352 534
1351 2355
528 536
879 2149
400 457
319 2119
381 7
835 2532
1498 1531
283 326
12 848
510 2492
1591 616
1305 1272
686 2372
1854 2000
409 1597
1654 1729
1045 2656
1588 762
1974 2097
2602 203
534 1825
499 2136
1899 2113
356 2523
1786 1341
956 1047
2082 912
1964 201
2230 2448
1881 2661
2612 2055
1523 947
1986 685
1235 644
1742 2696
1896 720
306 681
1737 1852
2079 1997
409 2086
1774 598
2050 1018
979 1472
1582 1549
103 993
2538 2365
1525 1810
29 1179
1499 2594
46 1253
1965 1752
2481 1813
1770 2136
1070 1182
2273 2020
743 2291
846 1396
1314 323
2053 624
1420 814
562 1063
358 1281
177 462
2568 869
1097 1295
1415 733
856 1119
693 1356
561 2589
1485 1829
2313 615
985 143
1183 1363
2385 545
2390 1871
141 1860
1625 1118
2428 1999
1354 236
1747 2427
1450 1368
2564 1411
1944 218
687 1221
2333 1833
17 1318
574 2228
505 2527
2057 337
1836 463
1886 316
287 127
789 2696
1622 1510
513 1109
1151 1195
1646 1027
907 811
724 2505
12 1209
1498 2038
872 1823
772 2227
2036 977
370 2084
2334 2642
2392 1957
762 105
1919 2381
2652 1398
1569 1654
422 371
542 1831
2303 1929
1868 1158
770 1847
286 2210
162 1118
977 335
1931 1475
337 788
2390 1924
1812 2146
2539 135
1123 375
390 1982
2055 2387
1901 1050
953 131
532 2238
839 2475
1688 2048
2321 881
1935 479
2394 126
1320 2614
2469 1005
1415 1082
662 2526
220 759
129 1298
1705 305
1447 542
372 921
2478 10
571 972
675 2389
2445 1308
1876 1834
2546 2164
28 1701
1678 1128
185 566
102 1384
149 521
174 1610
729 845
1852 252
1617 117
2293 2205
109 1739
1596 2241
1294 1851
344 79
97 1839
600 267
859 2141
117 368
830 293
1097 365
1786 1810
2324 2228
1469 2143
2679 950
1636 1322
2347 1800
149 1480
2188 1192
2323 2644
1930 906
1093 1280
1964 924
1677 1683
259 1016
680 1472
2009 2595
897 1562
1523 2428
1935 1776
710 2692
1484 632
2025 1477
2167 1394
929 1009
2326 2347
939 2637
918 2427
2224 1584
1336 172
1208 249
1025 137
2595 1248
2224 1610
2307 706
1196 151
635 1652
1784 2420
671 400
1133 527
920 1005
608 794
735 1976
2030 2249
1699 1404
2558 1202
2646 2423
2374 16
2062 1362
1868 339
1024 2369
2635 2685
783 1094
2399 2660
294 1298
1787 2286
889 1084
2055 1124
1615 1151
123 1560
780 2266
2218 240
644 2082
629 605
319 1785
1724 2396
1969 125
1695 799
629 2612
918 1149
2536 1285
1415 1826
2589 444
918 141
1892 2676
2389 190
265 1507
905 351
97 2694
1313 986
860 35
918 1401
2114 37
2679 2272
2644 2048
2223 820
1334 1390
1800 500
87 1959
2363 1547
279 294
2468 312
1684 1655
105 1262
1442 1945
471 582
1274 1596
25 404
19 2541
2629 515
2046 828
87 1325
461 1280
1846 2487
1473 1820
213 1600
2050 2209
2253 1881
149 1150
2578 252
969 1841
2482 1562
829 2658
440 1224
1018 1815
1483 301
1168 1550
2366 1208
499 1367
2579 2263
2033 2464
1981 2025
1525 2200
1173 972
2633 2341
618 2621
2327 2280
1637 1990
797 1042
1249 2231
658 1257
845 464
1031 1804
731 948
1130 322
1262 2144
1526 1287
182 558
825 720
1091 279
121 1536
24 1474
527 824
2305 1416
315 1991
1138 1688
2587 2119
2020 1585
2184 1026
464 38
2001 1259
2451 2034
1541 1779
745 1250
1385 950
270 1995
2468 93
1276 922
41 1282
1759 206
2327 502
555 494
1690 2540
1437 888
1174 2532
598 331
981 1747
652 1949
2698 2549
1550 311
50 886
2633 445
956 1865
643 2030
481 619
2520 2343
2563 713
1076 438
448 1572
483 1115
1435 1767
1864 1919
1993 1943
1637 527
1266 762
1648 2588
567 2333
570 602
778 2326
800 577
774 1754
1600 920
631 1072
1730 1141
1097 2104
70 530
1400 2380
321 2342
669 1395
1970 863
2459 556
163 2545
504 2524
208 320
72 28
2208 1004
519 106
272 1207
1522 919
2281 2677
341 1465
1945 1909
1301 2346
1974 527
959 1018
429 2383
1490 1735
293 549
1856 2152
1136 2389
82 2667
2052 2027
1748 1843
2225 2079
1605 2042
478 1194
1678 2399
503 2331
1827 2047
1926 249
833 6
421 1398
1010 327
265 402
1758 2245
750 911
342 2139
397 1350
1187 511
1188 286
1030 924
498 891
1694 2587
1219 1572
601 1009
114 17
1262 2142
1137 2491
1461 1135
446 66
1050 309
2344 230
385 1014
2445 1198
1061 2231
1834 2138
1835 1116
2231 60
585 1509
2140 1707
789 2035
2315 2349
12 808
1281 277
1974 1416
908 1513
2146 149
1273 2047
1066 2522
933 2356
1429 1794
2676 994
1250 753
1002 716
368 1740
1841 1223
81 173
2269 220
1966 104
854 730
2646 1479
1341 417
1498 1236
718 1362
1218 1524
2628 98
2048 2606
2568 1774
1178 1839
1447 2276
2261 1973
248 1320
51 2083
450 1788
1194 1216
2608 411
2479 2585
1296 376
579 1420
2363 781
315 1888
768 1267
2306 953
909 1086
1391 47
2080 1402
1767 1463
831 498
2650 2381
2597 1741
357 876
1838 1343
1593 2290
825 2325
1209 561
560 18
831 1681
503 1920
79 95
580 872
2446 2014
857 1842
369 432
11 2613
1966 1541
2 68
683 1377
1480 383
1224 887
363 371
2081 437
2563 1024
1944 1508
664 895
1725 1288
1301 2460
260 1087
693 2115
1747 160
167 1765
2606 1779
2695 2155
731 1120
1703 32
633 1515
2453 2628
2024 567
776 1375
1587 2144
2269 414
2630 2502
838 1610
2234 28
1520 1093
149 186
728 618
1989 2061
2015 2216
1034 476
830 704
2185 2654
2591 751
2005 2448
199 2191
798 512
1404 1960
2589 1823
171 652
1914 1578
776 1613
691 2511
1165 720
2289 1257
371 1283
1530 2344
155 1597
2656 268
556 2198
650 2452
1920 897
588 634
1495 2405
1796 297
2060 255
914 1834
2342 675
1434 2624
1661 499
2098 211
1106 1925
2255 1951
778 2395
2234 2541
1099 1132
1229 1468
1281 1453
1557 163
1601 2063
956 2455
14 1443
1730 364
27 384
2682 1554
2062 635
503 1416
1379 953
2240 2347
2096 282
2030 2692
1704 1142
1234 745
1872 1652
2595 2658
1199 2328
1260 2507
304 2238
785 1462
1214 2574
859 1094
2294 2262
1460 1875
873 2373
1709 409
783 2429
973 2674
176 2342
1969 2123
873 497
1004 741
1599 1579
1277 682
2361 1465
2214 1249
353 1456
208 25
211 2187
1964 2543
2170 1545
797 2089
2018 2422
604 1291
354 1951
601 457
2454 1232
452 1137
798 2445
196 2039
2629 179
1715 832
718 2592
1620 1217
1531 2419
2334 280
202 1288
1459 2055
812 1361
2572 1794
2102 2304
1319 2523
171 461
1355 714
1709 2540
1538 419
544 2505
1082 202
2616 2496
488 2082
1075 2422
2539 1556
69 349
253 2466
725 143
1868 998
1287 500
1004 109
2226 2544
1097 857
1594 168
1500 504
1667 946
564 1662
1122 2479
1248 2510
2337 1086
10 1381
929 200
14 1911
250 189
729 2144
1629 161
152 1479
2102 1475
1781 927
1405 798
1744 1810
729 214
943 463
280 2085
837 2627
1545 345
2533 1291
127 1410
1983 902
1195 2094
905 549
627 2538
343 532
693 2244
1488 141
1295 2281
2549 1309
1112 1628
1373 194
74 1503
2008 1075
1313 1093
2578 807
1857 994
1238 1123
328 562
902 1847
464 586
597 2320
1941 1740
257 2679
2457 4
1269 1151
1748 687
2064 1582
1534 1825
424 2537
1488 2528
1199 333
288 625
62 659
299 2519
818 1370
2341 147
2658 10
2331 360
2135 595
1256 1343
955 1203
2145 2468
593 857
1884 1244
518 2022
1197 1214
2219 2608
92 710
1116 94
821 63
454 2156
2022 880
1868 1894
279 795
122 1402
577 1960
2105 420
382 1395
1993 1497
2012 2143
5 1979
695 666
1980 2567
545 1399
1788 523
1045 1880
2002 1159
1999 89
472 760
2550 2329
406 1803
2214 1719
1015 1506
1468 139
135 480
1401 1118
1980 390
1304 1728
2322 1820
1055 819
903 2636
1342 1185
2549 397
2626 1239
328 2033
2428 1722
455 1291
388 530
1040 1448
1797 1036
292 1556
2459 2453
913 2396
646 150
1233 797
216 1415
2418 1905
1127 2621
11 429
2548 2001
490 497
61 1519
626 757
1694 1512
1545 305
1722 2545
1405 739
1041 2558
936 655
1239 1195
2035 421
2121 495
2507 1699
1263 623
2109 1857
545 215
271 549
2336 203
2545 655
1253 797
809 1523
1290 2518
2683 2439
1553 2375
881 752
1811 2633
483 434
1142 2663
1765 667
649 2000
467 923
1663 1798
1411 2074
2087 2603
1809 2574
1455 983
231 519
2545 97
1663 296
2047 1902
2607 2028
1456 1528
2033 2008
1980 1176
1647 1592
488 582
1416 1243
1880 996
558 2687
802 2085
2070 1481
2043 1350
290 1288
830 1506
417 945
2315 2
1893 1785
1287 1381
500 1221
1908 390
2312 520
2055 2198
1925 75
1308 1709
93 1076
2534 1279
1224 1379
496 1910
2585 410
1985 1927
1212 2695
458 2308
414 1832
455 758
644 2513
877 2604
1285 2531
45 527
709 2355
2244 2427
692 2427
1330 1168
2381 1803
2035 2472
1690 1547
1470 1295
2062 1769
231 1713
1107 759
978 980
226 1737
2294 2646
96 1401
208 2119
1046 488
2427 495
2032 2636
2425 2346
313 253
462 2135
2173 841
38 2519
2204 1692
1345 505
2260 2381
2225 558
1152 868
2307 2346
658 1333
2128 2180
1694 2562
1292 2108
1443 1902
2166 2545
1017 793
116 396
926 359
1145 255
672 264
970 142
2692 2391
1669 2191
87 1005
2158 637
1639 531
1044 1048
2058 215
704 924
1163 1587
1937 2140
168 929
294 830
207 164
259 52
461 491
270 1783
201 2430
1698 1041
1320 1873
2330 2023
2093 2149
1027 988
571 1819
319 2341
2108 702
2530 361
2391 685
1073 1221
135 2404
323 930
1550 1273
192 227
1567 2613
1178 1202
2162 2391
2564 2646
229 1440
854 1608
1796 2287
822 893
1014 1219
1879 2068
2516 982
2491 1330
1616 1664
1964 2660
1716 1142
1125 827
2328 1560
1693 2193
975 2372
2276 1700
107 1249
599 1010
444 638
1511 829
531 1077
1193 1985
101 2587
1922 622
418 831
2072 793
249 205
1572 382
645 930
1251 1890
545 181
2357 1324
2271 2589
1394 2461
1148 2375
2278 895
836 1713
1400 1645
2558 2583
628 1213
1053 221
2129 421
165 1880
814 1433
1786 2233
704 1151
1333 461
190 571
804 1139
2068 540
1701 1151
732 730
2238 51
31 1558
2673 438
2244 1699
629 1086
474 447
2636 1476
1265 438
699 2222
1037 253
867 1797
108 135
700 2349
771 613
139 1333
967 1635
762 1430
2087 526
254 639
112 1798
1461 2271
2381 1665
924 653
2204 1599
1229 1603
725 1561
2286 557
2307 716
1468 1801
2229 99
1327 932
1709 1580
2650 1704
772 2031
1413 282
632 496
133 1662
861 1479
661 47
2455 365
2176 2693
1743 68
648 2596
2292 1462
734 714
2271 1258
1785 2028
1397 1105
1174 1281
1816 427
639 2512
2612 57
1773 1108
946 459
2606 2120
2344 262
2037 14
1632 10
323 1584
38 1564
2024 480
104 2430
529 278
1063 2629
1265 1358
731 773
2629 1721
1373 888
590 875
2432 1090
2031 1302
412 1336
1523 132
1465 2525
1120 2564
148 2192
813 1500
2541 2288
2364 258
457 638
834 1604
759 23
2206 334
585 1453
321 2271
1750 1321
2485 1759
1624 1954
2228 2438
1482 76
2380 1416
978 496
2416 1344
2675 2535
1112 501
877 1099
2220 989
1232 1914
1567 2279
1427 52
2637 984
2312 2066
1241 140
1311 913
64 2129
359 1844
1255 1029
473 457
2275 2299
2225 1646
950 2281
2559 2046
1370 1680
1989 1299
1699 69
2472 1469
2081 2494
417 1427
2561 324
1810 394
2590 2501
346 1316
2254 1319
490 556
74 307
1309 2697
2493 2695
1128 1067
822 381
188 2238
1034 66
21 262
2446 2007
936 1195
680 34
2168 1118
330 1241
2398 1302
1037 981
401 1725
981 704
1217 1833
309 2250
1166 1889
1897 2189
1579 737
1103 468
2630 1544
382 858
1643 1414
1815 1821
87 1862
16 1028
99 709
144 2104
949 1139
500 1407
991 1814
307 1600
1567 283
837 1112
1574 488
1120 243
957 1242
1448 1434
2305 945
753 1567
901 369
929 538
1327 113
2588 329
166 1266
2191 1796
1581 1638
2526 1420
2568 1625
667 464
1865 658
308 1889
774 1277
1977 879
2424 1149
794 933
2566 209
545 1476
2581 1368
2660 2206
1654 555
709 445
648 1721
2648 1773
2649 1244
198 1620
2442 2338
1252 1542
841 1266
741 627
905 2578
2182 2254
1871 812
815 392
1966 721
2045 437
1821 1085
806 2337
1525 1742
1012 880
1843 2190
1183 1585
1249 659
132 1884
1759 2156
12 1476
687 324
1978 1289
473 1871
2552 2700
73 503
1914 317
923 2410
1022 437
527 1343
809 1972
1110 1277
141 1729
1777 1652
1371 757
573 477
779 1985
1409 980
2133 2465
2619 1704
1076 28
1479 1709
2448 1695
2425 607
765 1826
2229 1010
2274 88
2371 227
1047 670
2472 2456
516 1845
1685 595
1358 2541
1255 1280
686 1442
327 1166
985 1029
1883 1629
575 2270
1912 2464
564 1569
423 1999
2319 2336
667 2536
40 191
1836 1981
2493 1070
832 2217
979 1656
922 1405
1561 2574
2406 1562
1962 1499
2658 730
2417 1756
516 2469
1654 1343
2424 345
948 387
371 1425
608 1935
419 586
1609 2083
515 142
1338 505
503 1108
2369 1682
39 416
1118 1154
1758 2428
86 656
2677 49
1448 665
2298 2691
131 2477
1656 2622
1524 714
1076 686
1435 2
695 706
2690 676
1221 2520
350 1379
1419 2604
781 446
1178 1844
1041 1609
1681 303
861 958
1509 32
2081 2570
1833 2336
2542 2693
435 798
1043 2553
384 2602
932 1402
1082 2043
237 794
2015 2498
2443 57
1660 1185
1055 857
1881 1640
2106 1580
78 557
95 993
176 1507
1028 247
846 1240
135 1122
1125 868
499 46
2553 340
2133 2035
2075 369
993 1365
44 2629
461 78
978 2670
1107 1662
907 737
186 2230
406 70
2653 2363
2374 1921
2575 488
23 1119
918 1726
2617 2396
1161 2660
760 2065
2683 274
2559 1743
1945 1824
143 2666
1806 891
2538 672
1639 1451
978 1013
2240 107
1834 1823
222 377
2597 971
1264 1246
2575 1874
2079 1212
1723 259
1199 1480
1148 2341
948 1974
2655 1099
732 1784
2422 1371
174 496
2320 291
946 2649
840 2369
1710 1661
2263 401
2227 2659
539 1194
162 1040
1127 2308
1116 1747
420 461
741 1656
1418 2598
2213 2436
305 79
2019 1179
2154 226
1581 2136
1405 1137
2207 1123
1919 762
25 2554
1376 2239
1637 540
720 937
857 1523
1872 1027
2492 270
168 212
544 505
2121 802
1864 666
2452 826
2677 273
21 1660
287 2356
1358 1379
2547 2201
2082 2693
168 229
656 254
1808 833
1091 2435
273 1061
1551 702
589 1353
1104 370
1669 2360
1347 2621
1021 1855
1114 1194
1566 419
138 1505
1379 951
1790 1418
2193 1466

======================B43BF64Yq8
OutData=
======================6hdF5hqQjg
481

======================6hdF5hqQjg
TimeLimit=
======================4bLnF8Q58F
1.0s
======================4bLnF8Q58F
MemoryLimit=
======================aYqhGFbJQJ
512.0M
======================aYqhGFbJQJ
InData=
======================FT9bFdNm65
2999 2998
1993 1231
2433 2083
2397 393
1349 2716
803 2624
793 374
251 395
29 1079
764 1849
1819 2989
2418 2969
1904 1899
2128 36
2189 159
1997 643
772 197
2684 2969
216 1131
574 593
1594 828
850 2187
2259 1172
1359 102
1548 2297
2621 2557
1827 352
2788 1200
1619 516
1664 437
1091 170
1274 498
1011 1836
2908 2432
21 2806
1465 2042
278 2657
2890 808
807 500
2500 1424
1734 1712
753 547
196 828
1288 1219
1676 124
2537 1948
1245 54
2596 2065
1540 1539
2896 312
1552 2688
2130 1987
2996 1758
81 2140
1788 2914
2464 344
1346 1850
1292 2069
2256 2503
442 2873
1796 2783
1192 2415
1822 2775
1330 1568
2186 365
2653 2591
884 1775
1878 5
267 709
1958 2567
1039 963
489 1079
2299 328
1047 1716
410 2631
729 1961
727 2123
2349 1658
2217 867
498 2533
2146 420
148 372
2414 866
1931 1607
118 2146
2680 2001
327 353
1004 2026
148 596
520 1347
1429 1446
1384 2952
352 1698
45 769
1621 325
1503 1170
831 181
464 787
1033 2837
1315 690
380 946
408 1450
362 2931
488 1060
1607 2755
802 1485
2188 1156
499 1902
2664 1764
1824 2525
2563 156
200 2086
135 2904
1662 110
2399 2544
2694 1510
677 1064
1219 1805
2441 1490
497 538
2698 164
422 583
463 264
2488 2790
995 1256
2630 2117
2519 336
2491 266
2075 1341
1027 2618
645 1911
2533 2416
1880 1425
1228 2719
250 2355
761 708
1762 1770
620 1621
383 216
892 1145
124 1027
948 1976
2993 321
1677 1051
718 292
2616 2146
1884 438
816 278
2006 1392
1662 2494
1279 412
27 2095
231 826
1596 2059
2502 571
1566 2036
574 1224
208 2101
100 2289
2504 558
1452 234
1362 1380
2668 601
1945 2865
1933 2103
1945 767
2807 76
1030 1798
1907 458
2410 2441
2921 2188
77 288
250 752
2919 1154
2042 1810
1288 2495
91 2813
1105 1273
122 1264
1283 723
1332 1397
999 671
718 1685
77 928
703 680
2921 2167
742 1040
2043 2822
1632 1421
2030 1942
2751 2559
2128 1386
2000 1657
936 640
170 1854
2580 1303
2214 2372
2315 2598
2292 87
2792 1976
2849 1516
1633 2125
1315 908
2944 1972
2810 1437
2127 1947
57 2498
1807 659
960 2139
1659 533
221 1125
2007 1466
1580 2468
2229 2358
1488 402
696 2893
2600 1847
867 113
2792 2561
936 1027
497 2039
2225 2074
231 2156
930 1266
2576 1267
691 1066
2497 2547
2938 658
1352 2822
1364 2702
1079 2682
1291 2934
906 1314
1458 1601
2101 994
1390 103
989 375
384 175
1531 231
1965 1505
664 1355
761 2347
2656 1127
2429 2794
2150 771
1303 1557
1648 755
608 2903
1193 671
571 1606
2748 910
138 1242
165 806
722 1514
2639 1396
1845 1151
1023 1052
148 1421
1008 39
1473 1697
1416 3
407 2871
533 2644
2268 1237
320 486
407 670
12 2932
1500 728
889 2937
186 2821
2553 387
66 84
2567 1582
2576 2526
1735 1696
2497 509
951 2878
1363 2658
1791 2814
955 2371
443 1867
282 970
607 18
2438 2068
752 2658
1482 2555
2025 2808
2348 233
1683 1937
2262 834
147 1414
2399 1619
464 2344
1533 965
471 1495
2444 2261
1356 1296
653 342
1126 1800
2601 2732
542 2163
2654 1748
388 205
538 794
1606 149
523 273
404 289
1050 1171
981 2499
2725 1351
2253 88
2758 2712
1596 1203
574 2402
2172 2532
1069 10
2204 2737
1192 2292
1568 2433
2429 2753
2113 2443
1453 350
2470 1122
2388 2913
1380 2387
2086 2573
1291 596
1871 928
1095 945
2462 2055
650 747
2442 2461
1994 725
1215 1904
635 209
2463 63
2643 838
1583 1278
214 2597
250 1671
2494 2882
397 1419
795 1449
779 2252
286 1543
2819 814
1094 2238
1224 128
226 2582
2924 48
2123 2832
220 985
1454 2739
540 1144
2291 880
69 1428
2117 2909
1241 2429
613 2646
1603 2602
2267 393
747 321
1779 269
2125 2973
2342 2927
1347 339
164 2562
2827 1734
903 849
1577 856
2160 2453
728 1823
1177 2544
2645 320
198 822
1666 1213
2687 2078
1500 790
2903 1057
2350 1843
2807 2230
2351 76
822 1970
2489 2131
1297 8
2102 714
2967 90
1231 1839
2930 2140
2420 1329
2274 1038
2908 439
1975 1410
1342 1885
2219 514
2144 47
862 817
1871 53
2103 211
2731 1192
2669 864
1561 2467
2821 869
1571 1895
1978 1866
605 365
1166 2334
1421 447
799 2755
2233 2406
2861 1888
2356 1201
1362 666
1644 1679
125 1126
975 565
812 2090
304 2504
621 2088
330 2422
532 1508
1859 1379
2575 1397
200 1621
2861 2589
2252 2811
770 399
84 1940
1373 2144
1779 646
934 2303
2439 1646
409 346
1683 539
8 519
2432 1731
679 1704
2708 1835
2407 614
698 1309
1433 874
1558 1216
2389 1190
2071 1897
1356 195
1200 901
1776 773
2251 2552
2790 2843
2089 1554
1675 92
976 1388
55 2110
2618 994
2603 95
2986 2114
2428 1933
1564 206
2268 671
119 2425
522 1259
951 1337
2219 1080
2938 2485
885 2858
594 1303
1755 1895
2665 2671
1055 1426
2900 2202
851 1368
2602 414
2176 2810
2929 2774
2422 654
1714 2800
521 1407
2497 882
148 2790
2589 1037
1156 1968
2694 1455
1885 1832
1070 2124
586 950
427 745
80 444
2155 2997
94 2343
1145 18
2569 1556
2965 674
2230 624
1554 2184
2587 1212
546 889
512 572
2784 2469
923 824
1645 771
257 2843
2786 2919
497 307
2205 2485
1757 43
2372 2815
1791 1562
4 910
271 2859
2349 297
1608 1630
2982 1429
1308 1871
1743 590
740 2987
1996 2565
1563 796
869 1096
852 1265
2144 2581
1104 434
228 548
2611 143
645 702
789 2829
2533 641
316 2448
1439 843
2364 328
485 809
2107 715
2104 476
530 1326
88 2537
340 1032
2706 170
861 1327
3 2967
1558 1425
2588 847
478 1136
824 635
1414 2163
2572 255
2562 859
2003 1604
1026 2675
2116 1293
873 1649
285 2825
2252 1560
1398 1503
2864 1958
1614 1073
2273 608
1942 2597
2348 2474
1929 133
972 2905
1664 2743
14 2669
1360 1228
2567 2047
1054 1698
562 2991
2604 2520
875 2288
911 2361
280 2978
826 2466
1336 2675
855 2725
846 272
1607 2442
1403 904
2899 2954
2467 1929
1112 2799
1017 2014
1440 1654
763 2683
1409 1239
724 1220
1513 2453
226 892
2964 733
919 1966
2919 1233
2507 942
2699 2446
2631 1230
1738 2679
2359 1775
932 450
1131 2048
552 1071
1890 2862
1901 1233
464 908
721 1454
368 207
1516 2401
815 665
728 2507
1412 2054
1709 1351
1973 999
1287 1337
586 1062
830 320
2959 1881
2807 675
2987 2713
2128 2584
2166 1126
1116 2169
2301 717
554 2243
2242 2631
84 1217
2818 1015
2336 2377
2928 2641
1065 146
2469 42
261 263
1877 2669
213 1883
1285 2012
1557 478
639 366
384 833
416 1698
49 2656
291 2144
2601 537
911 228
1156 1432
2104 2953
1004 2718
2514 947
696 1755
104 861
1241 562
2320 156
835 2253
820 1789
1084 2243
2901 2624
1376 516
807 2186
847 1794
2874 284
1288 708
1710 1554
2013 1604
2447 106
482 1175
1669 1105
997 2570
2426 2965
1524 1446
2069 1300
2451 1844
2807 2444
1734 842
304 534
591 300
2638 2373
2096 2422
165 2371
1031 1337
932 1694
1715 181
520 118
22 2230
1519 2108
1723 2830
1562 1012
1604 2740
1419 81
1458 749
1933 1269
499 2427
60 1459
2182 2754
317 1220
2169 2131
896 2162
2173 13
1032 1146
2592 2260
1363 784
255 2695
220 280
2417 2261
1371 117
1165 2664
1459 2165
354 2699
248 752
2548 2146
779 2907
908 808
2997 2316
2027 1336
516 2969
155 2187
1891 2166
2383 488
994 1043
1761 1333
2343 2807
2924 2343
814 2899
614 628
1167 1689
2461 2161
1498 165
62 784
2879 1597
2761 2186
922 201
2217 2808
1382 2657
2254 2082
2185 1974
576 2936
2832 2697
1303 2960
2657 345
2344 520
749 1589
525 697
2887 2186
52 822
2572 1534
151 369
21 2744
2021 887
156 1417
796 1475
2070 2473
1964 278
1351 1271
1694 583
1147 1061
1443 1711
1406 2016
2526 2659
150 1251
2253 2374
2923 496
1899 1987
2456 2671
812 1410
1056 2038
1310 2145
2782 1896
2951 1038
2751 1173
769 1010
624 1307
368 1219
2793 2418
521 226
1785 1095
1467 2917
2347 2161
1646 1262
620 2145
417 2686
2037 2121
1264 2461
2979 2441
706 354
1240 2660
2148 1226
1191 450
2959 2539
2692 21
1721 925
38 609
1091 929
1661 2197
763 1589
2766 534
1291 696
360 1846
1970 966
2458 1484
1298 1620
22 1813
1051 2295
1996 2174
261 818
1239 610
1783 2618
1186 2149
1242 2660
2142 2817
573 2099
577 1525
1379 556
2757 964
2051 849
1593 1214
2766 2057
1810 8
2070 235
1361 818
2769 1234
2978 1914
839 1810
117 2414
685 1516
1821 2677
2003 1522
2093 2429
1048 345
1079 901
2142 1981
2550 1403
2932 1097
1264 310
2446 2528
1694 639
1774 2741
346 1516
1087 2334
1213 1427
1296 1235
1645 614
398 1818
2795 1044
1183 1578
1974 2152
2882 2256
2593 378
2071 1547
1012 1303
99 195
2551 1958
1904 2124
145 1989
782 2419
451 2576
2509 384
912 2917
965 1092
755 770
2979 1185
297 1124
1692 2962
2550 249
1355 195
1127 1342
1619 55
1890 2858
1545 52
1142 2830
1144 2501
2298 656
2692 1609
2900 491
2801 487
328 594
1470 2962
1375 2719
1379 2152
2687 133
2791 1015
1787 2980
1069 2920
671 2623
1625 59
2306 1952
112 2582
2567 444
159 10
2658 99
2176 1080
2246 1272
460 381
1524 2724
817 1448
736 1413
23 1949
2108 1931
567 2963
1832 2624
2225 645
931 128
861 395
1686 2380
2281 24
2959 139
18 2202
402 662
1247 2651
2664 2826
436 2714
1933 2197
1037 166
2020 2295
2941 1529
996 1961
1319 128
1213 247
332 534
548 2799
855 1615
2854 1307
2648 1308
2219 826
1611 394
2210 361
2034 2902
1232 660
2770 1903
2965 2549
62 80
1650 2586
147 1275
327 726
127 2032
404 2258
2425 2165
2011 2344
178 1888
542 2208
2191 1120
2124 620
1679 512
1253 2430
931 1095
667 2541
1066 2827
1452 644
2952 2257
1475 310
1278 1996
589 1021
1302 2880
25 1050
1081 949
603 2441
1601 2536
610 1413
2091 155
735 2655
819 2865
2695 2450
581 1115
524 1428
570 625
746 2380
192 638
187 621
1349 1353
634 810
2625 2325
503 819
271 1985
1732 2949
151 2576
1270 1799
2018 2978
1480 361
871 1701
2205 2764
1951 1092
645 1095
350 1780
1641 701
2791 1208
1722 1009
1171 2204
2406 1341
376 959
1237 1713
2152 1076
1695 2494
2354 2685
635 2422
241 2228
346 2203
2112 477
2079 2822
2457 45
2665 1148
199 2029
385 440
701 1541
198 1703
818 2100
229 1692
2465 2427
2529 704
2986 2669
1671 1041
536 7
2618 2473
715 981
983 682
2334 2784
128 1583
2893 580
2064 1522
1626 841
2472 2426
2324 2889
669 729
2512 2514
1677 2453
1612 1669
2024 2930
300 712
929 919
1755 2859
527 2556
2708 2154
1980 1874
577 1733
1220 2142
2079 2060
1903 2605
2429 1865
2583 2100
60 674
1750 2504
660 2332
2494 2849
86 2765
649 417
709 1905
708 825
2561 929
1811 1503
1021 2231
1627 1087
1082 2063
1998 587
1965 127
2485 1269
1944 1670
1587 1234
899 2916
1249 2514
1831 433
161 1375
558 32
2671 2643
2699 2524
1829 1877
1794 197
241 1461
632 1759
1163 161
1972 791
2707 2640
40 2275
2485 2370
10 1027
1942 2930
445 146
2396 2646
1420 2244
1764 1595
2988 2342
1892 769
969 382
1866 1320
1820 1963
37 1618
2716 1914
1310 34
2050 788
376 2509
1229 2326
817 2414
2127 1698
1685 617
2426 204
1960 140
2287 1410
240 2530
453 1824
2681 1600
2226 2298
1355 2445
1721 1045
1481 2737
160 1258
2729 460
45 666
987 2965
237 1347
2532 1754
903 76
1735 1492
2653 2017
484 347
2170 725
7 1062
397 1257
2033 2479
1506 2087
1552 300
1290 1399
640 1942
741 2339
1957 1877
40 2329
2608 1617
1756 201
2769 804
190 70
551 2021
1360 2401
2194 927
652 1412
1117 660
1015 674
1550 1369
367 1775
1293 1257
939 1872
1742 1226
2665 1688
2782 2201
414 2843
1764 1879
1776 426
2738 2974
1961 952
1441 1372
1028 2532
2702 2480
1842 674
22 2300
2407 195
1697 2960
1928 1087
2767 1795
2054 897
2549 2496
2112 818
2222 2256
179 458
2539 1810
161 1062
2197 2274
67 2377
1459 1945
2295 763
2961 2154
2586 47
1465 938
2700 2480
136 2617
1473 1978
2218 2090
2175 2751
2322 2105
967 590
1023 445
92 133
834 1652
2330 283
2209 1185
2701 880
1768 581
281 2172
2753 211
201 1024
2838 1912
1202 12
248 1764
1206 2080
2297 730
791 410
570 873
741 2176
1674 2646
1683 1719
1654 2510
970 1550
2159 1199
1053 2372
1539 863
1219 2499
294 1027
2576 155
2795 1930
1089 1008
380 614
2252 2937
2735 220
2972 19
2561 1994
565 155
2686 674
2197 2511
6 983
2075 646
1754 2294
688 1754
1580 2792
957 2208
1182 287
623 467
2162 1315
926 2187
1062 1192
629 378
2962 77
2560 67
1704 1904
1746 2447
413 297
1547 1156
1523 1261
2217 2399
634 967
692 2940
1888 2778
2651 917
2928 11
1545 1417
109 282
2080 710
2370 577
2564 2652
1742 2877
349 2243
891 2478
2632 1054
2625 2803
991 1179
2954 2862
2731 21
1730 274
47 2628
205 1458
2475 1444
1550 166
672 1975
714 26
226 951
23 568
393 1067
1809 542
436 869
1114 857
2360 1729
1063 262
950 1805
2469 632
1653 2808
1144 1394
310 280
2052 1271
1965 1556
1618 763
2242 1954
2224 646
2382 2973
1018 722
580 1212
683 1927
37 401
714 33
1041 2431
1690 254
239 2452
825 1012
2009 2843
2591 1022
617 1032
1145 2282
1240 1267
260 68
1149 42
2325 167
73 1565
801 2166
1379 633
783 1905
1493 239
2569 1839
2975 466
2115 1226
1013 2273
1133 1760
1329 2920
1122 1095
191 2991
1039 1521
373 2617
2618 1126
1991 1238
1279 169
1110 1255
696 758
2789 1163
2308 1370
1584 507
1746 155
2177 2056
336 708
1403 2122
430 201
2231 814
1627 482
1266 1292
2224 1685
435 758
395 150
2163 1335
2160 1478
1156 2316
2905 1746
1650 223
2932 2393
693 2742
1827 2262
2323 1694
1563 2258
1317 143
869 1115
948 1262
1622 1814
2570 248
2298 708
1838 1991
726 2756
2049 2
1636 2606
26 2371
552 2955
863 1196
1808 1722
518 2220
628 277
558 2135
1204 2948
1613 813
2565 833
2069 308
2452 1620
2889 106
320 2570
159 472
786 961
735 710
2366 1782
1347 334
1349 1079
929 1364
131 403
1146 491
148 137
2582 1454
483 957
1302 1508
378 504
526 442
173 1880
639 146
336 776
249 2248
1919 2962
2907 1899
2278 1243
1448 115
691 858
1710 1449
1509 2334
2288 1743
92 2214
2911 2740
1904 2705
474 21
460 687
802 75
2332 2992
796 1463
2961 1005
2171 18
2689 580
956 2951
1565 1541
1371 521
1229 2374
1926 38
166 98
1692 1059
1804 448
877 389
2554 85
712 667
2306 1461
586 2027
1473 453
1326 158
606 5
1608 2289
777 2415
1590 1180
1709 913
1324 48
2099 2800
1890 1855
739 602
977 460
2434 1907
1590 788
704 737
1667 2975
1230 2643
2556 2422
1114 1239
1272 750
2900 536
1065 1798
2920 1408
311 345
331 581
22 1629
1088 2790
1334 781
1647 2310
1187 1654
2048 2588
2239 1651
951 1204
167 1322
543 687
2301 840
1089 2677
882 2962
208 586
2712 1169
2892 2831
79 1745
2498 437
699 1354
1982 2769
1362 2459
2606 46
2065 660
221 142
2970 1959
65 2239
1722 248
920 2920
67 2993
2801 886
2484 2951
2921 2294
2710 181
1541 237
1386 1300
1377 908
1120 1773
2816 2700
1751 1547
896 219
618 2324
870 297
2193 1067
2609 1557
2507 2709
2146 1383
1093 965
1387 100
1019 2091
2942 2945
495 1260
2197 2665
930 2966
245 546
1024 2214
1308 2912
2680 1855
2330 2386
2995 1398
774 2395
95 655
1003 770
2143 175
723 1129
2993 2376
2489 2630
257 2715
1739 686
1073 2455
1138 208
338 557
159 1142
1225 73
2312 1030
1913 1690
2121 79
256 1197
2490 550
2251 178
1796 1251
362 198
1600 1690
1285 2942
2930 2273
539 2823
1872 2270
1315 1046
1358 1113
1311 1527
1574 2044
1158 2121
697 883
692 1741
2159 1308
2618 1124
2730 1400
152 2409
975 2297
1893 1865
2934 1062
278 2728
1400 784
2644 1659
2243 143
908 207
20 2251
1469 561
911 497
984 1232
1429 87
306 2255
2954 1014
2794 1851
525 2097
136 2337
1121 2887
729 995
196 2967
2088 171
1972 2218
2312 1289
2783 2913
2678 297
911 2169
1100 128
767 1022
1435 2602
2062 1886
1631 1519
2374 1411
958 2811
1007 1510
708 374
2259 1542
2140 2534
860 1007
473 2354
380 1015
2696 176
731 598
2167 278
900 1397
240 1697
1743 1920
1869 1810
1898 312
2962 2178
2413 476
1142 2557
771 1034
1884 1210
2231 1874
1899 1000
1853 1156
1353 176
2050 276
510 1795
789 2389
510 170
1431 2922
2190 2181
386 1586
62 808
212 2878
1464 1857
2641 54
2504 1933
834 2651
2420 643
2275 249
816 786
2350 1936
110 382
2707 2225
1119 2116
586 1521
2339 2645
1534 245
1455 1503
1160 753
2287 1651
2161 1172
274 2849
261 2376
2114 859
1307 169
2514 1497
1345 2680
2751 616
1494 1740
499 2119
1160 61
672 1044
2936 1013
1130 766
510 2411
514 1610
2573 392
119 426
257 180
271 2005
2857 422
1411 1928
231 2209
843 981
405 508
952 540
2718 1672
2087 341
252 676
1291 2438
1183 2376
2732 2909
1954 1114
273 1911
1749 1179
2771 1890
331 701
2192 2319
1968 1986
2587 2314
2093 967
2728 2715
684 2599
70 2462
991 1564
2251 1783
538 1800
2360 1003
1495 757
714 1946
814 2437
2664 1238
1479 850
2334 1628
2098 322
2982 2445
16 785
846 2742
1915 2916
2734 357
1832 1244
2883 888
2323 1451
35 2340
81 2551
671 1024
2376 1994
2911 1408
509 1381
230 1741
2019 391
552 1401
692 1058
2556 1990
2567 2250
1005 1669
2470 1930
1630 927
1992 476
2474 2171
508 719
2548 616
1311 1781
12 2427
2101 993
190 311
1846 1347
1479 973
1976 2519
1057 166
1014 1674
946 1496
2951 90
156 2915
429 2228
1828 1180
1251 223
687 888
1046 1459
2049 773
2173 2282
1321 1704
1947 2547
1708 2319
2725 327
1885 2003
1928 2281
2014 532
358 303
2500 1954
1288 1752
506 1736
2962 692
357 1752
524 1169
1361 2335
2822 2261
1254 1648
280 2764
1341 1880
1649 2056
2501 2269
1940 1751
968 2391
1543 2427
401 1807
2450 1489
1383 460
831 2551
1575 1879
1460 2473
549 1195
510 703
917 1464
522 1058
1210 2970
2910 1690
712 1443
2354 1544
515 1130
769 2308
2233 1708
1251 1885
1682 2215
1778 2739
8 1999
70 1260
406 2971
2741 535
2136 1207
850 1838
1130 2070
2684 894
750 1206
2149 1401
366 2257
2383 236
999 2024
726 2593
965 1516
1151 559
2707 905
1544 2005
2881 288
89 5
1285 1892
899 1579
1113 1060
1730 2475
818 176
2954 28
2666 2809
2780 930
591 801
1554 1074
1182 1767
291 264
1857 2568
1979 1746
2180 688
1302 2389
1805 1774
732 1911
2470 723
319 2388
2986 2254
571 1402
1246 2788
1248 765
1903 2758
2711 1127
1439 2978
2395 2220
111 2804
1553 2012
905 2056
1930 2079
2826 1356
1116 168
592 333
329 2684
2056 2721
2536 2270
1838 369
809 2942
1249 1233
1566 2603
1312 1671
2370 2701
241 1738
213 66
2473 1618
1714 109
1112 2354
2222 130
2963 2914
1558 186
2688 1915
1024 2734
604 114
954 2536
2174 1375
1391 1309
2915 2342
2597 2667
136 2864
367 361
2845 2952
2155 2215
1673 951
2769 1721
2972 1701
94 1939
359 1284
919 618
1937 2960
1127 1111
226 1861
954 1472
1501 2314
2525 296
2011 681
1121 1228
1221 221
2230 2367
1586 418
2931 2158
313 1599
2821 945
780 1029
2456 1580
2459 953
2158 1762
1511 1717
790 932
343 1989
2454 1315
268 1113
313 9
194 1607
2969 834
1706 671
391 2387
1181 40
2677 245
1266 2972
2558 1900
2182 1666
2682 160
1099 1780
2422 1245
2204 2535
280 1351
1819 678
536 885
1615 757
1426 2833
2291 2331
1737 368
1930 2288
1585 2749
1782 2685
2 1661
2954 559
865 960
1033 1368
83 696
2936 88
1923 2990
1733 2088
144 2105
23 1382
967 2174
2635 2757
2769 2662
2077 2676
2508 1292
2470 549
201 2994
1570 901
1785 513
926 175
1581 525
1294 1783
1838 1945
327 1642
681 1611
1684 2801
994 2158
2608 2679
1166 1570
1319 1718
2435 1578
1371 1541
70 1837
2367 159
551 2937
6 2878
1380 2243
1524 1773
1027 65
2124 1516
2768 1800
2313 1245
2611 1392
1344 855
1323 1455
148 2071
1354 462
850 1552
1294 1018
1817 838
1741 1330
2187 1437
2749 321
1937 580
2438 2147
498 2613
234 2662
1369 1427
238 739
294 1369
2153 1959
2502 2771
2189 384
1089 121
1723 549
678 1461
1524 2350
2833 2591
317 2727
2090 928
1652 1154
2692 1588
879 1224
2373 2820
1848 680
2022 2420
1277 2879
2851 2879
2759 1246
2182 684
1662 2870
2072 301
2669 1314
363 2928
1748 247
1182 441
2015 2093
449 339
1389 777
1403 2397
965 2474
630 647
909 313
1664 837
1800 2235
5 2097
2733 1544
209 2611
2911 2474
913 1401
432 2285
513 1126
1640 579
1823 2920
1738 1572
1680 1469
2107 926
1388 414
1877 633
1816 2867
1455 2431
2125 2539
2953 2614
1045 2541
876 2520
320 187
1022 1978
189 2923
837 1993
725 1039
1631 267
1321 2603
2196 1149
1743 441
1978 2348
798 1188
1408 2463
831 1570
2369 1928
563 1953
914 2734
2833 1665
1026 244
511 1625
9 2983
1133 304
2470 1741
762 413
2437 2177
2885 125
1573 1723
16 2392
1097 574
571 1613
1496 2039
354 823
1183 773
684 34
1490 498
161 1076
2210 966
1628 489
1941 719
1422 2469
2713 2846
1561 2101
2009 790
2738 2052
2077 743
1037 2153
291 2500
2281 407
654 140
2505 378
2883 177
1562 397
291 1686
1186 2138
1541 1623
2849 1016
8 2479
2297 2016
809 1350
623 2354
2699 2849
1008 480
2380 1190
2559 1964
970 947
1313 989
368 81
891 1216
2004 221
89 720
834 677
2962 368
2489 578
2181 186
2750 2679
360 1815
2285 2959
2193 2176
2217 783
2469 722
2119 1252
376 476
1580 1636
2752 393
1095 614
2437 1803
1085 2111
2747 93
1102 441
863 432
358 1907
252 1867
1831 1529
1775 864
205 2097
832 234
2853 363
1829 2915
2916 2375
1949 1133
14 1838
50 2712
900 2373
1794 349
1210 1011
1651 1828
972 117
2228 2637
1702 1212
380 1987
1223 2748
752 1919
1664 897
945 1113
2122 2767
953 2613
541 2364
186 2360
199 475
1681 2985
1142 1147
1905 698
383 612
975 666
1962 624
1204 1107
178 75
2044 1181
2195 1660
350 618
1376 1659
1838 1103
1795 2808
464 2086
2598 2761
1994 1610
1271 1630
1517 1032
2317 2708
520 221
827 1225
2914 2229
49 1566
1077 59
585 745
2860 475
291 307
701 2373
83 1987
233 2224
1605 2809
265 2524
1694 425
713 200
1260 245
2260 560
2752 843
1189 1731
130 2650
1490 1420
1605 2402
819 198
2294 1257
1481 1494
809 2600
1623 1140
85 1422
2415 332
2578 364
792 62
675 997
2444 2996
759 2962
2176 2377
1366 886
1398 2600
1210 2788
1860 987
381 244
2508 2850
832 253
1300 345
173 127
2394 530
1982 1609
1836 592
415 1530
958 1264
1077 1087
46 743
979 1425
1651 65
805 2674
1468 2466
2346 2547
2603 1830
573 2391
1789 169
1139 1418
2682 2499
2652 1442
2869 1262
2695 218
1436 561
1260 602
1258 1586
2588 2057
1693 1966
2033 2519
1826 2656
1428 808
1551 1134
2572 465
531 1297
368 369
2950 221
681 1480
1729 1713
347 1436
573 544
2898 1314
711 598
1197 1115
995 2750
343 323
2446 1032
1008 518
2777 25
276 1082
1748 1138
1547 2533
1627 1684
435 70
156 1694
259 418
620 419
1665 1292
2760 2441
2598 1210
1492 2611
1120 1176
450 393
802 863
860 1514
2878 2752
176 129
2629 1916
2149 1201
1585 2163
966 274
93 1302
1864 2660
2669 564
2024 2726
1520 608
777 1097
1292 2501
1537 931
126 2569
219 338
2003 1020
2150 2861
1534 83
365 976
812 1824
1182 1183
228 2599
1483 351
837 2502
792 2371
2714 2536
76 60
1397 2048
1768 2774
2625 983
429 2622
1845 1821
1845 1447
409 375
355 2657
838 2296
316 2881
214 1731
418 1967
748 2645
1180 964
2715 1621
503 1563
1225 2827
2464 108
483 1806
1293 1403
829 635
2247 2311
1553 1824
2609 2272
375 1030
759 1956
209 1367
2546 62
1001 2780
1013 1116
187 268
1150 921
2813 1083
797 743
2077 1325
904 117
1104 1651
349 2246
1915 697
570 1915
1139 1579
1083 336
1540 2899
685 2919
879 770
2820 2102
801 2160
306 234
239 1228
628 1703
1038 644
833 2794
2734 2104
2140 215
203 1777
2055 1739
2659 465
985 1296
226 279
2760 964
1867 502
132 2793
1406 1042
2802 176
319 2416
985 751
1 1482
1686 983
2783 1207
2079 2630
1754 590
2215 454
184 1344
1935 1507
2466 2814
71 1105
2006 125
1532 86
2199 502
1718 1693
1990 2054
1918 1915
19 1744
1808 1886
1465 505
368 1058
2847 1
1413 2037
1678 1676
1042 1079
2275 737
2804 491
2939 2777
1066 490
1288 669
1705 289
537 774
1963 75
1549 2592
1615 1624
841 1995
430 1099
788 242
1914 57
1855 340
375 2040
395 2826
1105 344
2523 1554
56 2673
1445 1758
175 644
1903 2541
2664 2244
551 2224
2220 1560
1537 1900
1388 2651
2429 2332
1088 2991
563 98
2595 411
311 1879
143 2381
2630 2684
1669 2368
2035 2287
2564 595
2505 2933
2665 1055
989 2966
483 702
204 824
2094 1011
2555 547
2390 1514
971 2747
1985 1222
2862 1723
1173 2498
1335 2301
1086 545
2468 1451
2311 2147
2602 1643
2961 2664
2002 1388
2048 616
1022 1659
1688 780
2348 2923
2892 2685
1530 1262
2934 2940
2699 2518
580 1596
2331 2891
2597 1940
677 1953
1591 2553
1499 2628
1942 62
954 446
2545 2996
1852 491
2935 253
1989 601
385 2738
556 2154
685 2465
1021 20
654 1766
1177 1816
1779 408
1374 88
2261 536
2014 2399
1649 2390
2207 1122
741 2977
2832 2590
861 635
350 1833
1479 1148
2649 1590
1535 2100
206 2366
686 1518
1746 2872
2330 1364
1330 1166
2117 1270
2899 35
2991 2652
948 2999
306 2750
777 2333
2376 1143
1063 189
491 2087
640 1509
1219 2636
700 836
2332 1770
2799 2276
2005 2210
1790 486
1984 2982
1397 270
136 1638
2270 1579
245 1977
936 1513
1187 1630
2142 2476
2450 2248
451 1354
2491 1228
1578 2614
75 1966
973 1329
275 1061
2331 335
1233 802
2234 2024
1380 923
85 2501
1702 2241
61 337
1779 1481
1635 1595
1939 2037
2475 600
1061 537
922 993
2836 1470
2062 2725
1693 1589
2829 974
803 649
2178 1780
2558 2247
1992 310
1145 453
2217 972
1270 1269
1479 2712
2816 1183
2881 421
2126 841
2336 1907
379 1219
2692 901
546 128
1868 1253
1617 33
1292 1525
1837 1957
1727 125
1603 1835
384 303
521 2741
1257 2616
1224 1246
170 1532
1167 2897
26 687
1702 2747
1888 155
2712 1011
2171 914
780 1024
2564 361
2070 308
2906 310
2353 2231
1221 1938
473 68
2576 582
495 2505
1449 356
2446 1716
2240 300
1123 864
477 424
608 2925
1526 2965
661 2422
2276 267
2431 219
1075 1048
516 137
1179 2140
2840 1493
1543 448
564 1578
1212 2767
1227 146
1559 2475
510 2077
790 1569
3 2755
440 1283
1716 778
1909 1388
2650 2845
1559 2499
781 405
1564 275
1738 1515
2783 583
1665 2162
1159 1737
1035 1086
337 2644
2468 1193
767 1574
2320 28
1270 2841
656 1561
2346 1632
2781 52
1978 924
407 173
2332 2075
561 2445
2281 2338
291 94
2623 2316
2884 1245
2749 981
2609 859
1435 1104
2540 2311
931 2724
4 174
2748 1181
1407 2568
2407 1040
743 382
1820 2008
2097 2985
50 180
2296 1747
2936 470
2842 2922
2614 963
2907 260
1527 264
354 2589
1161 1481
2188 362
758 656
885 1591
2621 1905
607 233
70 2035
771 2260
369 2163
809 2655
2547 74
510 67
121 1341
2388 1542
335 2288
1827 203
1119 2392
1787 878
2753 1379
2188 2094
2081 2041
1432 2718
2277 2205
2780 559
1323 2427
335 1846
1362 1336
1105 27
1418 2726
1469 1612
1536 2854
992 1343
2960 1434
1214 1209
2364 1774
2923 1032
1067 1644
2316 1709
187 1091
933 2816
2217 337
2842 453
2095 630
503 149
2714 1829
2688 1553
2835 2739
2642 1645
1481 811
649 2302
2820 2125
1212 2532
1272 2224
424 937
1119 2177
2214 1365
2967 2566
1864 1547
2988 46
1088 1714
1939 1179
2784 2986
2381 940
2042 2892
1397 1284
984 144
180 2636
524 196
1943 719
2649 2017
1078 1934
1033 695
1223 2621
2914 1186
222 1798
1247 1423
1578 556
641 193
2858 2111
38 130
2930 2897
606 160
722 943
1082 2109
2028 2025
1426 1171
2431 2715
2942 1645
773 1983
1507 1404
863 2379
49 2098
2273 2836
2060 1299
2505 1299
318 1119
532 2930
2614 2428
2151 1718
2263 1745
2372 2045
2816 120
2078 2530
2826 1114
1184 1015
2219 150
2411 2183
2867 1725
1855 2897
1553 2044
2422 2898
385 2998
1582 2972
582 699
1224 1767
1920 256
1100 802
480 2657
2833 1010
1490 2634
847 257
1507 723
2565 478
1641 2743
19 1766
1453 329
2512 221
127 964
1946 16
296 2165
2812 2813
1107 1076
1820 1835
1322 2071
2187 733
1721 166
2397 490
1736 2028
638 2206
337 9
2832 754
118 2790
1385 1408
5 741
1267 1813
413 1699
424 733
1901 2404
229 2722
2155 2878
2245 2902
972 767
2705 282
1534 622
1798 1028
554 711
2544 127
2908 2859
2029 381
1362 2989
114 2729
176 659
2234 2017
797 2865
2798 2553
2233 2698
116 190
2611 203
2132 484
1644 180
2345 830
2852 1192
2112 1244
44 2983
2915 690
509 304
717 2442
1785 570
974 1888
942 2199
964 898
2725 1530
1071 931
1164 263
2944 1923
441 2696
1882 2078
855 2837
1571 2201
2473 2898
154 2611
859 1203
642 1347
2595 647
1887 2414
915 488
962 2986
946 2714
832 212
888 249
2746 2619
435 2076
1268 967
2204 1311
976 2685
1117 1775
2516 410
1594 390
1396 941
1079 2349
521 2235
1618 2862
2989 1489
840 1834
838 700
225 2007
515 1713
581 2595
987 1961
1658 1733
748 2465
2709 1945
1577 2046
2390 2782
1036 823
607 1391
2894 1105
2450 2424
2202 1915
846 1262
2966 1189
331 850
2668 1853
1275 2797
1286 2366
1553 872
787 2657
1878 2493
932 1842
1100 2037
2124 85
2511 2482
551 1112
1239 121
243 2628
2138 2666
2679 1869
207 2740
1809 1168
1243 45
1223 2917
2227 2669
2082 160
1101 1210
2272 2379
1645 1542
1507 330
2781 2206
388 2031
2741 1169
1378 2616
2913 1492
1154 2072
1985 635
741 709
680 2996
208 1870
2104 941
2538 2684
589 1682
2435 2102
1416 1810
1473 945
2743 250
2390 847
2335 657
1772 1553
1613 1209
2785 1869
1829 2960
859 1999
2340 1766
1547 1854
252 2080
2155 935
1178 971
1551 1179
622 1284
2901 2995
137 1662
2536 512
2457 630
159 2681
204 2460
2566 546
1921 2861
1326 276
2451 2386
2684 2884
2601 2393
765 1254
2996 2060
2185 1059
987 1445
1701 415
836 2319
1436 2187
1271 2871
1724 1677
104 907
2383 2703
728 36
1141 2475
1830 261
2490 2470
2831 1827
842 2082
2596 1546
1997 1253
867 249
2273 2887
1685 2559
2555 1353
1973 2565
1533 2588
915 1257
1360 2
1087 2977
1571 2958
1587 295
569 136
2125 1089
981 419
984 2483
1644 773
2998 2357
957 379
441 102
1542 2598
2886 1717
2036 1402
2462 974
1641 2427
717 2618
924 2433
2913 927
965 2033
2023 2861
1833 2078
499 2401
583 333
1262 1086
1593 236
1898 2451
2986 484
329 96
2469 2933
841 324
2698 2699
2580 1297
274 1092
695 242
319 1428
43 2037
2010 1243
1637 1938
1654 852
2304 2013
976 1618
1088 2947
1101 1944

======================FT9bFdNm65
OutData=
======================yHTJJyQRBq
472

======================yHTJJyQRBq
