192119
168932
197977
101167
94995
230560
219842
115428
89477
193267
142610
226142
199372
174028
85794
213234
31511
206523
270062
13373
201139
174045
121301
249918
202102
170371
174015
235949
202934
172625
224149
208398
177359
176792
214117
260838
79646
192949
147412
140010
210700
147290
172168
187646
204033
247128
151355
259707
182687
223951
201092
148935
192236
220705
186407
150480
160456
201976
160594
138683
197237
151187
148165
216870
98206
83171
168164
127440
286783
172356
265746
212821
103361
38577
123816
251120
245196
193648
157379
166667
194420
224704
118899
157082
205376
125794
127798
237989
165621
195821
212240
55943
231211
57216
160049
95656
142375
257129
129407
90697
215640
168460
65537
93479
95055
104265
158318
228331
139292
89838
215963
7822
271387
220426
131993
55885
72127
139209
143145
160011
147364
54139
78624
178158
206312
1736
178649
178012
256113
226932
126214
226547
200602
97478
201984
110090
179230
204657
130146
203489
25183
84862
196148
196054
145541
201609
209079
170896
123036
111604
88966
107396
151940
165216
113582
87928
226045
197080
130116
149980
167181
235485
63764
130220
57974
136947
100774
118648
178079
35461
206653
152914
124682
205986
137646
79799
158377
111022
127260
63994
210301
266474
178348
56388
64603
221465
164462
90136
167421
139133
14819
190226
132344
194011
108075
146744
197294
28305
100002
198450
189771
202754
167879
36906
162576
175472
181847
149781
150457
79629
123746
30591
131727
122308
70936
89374
128564
163881
200547
131556
176552
90994
190019
261216
142581
110449
131956
141337
150407
84247
158673
121393
267307
314218
228513
211501
141522
185425
250211
159295
67377
277110
71818
81390
143252
52167
231208
223801
159602
108485
156276
185834
8864
243662
42123
208944
271006
147927
202934
142206
169911
167427
43468
150134
27146
249565
187882
119803
169360
212330
58387
155332
281323
277532
229295
280271
149613
97623
100639
192878
157701
168662
120124
156092
101328
208075
71432
206824
190539
105044
172578
261129
146985
215681
138312
148281
173714
202593
189344
40925
54336
165169
163174
194790
218115
227308
51570
224454
148276
49916
205711
117511
173958
149697
83605
55853
262787
190112
177752
137382
71326
60084
67817
187562
214217
223243
143210
153234
124252
199594
194542
54549
169916
62997
134197
135405
62024
26959
127646
12857
142292
143185
25716
125256
160608
241443
120976
183727
265935
214092
71504
105509
192433
179892
281113
146863
78024
164168
123912
205397
234696
143390
103650
6473
148001
111392
81793
209416
242117
184057
185516
191166
213259
157684
241347
210303
70498
123322
125407
31647
209325
218379
129793
141491
147050
184772
203269
220250
143062
203593
146057
67665
135013
137955
220875
232890
191710
190917
278332
136298
139939
195505
178719
242245
126723
196053
163172
225446
116659
50125
27756
163192
176123
219590
170503
163842
82994
226574
140762
91134
14017
2552
136000
118683
193115
109271
63102
192906
145855
172780
230526
48016
160063
123435
85558
185448
55503
194992
131632
211667
205463
196386
162635
70452
168036
208575
286443
116766
245843
44984
91922
98804
63633
157729
105541
194590
72667
233568
128149
260215
213228
188525
27933
180277
101793
213258
110159
214458
178216
230233
168456
205521
258697
172885
223044
142485
126499
73588
185795
135692
199692
202087
203017
204589
271449
134531
203477
184661
200505
239312
181392
177223
143469
251737
225337
146897
213095
103952
260890
176258
181678
278478
109997
154819
223294
335
188845
163265
27522
108667
115356
242479
28670
212139
189948
95596
52704
14147
180490
203539
108560
201843
204034
151022
232038
249102
190582
107035
220514
215972
147730
211477
237248
2130
202300
224337
191757
245895
206664
151848
25855
175485
51578
209245
148649
219840
93030
174275
164873
158006
120893
157810
211838
108166
167299
161705
111117
196650
44777
82375
272518
213898
174342
208186
110984
187417
168569
113271
32319
191911
163026
234357
236174
225272
227390
12549
184702
141238
141887
175821
21824
221358
230805
64426
208614
190430
216759
184272
201372
242186
278153
174803
192949
47967
100702
124359
164302
237559
190572
221843
119840
165176
199585
228727
194846
203890
200402
244965
142745
191261
156186
193754
123974
151651
224083
234163
133565
3333
46247
241375
226735
83603
73581
214654
38715
247616
218952
194964
100509
202851
226107
157552
188859
75016
161442
272192
202289
12614
142758
172400
101733
26053
224241
175534
206455
12102
159206
87302
132954
171866
20629
115386
154407
198439
177860
77499
25566
190864
80644
215233
202368
223555
221467
145683
190355
112347
178936
193652
255596
38373
94296
19976
11690
8894
241483
179186
97770
147529
207933
120824
193148
144198
134708
88537
204509
181138
28212
198229
207910
149316
168933
160701
172253
161334
231657
217560
136967
91585
52779
212090
31965
183546
69354
210085
93841
85540
48811
208713
221782
150658
80265
219837
93909
226692
236055
98988
263099
196257
148964
266153
197192
141529
97437
139118
79030
208916
184827
60676
210645
246060
257122
120005
217837
227729
130626
145363
59598
99806
261424
199791
151799
198983
224936
86464
189874
174538
51844
77043
162947
222423
72639
127871
159481
164731
229534
168144
115263
151705
142291
217858
237974
219799
144058
124723
234117
208509
217443
145941
186230
187986
131423
261831
79143
164680
208430
198150
126881
217194
210891
255644
235505
185086
35435
75453
201617
226377
211895
196617
135932
187030
264833
111002
138853
158690
220154
211169
144883
141782
254696
93774
188939
159391
99873
132141
73708
74101
22330
217061
160070
115036
194155
144939
268281
207099
225674
113615
139661
200667
129881
203998
144166
223484
201346
71022
173106
195616
128368
170814
170927
97088
189499
36657
66394
132166
103062
46398
189827
236274
7948
182715
246279
209888
19312
15621
249526
200184
169959
57239
43507
222744
182933
208262
235541
174221
78021
184876
214319
230402
173437
94163
139948
226553
210240
204682
216084
172902
138816
221561
168523
147019
75284
87247
245313
33096
139780
60750
163315
185567
95315
167572
166144
204673
74935
153949
213228
197384
249673
195919
236664
219
189926
209910
178392
171062
198415
187448
200753
225770
7410
194019
73656
62492
201560
133993
95263
112937
171423
242189
36518
210566
211799
115172
220304
135427
191646
45067
108981
169313
244457
56237
81118
180578
273114
221506
266327
258271
94079
253712
185801
150049
270428
167892
150023
191206
176662
130966
74034
193972
216823
248518
226157
187116
202516
16458
194561
132016
209538
204657
58224
117900
156943
86005
195775
146079
72619
212063
54636
133960
237206
173532
39223
85222
262105
78979
133082
254674
67464
233013
245897
41918
90112
204078
243724
197460
223924
210311
225038
195853
185006
256141
133749
196730
263006
145199
226559
213697
200604
146394
183586
136829
135857
240407
144202
132400
141324
277305
170635
219697
220973
120826
205138
127784
192589
96955
206609
28892
222481
113744
206296
116349
215024
49206
193917
252115
76246
199774
42983
0
205724
234674
178227
172656
94505
200092
212839
38125
159910
161437
182357
189866
94204
145209
196007
192299
118145
163391
12879
216509
220048
242735
58001
226200
225634
222689
283702
174595
14054
64825
83184
261550
240656
204103
89106
67596
67535
73560
107820
145369
212204
94868
124588
99417
262273
228569
254603
114012
172169
38097
209096
68109
18368
174599
126337
175519
227171
139914
14774
213021
151137
225660
56520
153788
233907
46281
214975
233136
157571
107185
236139
105582
50820
85821
125421
47089
192941
203481
112286
235880
84344
199602
143505
120419
137772
197639
111447
132292
179826
179070
138482
225433
156463
60464
206225
63598
153579
226744
231643
62092
72823
121677
63590
200667
200810
217241
99976
196550
166414
131762
191235
169021
212574
119545
112814
137052
222840
200844
85729
31840
180581
193425
187861
214284
173437
196362
148406
264552
37894
249822
103050
189309
139202
140102
214242
203844
152113
134121
244582
33848
208535
170440
205906
168859
166400
242606
122004
88594
179718
182109
150640
92258
106835
225691
121680
160950
74333
172492
138379
100271
213849
208732
249571
176778
251619
214451
156520
149149
166050
146476
124964
2696
174509
228195
219451
138747
101527
173764
202303
211196
217012
243695
229365
277090
252905
77749
241598
113759
168523
188905
186807
195844
195536
31125
137470
17472
156743
53841
67028
213370
203773
137215
158443
55834
155009
263434
215210
221111
192139
112747
44675
5386
159664
79905
30118
90787
193862
207661
109208
164074
216786
84678
78619
152802
111316
117313
104519
172676
164073
75993
142816
98022
141241
183573
140844
31702
148774
230568
122633
178104
300156
221814
216410
92255
217424
182234
86748
164595
255664
171451
73040
230304
116084
146650
171923
175238
230012
108421
112024
124560
146190
220410
173510
116150
160919
186161
193683
177852
83283
47511
102922
213922
17676
98910
210839
22737
113401
79214
121044
93212
69510
195707
260740
216799
148691
175105
93936
124103
217093
205248
72895
121540
163625
131934
138313
248710
76763
114697
131217
73542
137476
130792
72449
100150
196728
128401
22453
202986
142058
101167
103946
123268
179608
43990
35979
152839
54608
265832
189262
219635
145736
72537
150801
169536
128068
220112
165597
213697
250300
215885
15293
192920
215848
231356
110933
209013
221089
132821
23164
212122
230956
149162
131506
196962
171304
210591
147482
53841
107323
169264
17527
131226
56163
42127
103584
225146
49958
209041
71662
210273
107265
214460
108318
253260
193570
251159
128595
179733
161088
97225
91859
244577
175651
260869
142306
208521
133119
205695
182220
174757
149309
195767
245828
108339
193624
73046
149508
221670
223265
213553
209758
9572
223147
86383
153145
211960
125806
195572
136752
210112
140207
210817
202581
238661
231318
208702
192744
163819
142609
195598
132122
193652
44951
183422
161178
205591
88175
100716
38142
163323
80811
104104
227672
223674
94294
109938
241368
88800
217545
254660
110302
197689
242675
25109
252185
147188
234849
137250
89242
124902
48705
207400
185629
196713
65678
178687
168252
221180
206416
134259
47721
193047
238675
167674
181415
183663
207254
177660
91726
166719
166230
145406
185481
195585
45919
36885
178774
245607
159672
132431
78756
214232
39032
124022
224325
190971
180401
83370
243839
155000
264445
169244
152018
5438
192388
70872
3484
141487
155603
188367
30969
51976
98611
149037
161293
296337
227066
141761
77803
111969
151000
205056
23756
206487
216616
41814
115145
164679
139339
162422
177357
194044
170663
220792
170942
192183
27892
161594
178486
14132
57031
197279
107759
202862
48647
108218
132328
207329
124684
211842
181006
255568
136487
33008
121688
198793
144221
65286
207639
184423
205016
5631
154423
217009
2984
246037
74588
201948
213550
233864
190643
63033
24515
13358
142920
204172
165389
195220
191106
214173
159449
175274
170408
225554
160540
58135
109425
156488
125799
159049
74602
296002
179952
180602
122417
98345
103899
216844
135367
28170
181029
227628
153752
214994
102604
114363
118310
253920
211850
90813
9764
221722
36261
201984
189478
297466
117147
43681
179117
136687
210749
191562
195319
91322
236288
216590
178141
254179
241970
133419
236747
255100
258323
192604
250957
171295
48076
201335
68476
210020
134974
93876
133625
72910
109472
236182
192590
170849
167074
153481
77366
20237
0
122550
188675
70310
76423
81196
189160
160137
219984
180570
24188
158635
202191
143461
38963
205090
158874
217922
237607
195501
125847
251559
76605
176009
173521
115639
170609
253216
149608
199415
199446
173504
13181
241544
98690
175371
204168
182358
53548
114567
229880
261104
126562
140561
174851
204788
208694
65695
206922
194123
266938
35719
206268
221667
51978
211362
199708
198450
258958
179101
157255
180210
191644
11308
26877
142250
184742
68512
169920
141335
141267
264997
212745
183232
170357
237319
107414
197774
184434
232120
73249
79510
100303
149401
2109
92413
71484
216908
11072
217212
41022
75453
12718
153426
213009
195963
16554
205277
36513
133912
171755
193866
136710
41986
145128
106629
253912
183546
240215
106735
48785
222573
214597
165967
178958
176961
204562
180044
176472
90333
213000
113533
195568
177910
0
167464
61475
231796
227941
224386
181071
207290
109021
229805
208275
219855
75700
207980
261653
138554
205025
139982
183241
129422
136880
111421
177343
172725
123425
220332
170881
197182
104770
222989
212793
88889
110181
256855
142231
11818
218082
98682
195597
211657
189641
179474
98551
218248
11319
192332
185542
241461
186508
171264
228434
228757
16630
176665
45322
139221
250472
173069
216536
202003
99150
160308
138240
68863
203154
70206
261231
170175
23278
138037
96328
27966
179945
192816
21666
5258
278192
208862
203900
192158
184910
207797
95511
130739
279951
311419
173789
37849
50903
107732
159863
161106
59613
175542
180880
213729
85954
151909
167248
146197
53125
210366
224528
166067
76185
180972
270139
191722
234171
130850
168023
164886
111073
178063
263511
76947
147529
130068
130794
211533
153062
251120
156694
244579
146320
97443
212188
171955
169741
59436
55591
76698
249123
213256
97480
168055
62378
93216
243267
253902
111353
167927
178716
108313
223962
169760
292896
204151
136293
61448
202023
230046
191246
240929
161258
127235
195884
162314
32518
205212
151084
145194
126539
147443
189289
197184
200715
108005
197790
183974
97216
73728
212598
236905
160267
164526
44426
226049
120682
229223
188941
203098
158630
101566
162366
20310
189128
146190
84059
18853
275527
187205
85042
219784
174983
14951
148276
262467
109978
41545
102293
100597
129018
209093
241742
202330
19769
169059
169309
183178
80444
168655
30686
70996
250776
98636
138639
117949
201457
161072
213353
199485
34995
54425
78790
275720
153669
221067
68664
220361
82466
172923
210037
109424
213678
115668
137498
207945
117956
222152
177591
186154
134035
9248
149058
51340
87525
14242
258717
176949
11461
215639
164348
66139
199757
15053
252210
1294
85854
144067
218762
27690
108790
156909
205803
226148
211890
185195
161284
145123
6828
83128
240017
226181
99906
171444
23215
161636
218163
88008
93405
213798
84535
7775
116102
12445
142981
215768
238335
230171
245603
183329
31382
265601
226764
111095
102313
105766
235348
147566
143790
9085
136507
162470
203369
13026
187371
187308
148173
215327
57383
120081
218440
149949
32577
87542
138671
216772
220375
167928
222030
264161
12737
184277
146627
203984
63152
76988
38826
258381
68273
183249
226038
148161
131120
198920
266752
225316
151325
173828
201543
106682
161758
205502
237923
202525
188479
12745
213089
138789
171766
105868
94256
136313
46575
172934
163594
185756
155299
133694
88739
154876
176097
251609
216203
192350
238590
230709
125648
159603
220040
189792
227745
70672
142213
188253
131870
60491
182730
194959
236725
148008
62721
51514
178531
217116
80646
111586
163979
231670
244549
97722
194791
215547
178488
131565
142259
187434
246807
168418
220856
241850
145614
220186
204728
180640
97585
92977
138334
195652
70977
141188
144997
225656
202922
161954
196027
19097
185653
226527
234306
169893
87551
239571
194844
43501
178038
162870
189750
83765
192115
209414
75826
226726
128041
75757
168811
143315
111482
62248
112868
162284
145360
189695
187104
195585
118668
216426
161682
160408
206865
200989
54194
183448
260087
11124
187934
214788
47733
234050
139743
229753
210625
194514
258535
113329
210473
176954
158048
270008
205371
254659
171604
202274
183683
164942
112500
134850
219402
176631
98338
216327
224414
14543
249881
14476
37818
214561
185692
139222
92881
242747
180362
201166
260175
207689
144919
74938
237916
141071
182674
188526
14815
288649
258980
161391
162056
219410
124513
181919
94061
122968
227196
41829
204064
221813
184479
27861
132507
149193
176053
74920
177085
208741
252055
211971
135843
38473
219334
233320
17240
221238
200260
212988
249823
162893
245867
135284
195304
138012
68063
196946
209002
157297
200568
233940
165206
167542
209273
253485
227173
197613
206108
209501
199105
271408
242246
273675
178336
136003
199713
218218
129700
244048
18495
86608
246186
195444
122720
192430
163003
245583
76822
153920
126009
295587
83062
124676
95124
134344
94671
167105
56625
161799
98055
232576
145055
230680
181177
272236
57785
188360
144885
69171
176130
279964
16705
240569
127187
206875
212146
119477
167537
189086
6476
55523
207134
381
196502
247813
185536
299893
212638
203406
152356
181037
55239
47436
228258
92608
157143
118070
248685
151892
237828
64862
133960
209667
147354
252143
144899
125681
237398
177574
274953
138203
208030
213789
175931
133126
178373
34024
226013
218811
206439
23667
207936
96385
214112
216976
137040
179836
217577
162700
250325
67275
179102
105423
88013
110750
284505
115870
72117
14818
137943
12897
38637
167236
175949
158705
245024
186798
160058
179518
218646
220088
210756
198076
199783
168767
99530
29614
229363
248778
186544
139859
188641
189971
104576
136637
207468
215809
162340
226206
212476
163823
160319
136038
208804
217916
199033
230029
181366
178270
181599
83715
129856
83865
5934
127386
200738
107735
87253
104717
247720
143500
252280
226109
229065
145861
156051
247269
165283
60424
49490
80833
115865
129990
182279
198635
233473
86447
111626
214693
38419
204835
150874
191840
41596
2190
80415
242890
16204
238283
209518
214841
204020
196182
185281
20648
195822
107607
86793
235773
168303
236353
180091
160133
13457
248200
213893
221308
58287
111775
281112
131956
162882
72090
25009
130481
244711
168272
172092
84789
124194
47153
307746
232456
235234
40056
145083
208806
169932
71443
209688
37976
118744
22097
68306
181695
177751
152051
212844
88414
133245
123068
155056
250523
179467
152269
250148
81684
116659
217932
187277
197069
117031
244421
230307
210676
236106
128124
130536
104713
157029
195067
140431
220019
153293
123426
38681
146221
189836
141785
186204
26478
56426
157672
216685
179568
167729
268667
181235
35775
170620
85708
93846
248708
174496
178822
207661
141402
123907
198145
250696
147721
191708
178889
193336
75891
94827
200442
81719
138145
71295
107275
219678
247381
219048
119794
95804
169864
184353
126634
140505
176778
27136
207092
184163
120031
193405
180234
211093
116768
56264
75447
199526
271703
208566
160706
247341
49142
15498
181582
87580
135227
177590
205518
263273
133434
24774
175604
212719
199045
36839
90937
152984
251767
213105
250290
55868
236076
3639
183592
184592
185188
175681
44014
281301
118607
199942
203136
113359
162375
200743
91638
66732
250557
110862
155163
206338
251681
198629
190161
188148
178749
7314
116903
87822
83847
125093
240234
218288
67118
150508
170219
214094
135463
208929
137965
93040
91612
197024
214288
200698
196047
255894
216171
72610
88080
210150
98017
39419
203013
200220
192949
66360
174419
208169
216310
134555
194142
125962
287201
98977
68661
205474
121544
58620
218004
229237
167717
274689
196838
74055
88547
214052
123942
179152
225780
180656
210134
237121
96848
168507
187349
134236
201248
197020
223056
91749
93068
257471
221147
144465
97572
231276
109873
198944
23566
154934
98246
38563
260372
142101
72617
66230
106457
8326
216908
139830
44883
223722
220660
16534
73938
136841
278499
27971
156050
199828
142405
145710
104732
197543
131192
136871
193496
26667
194038
216175
193766
205152
59465
155144
255204
133493
207983
199482
211349
170083
59791
168123
237742
156498
145696
187486
197193
99360
227653
183128
159278
205384
177143
226203
67468
190154
222633
203726
163439
157266
237476
158883
197483
211056
161925
211223
222126
218129
229159
190167
65181
103743
170937
53198
182136
163962
211558
162074
206840
212020
234671
57874
105575
166046
206102
188114
203307
209360
148609
201035
111545
279255
49786
56565
175541
161174
168111
53578
175063
146123
128550
108846
149139
125860
206396
46978
69402
245965
121629
79000
202744
97852
198646
86396
4101
246314
219424
189182
204068
42177
138504
209255
212900
64970
209933
146823
136470
150670
277526
45194
166593
100439
86407
153582
9250
226296
112230
94610
236913
186686
209250
123370
229810
137850
163484
173915
198987
216721
240820
169086
205329
230993
237271
11812
131627
89806
50699
51149
200795
195463
121673
152248
183752
171328
191841
51598
214332
184386
194143
94096
233688
184846
227557
98124
191823
101290
256260
171471
127153
57276
204171
248299
233713
186539
86921
193757
151797
95734
151370
81121
143741
148856
192
215786
265490
134539
169063
159453
262353
211489
89471
223850
138364
262187
174811
204633
151999
216480
73535
158673
59949
96524
226650
158381
146718
283864
236089
23890
56258
115783
154101
27710
122461
45702
132164
185521
55614
39724
179632
233947
213002
214527
203482
132093
237800
203267
168967
191548
285106
157532
268327
292218
171205
50336
245242
191513
115445
191001
147293
207133
31718
88783
99295
159683
238592
172490
160313
21509
195362
100673
154216
118472
234965
179544
189600
218768
86346
193863
8821
58974
88916
67102
177428
261689
208283
96292
145708
243252
94449
143902
82976
189578
169891
176892
144172
93499
68459
11459
73869
205526
209321
115520
61914
159724
33826
162832
273165
87399
163477
269609
208010
47485
289826
125044
174524
54472
118905
174169
216971
209899
183233
193668
40130
109739
75968
94156
226496
63366
233698
194582
193674
223646
47385
210872
255357
122693
154763
204729
104438
185735
190951
62895
208591
153127
166260
20437
199619
188496
240968
128854
162576
220098
259356
103445
205446
215833
208353
169434
82626
102966
203460
215583
224443
151983
54120
117023
109176
95764
119556
160187
253084
197736
217149
163157
269210
141814
255492
280195
180062
41331
193876
171320
199328
84852
165296
195794
92342
249453
181051
195330
161071
177854
8713
185656
206652
189019
265981
144357
109240
167508
213093
220533
210770
108142
158134
134689
281604
93912
194860
126222
104998
243506
220426
163972
189345
112084
59561
132941
251678
117654
236873
214824
100280
150227
129363
253141
193230
102997
54171
101443
211580
51845
147839
149587
187371
66903
81617
188254
207110
157047
124201
126672
132310
250471
91589
173050
231320
113441
150944
106685
75833
185984
180106
161803
271522
217502
235534
196558
197682
55568
208724
111294
177302
194654
35598
86870
163356
11221
189815
166065
186702
122280
179623
306318
252828
103977
156652
69764
157561
70891
72509
54678
126180
106009
171999
173530
154054
210942
197630
175213
241744
183268
197548
79506
96646
109835
92051
99295
95189
164470
158363
162039
47929
238592
249583
178548
53936
263705
179452
202651
10878
184014
164814
150335
280496
150880
76832
192442
213046
130619
236178
4324
89192
125933
109616
1502
154763
185183
213378
240363
26046
90293
216289
35527
219339
174259
249910
181930
205778
132956
210308
218828
73941
86289
130008
60395
222781
183523
116174
197014
173460
730
199029
133584
171470
170367
178519
156777
154280
216592
168478
64061
103934
220769
55893
245505
255920
170865
204404
181277
220783
158743
183066
181375
134134
136230
210490
161049
74113
219704
147584
214537
232704
156554
184097
190166
270539
211727
67905
33241
217414
176445
128861
200312
13868
165407
195231
175287
211844
186054
124661
155961
6969
33907
160370
123946
203952
280222
147267
236500
15471
68987
112100
117893
130770
147000
78065
16322
93048
149483
251422
254833
37451
31153
251249
125181
200771
254929
94979
130695
201496
207257
129507
150695
144339
176183
186681
169317
182566
137955
77523
153627
162466
206172
204017
172324
138613
141732
94841
32897
190714
67851
209909
65162
169564
189017
239226
74278
121852
234512
199957
1326
159603
60853
175620
36152
47603
259646
130572
179601
185405
47939
190949
13380
112193
94318
180049
203322
218546
82361
189937
164489
195744
200807
211695
38870
117187
173682
211121
97087
191698
108340
227790
6360
247258
149406
167751
188333
145634
71041
141978
176596
100494
145402
273185
224299
232843
172918
144693
191086
174373
89920
168997
112431
18377
194337
160170
144009
198832
161430
240589
252892
139838
198743
189996
97263
223847
164122
117447
203010
165495
49446
124872
228234
194269
212604
61052
196956
95903
147665
158198
204330
222369
124642
210340
216894
253085
165445
92833
190853
131429
146153
229887
160369
62892
192337
677
212519
109498
219563
220272
228822
242155
156885
112592
196488
113314
169924
120881
207142
204987
129782
216422
96954
203683
211258
180463
158363
188589
37971
130329
146839
72574
171212
121836
223375
191012
42100
196434
12466
184458
186075
255965
133963
164904
219352
205571
44649
128424
7499
210481
108084
274415
151654
194942
190726
164160
225369
128692
211547
105369
76965
268359
17609
273539
177788
114319
238069
199579
175234
76427
112089
155586
58541
37090
212914
87022
174431
214984
222035
255655
189537
204595
72647
266893
189925
207505
176618
251851
80412
132954
156934
118677
234604
92535
201836
175453
193974
165173
206265
108489
245758
279470
76954
232799
250832
99304
189225
242196
184878
42821
185354
127186
214331
113038
161867
180516
160831
131718
198273
107058
96852
66561
217217
215391
131366
85857
154663
171669
230382
150807
64155
108213
114887
196758
210725
90834
201069
57649
214469
77864
194206
156426
212029
248981
91330
107923
209509
187279
8134
24143
252011
184951
169945
81273
113345
151530
136248
56147
221897
202692
217040
214606
214059
184191
170387
86628
223631
222294
40082
54834
179060
184874
231093
221276
147796
235953
30566
195860
48337
112605
200531
152431
106308
199328
266504
111512
179124
11072
195554
49042
45922
149568
147838
150767
53784
40557
180216
263446
131467
307736
204936
11883
13481
242293
292985
228474
84426
177963
184937
84836
195454
216249
2764
47833
80345
27832
189102
105897
214506
105941
92616
240722
96254
176630
225332
132401
36771
211105
101380
235599
238162
45876
101397
100297
225806
140803
178467
97713
164816
168144
83921
102925
186601
145821
183205
192584
196050
2517
117639
186113
110741
4100
198357
129762
34530
176525
171584
190181
56080
187837
223211
164743
128788
182567
56543
104670
177654
104061
32405
30999
147613
24173
149869
218262
128081
217785
138267
189348
192360
218116
87942
159546
207635
210889
223421
303401
184203
192080
145624
273638
179098
125792
163996
202878
156923
145325
259149
789
71797
208350
218407
153831
188658
145174
115840
235839
176379
198057
158163
66116
211722
195347
175705
155655
191087
203998
133774
153535
49554
227256
183772
126531
81470
160051
228182
256481
256789
223374
117380
189387
197778
118443
312004
94744
178216
222851
173096
52330
225630
150717
220490
46834
86555
144912
161433
61303
239112
77946
143490
231193
239556
214228
261649
109714
150410
146005
195040
122049
239324
241364
65637
129152
254148
179433
130752
220042
161841
166774
151301
206502
9868
196122
106503
178949
228644
212324
225967
231209
224726
183694
137276
29839
239308
186454
103547
231026
23818
90404
135457
243486
129824
256099
242401
254190
191013
202955
223190
109793
196678
146817
205216
138183
154172
134481
116934
124550
13490
164905
234388
192073
118468
241818
60531
178401
163363
107289
177938
133457
144700
237756
55741
155434
66410
97731
172200
62379
7486
125152
108053
141347
27327
157002
173680
236121
183799
210727
266390
197462
215764
87064
193316
203149
147593
148359
123432
166777
243186
150223
36292
173890
238539
162633
208055
243035
150050
238954
50872
194167
167092
230194
109046
210106
214791
174300
196473
237231
150128
186806
200022
38104
205832
175356
95822
176088
138765
131152
95853
30311
130704
221853
79240
136501
327
134059
260622
70157
147598
112184
290942
242765
88764
243470
143077
117840
244330
68739
228825
166287
50883
258767
23594
167497
230281
260967
178723
147109
191696
231304
187702
203104
216340
187238
56606
180059
124485
158287
215344
64745
148286
207284
259960
59630
227697
266590
112111
28761
192845
192937
292671
133287
8020
146223
33844
76889
121140
212740
220286
190167
210664
202366
210985
192952
120038
175100
242203
197486
83322
15634
94135
255705
202515
152495
200746
264443
248297
152635
153464
202828
93455
254916
149056
153207
181234
268123
197955
149165
180330
147544
180897
103623
262422
214203
123279
4574
97631
252043
202002
119102
183777
199627
155115
176572
121281
72044
158267
191262
207930
29238
25459
207644
217903
168898
272565
226575
186306
161168
211848
242396
189327
129432
210901
578
71764
195577
198647
161338
80981
141814
133175
111938
254053
161640
36984
223901
51390
16722
133962
213312
168109
161510
249276
170492
132940
160675
56734
140897
238992
72256
183554
209284
219022
225577
232098
144087
204716
96444
141368
185738
216999
107688
172875
62702
67195
127971
112883
220702
243218
215247
110060
202565
183583
129804
183454
134691
174825
23489
183174
150517
73933
220592
156971
276787
159216
47346
236551
121360
139816
208214
251713
168956
122763
73898
208371
108053
219671
243898
93486
270034
154738
64780
194842
13964
236655
220958
2610
157663
112038
101154
176711
65731
151092
210343
118732
184816
174497
57580
201787
203514
194130
186250
194490
174480
117859
135171
157139
180248
150692
132346
106181
195607
89428
160948
189436
197304
229002
193252
45388
40432
97349
138188
227292
124599
201603
134732
126221
182465
110162
78145
239091
253397
209193
225911
236872
27939
251964
145596
228934
266563
75430
199967
147882
211350
170558
232088
137806
141729
114131
307955
257032
234047
93566
220480
132518
191981
231710
39838
188722
228830
57912
163813
149973
121713
59593
58232
81448
63197
158562
139543
159095
176354
193406
206189
281262
172039
167338
187677
135831
111620
212453
263620
293
183658
152252
147945
207128
91657
111895
215162
99635
296519
155196
31211
129622
48068
207287
164053
138174
111506
171394
83239
161259
234835
100329
170201
151315
169841
194639
276860
104774
52206
66089
77060
11873
202634
224596
144872
121478
98146
93777
182006
246661
206778
184847
233863
271830
197345
9686
200281
67534
121664
213616
71825
226411
88381
147672
135551
76758
188501
115421
247819
132946
88724
184338
167825
247174
234286
226205
244112
164143
115906
74180
225945
296123
226169
116610
222175
102567
189963
179166
217852
262647
218755
180844
228864
19330
234648
153390
208589
137519
37438
42892
6620
80196
127774
209526
184891
235970
262629
243103
209153
112229
104889
279545
146853
202903
148568
80485
74093
224373
29177
84633
207447
193919
238338
140534
66969
132060
199317
188820
152847
187871
182055
144715
226961
226400
215909
195665
229689
156985
190274
162721
192490
221765
22106
140157
213224
180067
272814
217034
160717
183388
252015
42367
261603
66838
222238
228402
91171
247779
7754
62914
174138
200170
199330
211149
198709
227046
262943
166881
198113
171067
156120
171868
86334
104985
114180
172147
172639
179691
200746
115871
189848
100667
62498
71688
233660
119591
94171
174274
165099
170538
231258
145471
193256
237291
186170
37737
253013
213721
194818
105270
229007
254396
182154
114806
92877
47451
71977
67805
27531
166557
185643
175285
165736
243483
169023
101267
201767
184804
115549
152327
29554
268754
198555
187362
275330
59938
5357
240360
30337
231145
160921
169586
236485
234932
221739
261600
164331
238064
191556
105594
202586
185734
160536
141291
260160
181486
134792
241141
201026
215909
215489
208080
206652
68568
112856
219268
147580
191287
189753
163528
164536
208365
155196
190301
184064
168438
105345
254440
226278
186423
170667
177695
234274
77525
214330
145270
86455
56483
177928
121388
190895
54571
213842
253399
194301
232014
55831
155404
266966
28806
174683
27690
222062
141123
177131
81694
268935
122445
211244
147194
10779
202082
217621
31762
308161
247203
79356
249368
56115
46850
62069
234082
146154
176651
194372
180600
193739
116544
111471
166953
35237
77749
171822
157639
148120
165155
194239
190872
57309
127204
172079
62341
130280
45492
214228
206573
106266
23273
228466
174256
208031
166022
33860
190405
156620
27501
235306
77107
201765
161674
214542
113317
82280
162388
167863
200411
141416
214775
213155
210294
227081
141647
181949
230685
202867
196795
158391
184502
99149
213063
271966
161213
203197
96256
136959
160326
220633
213350
191243
180026
208334
128331
66168
213877
195647
210224
210637
160074
215498
180150
95207
115446
136601
87473
215659
21497
70259
180331
190005
104254
204356
134828
139185
141353
234063
55136
218938
156946
160964
215593
148792
202433
8303
163127
124465
133611
125696
191216
129095
165305
183577
198416
106612
205889
199515
217624
186400
217505
221492
250789
200976
39931
183630
136156
52097
142543
130472
278491
189466
216571
205770
45386
148056
164423
47402
270216
126541
214222
159383
66081
247015
141927
172413
214250
154375
228696
151620
197029
79729
257589
184660
216379
152583
83249
235450
175401
201633
160308
232202
165043
81491
182556
31363
171006
257614
122910
227586
46348
52889
122404
133164
159498
170666
143133
244739
194333
14591
171467
202667
19418
142686
164546
201080
115407
36191
218702
85523
176541
130576
279173
283100
191224
177568
101826
236791
215722
269172
123565
197538
97838
215387
150266
192687
24523
254358
236725
101763
186081
193686
209464
126795
261912
195358
129890
196418
122020
160687
126576
213124
179508
212822
217041
237415
162672
45488
247739
165663
187114
75637
129899
197132
208588
191758
225054
161649
100242
137349
224800
225265
178219
50113
159824
286542
234851
217658
210660
142201
212616
253821
5616
52343
86047
199481
226900
213730
22214
129569
186136
160412
58571
202682
152887
177683
251483
240647
238657
187749
85818
209431
139240
116692
265217
183732
65718
25684
198077
160217
149891
240128
39305
209932
90826
22682
137134
195797
209587
231785
197712
118474
145741
158443
221761
181785
234987
9282
104429
189742
220449
198541
59084
86416
2269
231355
121381
112598
152530
155894
224613
292173
187842
223476
211255
108335
206295
304985
195687
59909
194016
187853
60856
199906
175132
225670
193050
25642
213055
220142
80944
155866
236549
37674
199195
175156
196347
78814
273096
112600
248089
147469
128555
211283
218399
242749
133672
270329
179232
147059
114365
212391
120227
106485
66439
162521
266033
202183
163964
105979
184812
57012
180689
214635
34896
189063
141887
72643
158128
218193
103529
109858
177812
111063
200903
215276
1055
235502
109517
30895
129564
233762
201020
190664
228221
30976
224437
115805
132059
197335
208722
15834
204099
196396
96134
193843
130943
161806
87839
160878
134717
155934
202342
224928
174141
220850
55191
216875
130394
238943
110707
133807
184189
81663
208793
213806
195226
112750
96131
155801
26853
22315
134923
172849
116579
183670
110039
161186
222306
23151
142805
177186
30865
160402
18609
213316
123145
61449
167948
147328
211286
216358
242338
214226
115837
159605
137619
132885
148530
106735
243461
190596
63977
129127
187548
218539
217742
132882
239056
120662
104660
90883
85933
137128
87128
188379
264175
189780
212661
207396
206350
206598
199604
220546
190642
221406
174060
177452
281603
3898
175329
34146
248502
190197
191335
217207
202753
47569
138688
171515
190130
194520
200356
170921
241025
109858
184235
247333
130644
168961
242543
135745
106593
232304
190280
139038
36577
43527
223686
211561
285156
50142
29802
28099
11109
61568
166808
231366
207234
54205
279691
168451
192173
194782
33000
190859
213401
84152
218936
137062
243279
146298
184915
235772
14694
242781
119128
221330
230506
125620
206716
7074
140721
62272
213355
198929
223136
88430
172807
177844
173554
194949
217930
144589
217175
124724
215438
162219
205094
200998
221032
189603
97887
4910
224190
212325
126222
164676
131168
127002
142148
142328
159153
240195
132280
220692
76342
184396
105463
135317
154499
94605
193914
132596
150708
280912
230034
223908
285984
199316
121638
138176
182867
169503
63670
190646
110218
59256
25754
227721
194201
166794
137564
269778
41657
102064
222487
217878
51849
98999
213676
78219
234447
229771
233949
241794
207899
172156
158009
81081
210240
75023
171278
195435
17399
292704
239391
29900
219348
194838
240778
155858
189551
147782
133676
76888
152920
255445
74820
168495
159836
158052
74449
211989
124135
217097
240545
17806
93410
185519
257694
106825
140265
158739
226626
205430
74494
100586
46442
143555
146664
79556
152274
204305
236470
177247
110526
151844
219025
262649
146834
251156
168786
172832
199802
88737
238226
173201
154482
303462
215805
117028
222737
151255
104725
184469
172528
214997
266477
202073
191222
281042
197635
260002
123229
211161
140844
62340
218242
107183
222362
243643
134459
202001
151368
92184
207764
171463
146375
128804
201582
181132
235848
174622
169050
215639
10062
95429
122391
223580
36034
271799
120553
274909
205276
156563
6769
248671
205957
242298
27650
142419
89607
225705
22430
216825
124797
204465
150538
235765
155599
95985
79557
147451
105101
88718
58843
202259
188656
218737
146003
158581
242534
225482
236268
171450
266225
165976
170946
164667
225367
210885
186455
112404
207382
233604
232130
146884
171645
70125
179141
189963
171192
178209
148237
212710
242267
184241
184718
177873
76410
191778
243438
213276
166079
260384
23921
247980
256015
152600
195627
253613
84832
258204
48070
220655
45971
184428
215986
211562
121022
232235
221371
186344
196687
62652
90059
162158
209759
90088
125762
149846
81711
69135
147656
180383
192605
187848
176140
78135
152473
208172
44520
226784
103529
205590
140934
193368
262317
232327
252490
213009
127118
152033
259247
87768
207604
254025
45540
164801
218371
182763
222851
181694
156229
36465
216455
194170
141608
162905
85893
95380
167406
257830
227763
104760
181789
122313
250474
113605
190108
110220
284688
55808
206478
183444
253189
62466
150278
76907
96871
21555
197334
188525
216085
103746
152043
72804
66872
261876
188806
132331
86119
73872
123851
245677
162414
66284
253353
192690
183504
217433
94088
89026
150413
229341
205389
118980
208675
13675
241945
225747
145306
153987
231793
152222
310920
125843
164613
231516
222152
185321
214842
83052
249250
194968
75916
237377
235037
127380
96847
203323
160873
257938
180693
233485
234372
180876
176009
71266
197468
48588
88068
83188
152088
263206
271089
127045
210360
243121
103178
137422
75253
245491
124764
81059
39377
97579
22674
208678
211755
229989
116726
200476
178563
137401
121202
247162
214635
167686
78228
214715
74861
116630
237642
261599
178778
31115
21407
171278
94307
123934
200698
210925
104758
90448
138672
129395
204219
67355
91053
248749
125108
199744
167805
243051
214264
106793
167855
195536
197014
206521
225879
70467
152197
171823
220598
144746
214647
204116
181485
211370
81152
216710
136599
237452
187385
216418
23513
201545
210427
244176
135335
63213
250788
149975
78022
35982
218086
231682
76868
159572
190004
156939
218868
152159
202603
222664
60109
179875
205679
180900
227997
160678
223417
175378
0
203425
103303
22802
20671
92596
171125
192377
100075
215444
189325
233471
145745
216037
240106
197729
45623
66915
199098
237353
171488
105577
30787
211300
235295
201963
46875
36035
123708
91414
153330
193106
121879
177515
282012
205935
179835
22500
129883
106585
96856
123000
186846
82621
238847
177490
189618
195257
226605
146286
37830
122110
149081
168249
201080
238664
257134
213756
219524
217549
261357
218810
199233
137299
129771
258755
210973
199060
133363
121462
141857
220166
215854
182456
198386
173119
216477
81082
235703
139251
107845
90610
71488
177781
245322
216929
183127
200171
23452
59634
233035
130803
170003
204495
46539
166523
151250
248018
184540
212138
107576
78458
235729
228793
275094
111583
226665
278913
165187
230572
114578
164965
94338
20009
263304
104241
233602
209311
252926
252400
142816
34127
7249
64357
203725
222136
191488
247511
3195
195300
235434
65578
113777
32288
220830
88848
101433
223631
130605
171601
194477
119156
208205
213257
138098
174993
246117
23179
293063
109292
60553
244250
11571
121799
204668
237016
184623
72420
93619
140358
166123
141542
167174
230673
225586
99637
153992
197317
246214
132929
156654
165651
217029
230624
17038
188613
178609
216198
163610
49806
212630
69796
27197
146316
99299
269359
208180
46442
213481
220724
255800
138697
153821
149211
40735
225462
198414
190380
66737
182476
129536
197003
240328
200741
7543
100824
158082
191315
182832
140724
167470
226106
268229
56745
3597
231423
21122
214732
39984
278448
211506
226180
145558
153526
162759
194544
137482
57358
130419
139173
187333
118208
189618
203951
158793
101071
236570
145619
144506
114444
197846
193717
33699
207519
201755
206363
16125
279809
176573
188585
228733
194121
63138
230622
161431
237730
192395
210307
55397
157305
176208
162068
70290
152959
166470
101947
23917
236024
236580
68390
130259
125381
30659
208359
174951
229084
255879
125747
15625
250237
65586
251957
118497
163109
132161
179071
143812
143045
248964
189328
252582
126225
126285
179818
88826
51476
14162
210666
154413
167466
183135
121016
148206
246200
105184
55677
117426
2053
196140
206870
108500
115383
32540
193664
212275
187178
171103
99166
207432
89476
235252
159990
180762
110896
212764
107753
207317
85129
197584
188084
184729
135698
235702
27199
28461
92181
225418
60507
59096
72370
256815
219038
219286
251935
31873
213760
221480
162385
244941
218946
226137
173896
141988
122031
236436
124138
112878
215898
79659
113203
184613
54573
101327
137776
186598
59869
120102
120107
270544
174350
228132
288017
92479
162179
215593
66772
78320
218640
229653
200741
177744
163374
153413
238133
207138
145307
159614
203600
238076
209664
215447
204404
200621
178160
124949
210270
213277
216094
79686
112922
265615
172087
216409
13310
125708
209760
136093
130672
58652
116507
39773
179865
71615
20715
150363
219247
206891
198665
131263
219893
190444
140836
125961
176290
210686
120585
119888
97912
105946
210
230753
131550
182740
193077
87541
163021
204473
118527
213526
136647
238738
155264
194835
182165
121345
182751
123578
161207
157906
3569
183285
182474
184288
219190
205230
226769
102251
164386
110932
132376
218320
164953
214229
191409
291236
49982
225730
214885
114026
31621
267201
80017
125208
200684
244641
93824
272867
145460
186451
162083
200112
176711
184445
115858
154059
207217
191473
140748
188362
46205
204794
156589
153721
204089
181936
167883
137829
58304
65718
27088
154095
117385
237063
189424
258313
34492
233947
55979
289262
127029
261087
223686
41721
170604
182981
237296
104660
259118
188346
76447
172433
144088
172683
177886
270589
211876
94003
157490
250932
192745
110752
113629
228964
141888
142444
167456
192901
221697
216404
75140
35948
222864
65167
133014
30293
215837
193634
271766
62625
48376
140583
139655
30143
193008
150454
146587
93948
179847
214083
11611
136592
211173
270116
155592
119419
140763
137957
183942
109116
185605
12576
35953
222681
78522
217514
239875
221977
162739
172829
112764
40817
96696
50413
168234
203374
160525
113158
201925
145879
48149
232664
191643
156400
111961
100366
115675
190987
172111
279008
172665
198768
191959
100640
214433
106315
156488
180069
31322
72633
144570
179343
11160
134791
66038
161224
160505
207727
169774
180531
706
57994
152705
218792
184325
206729
194835
50259
116356
218810
13754
187801
237493
85923
163244
220418
73892
87199
245810
229975
143539
278602
199476
148950
249961
219602
137174
48517
121689
152787
117737
211178
200924
110965
34523
194507
173573
155015
201397
19442
227314
197958
155673
194703
140367
74439
964
182798
254746
267212
271832
166776
136847
179719
188972
219320
163318
59302
37162
120272
192013
214203
242133
250634
225922
163971
212485
32473
152768
36166
164953
253851
128770
163765
188428
200494
287009
169222
235469
24871
85978
65724
116855
263537
156961
188259
175117
182822
258122
26265
133898
55634
30229
102250
162211
150877
143091
289777
198619
230256
194763
135611
7299
9458
223067
214889
156682
187690
243841
142505
151456
35668
134361
213305
241653
149246
86119
15736
142719
163061
201996
91191
257527
227076
144128
175436
194479
139614
247871
53576
186897
41668
82714
82245
56815
222603
181800
97905
142191
125043
148805
181845
153194
206672
150963
35108
243778
107684
64699
154538
238695
210006
127343
89107
117840
241034
57586
37716
164599
68681
119374
103642
39578
143938
87217
206840
222546
280328
96114
188018
192212
220583
151618
181811
208456
177023
169453
247427
160768
236169
188141
169608
14038
69705
137026
150740
58386
179348
276221
176316
125278
262840
158356
178699
120642
198159
155006
87575
154055
182129
181730
161156
220812
205335
135882
212132
85121
188582
217764
129858
84141
222148
205930
178173
99071
70563
182947
227992
113655
237919
226760
113873
167768
210238
256379
13602
186852
243918
199010
10270
27662
23745
100415
210709
59172
185950
110425
234849
66412
143262
62707
240394
243407
185930
202122
147597
240229
182317
53941
207647
237207
86044
141491
168839
155540
242574
127848
98287
184323
176370
206190
60411
131062
191071
156455
123159
177710
159232
191049
228420
67710
96059
68281
156456
204378
126028
99155
19750
171451
209657
256301
104552
271379
98573
207140
127813
74700
8062
246622
237322
260649
207604
106617
39873
116615
194443
190881
186159
191497
120534
203175
213984
176528
54934
187059
124508
285800
70380
159461
226728
187786
64377
218348
82736
216301
87466
117485
186123
237623
116146
167283
13507
38547
141588
223792
248458
134329
205557
188826
90354
137288
224082
246907
9803
103360
124188
192576
148317
170444
202382
192588
236336
209423
69039
117037
188931
177521
162286
195613
75956
45669
181091
192702
185152
133424
211818
79917
36680
201798
172006
43542
238041
195449
186575
35821
166812
156969
81309
230407
132270
147279
154830
156297
101408
62322
170217
63428
55830
257586
152908
186572
185473
38270
250421
142794
95004
184570
4947
173357
151162
68620
104454
202717
207393
67538
18210
246238
196064
194487
183230
79631
197590
168103
213535
232556
300317
224199
225625
234031
202222
235851
84824
261659
158061
99116
81296
84063
228311
143949
213232
143959
218718
224986
104720
159124
222073
162986
193021
72604
192921
131630
59399
114158
102523
221198
208875
99995
114857
55056
108315
169175
12406
206609
215940
57222
214847
236948
168634
168222
71495
131873
141319
106438
228928
38421
157782
170646
110133
215886
134483
51222
113781
204812
167597
49905
105681
63363
236235
131369
196133
205626
27791
160203
205888
43739
1558
163679
107528
310454
67003
146772
264951
83316
62636
71881
161334
192207
105405
11821
245059
161028
221064
122276
191800
57629
171214
304597
53049
280404
93371
106342
86738
154670
58283
134114
119871
117477
102894
210281
307276
222399
214307
137735
195084
40031
58879
187622
189775
164910
228738
202766
106197
48964
223342
165875
239951
145185
180768
164554
253044
188418
281592
130529
174696
148899
146214
245405
79384
210508
88086
21940
197370
252727
260321
115143
225806
69246
218760
160103
203642
121137
98863
187675
269423
49427
16759
107654
56154
212577
139823
139362
175749
151311
153721
187944
208968
153581
227761
223690
171854
67225
203048
179121
35927
72884
234670
177901
102204
213811
80320
215760
16930
259082
169876
215115
195427
27307
126390
179728
170303
76857
145420
253207
229879
132488
218947
158595
201975
245485
102581
214046
178048
195143
106788
86864
188990
123996
207542
118937
179645
170735
154191
217750
251571
131115
182590
86578
73446
176520
200401
155071
69244
94069
219119
165284
190924
103026
18795
61254
141732
134466
136684
203502
100733
99644
181950
73817
137842
128809
43934
251176
234163
83102
235726
170617
70919
143287
69009
166293
410
189845
245908
74713
133511
250722
109018
40225
138222
205789
234557
202121
75412
138571
111101
201886
27329
259416
200363
259025
219107
209508
160206
159535
172612
84064
126215
134989
155107
199252
201843
134529
100470
220258
200463
212679
241482
234450
170146
156129
80574
90531
274093
81611
208457
243690
93054
197744
162003
23097
141250
183335
240228
47787
42802
164560
229175
173331
94632
176922
156763
167536
146862
213453
187301
242423
150077
186743
148528
21370
176174
138779
226352
219796
85551
188764
210890
69150
182283
47875
106896
173102
136130
132914
130440
104462
222614
51542
73108
97803
213246
180360
167150
182772
182404
171249
195408
103227
197729
226579
45439
139387
206534
95874
44857
113482
121135
232235
104958
217457
53604
104796
280904
152547
21471
74044
284345
166977
204850
143793
232420
236659
256714
266242
175379
173870
50143
35890
216339
5617
185108
268362
159976
229274
48049
259577
196845
118008
142307
160899
213514
49411
48358
170649
183590
235496
166355
234960
212262
210553
86224
209862
207284
124870
45615
133497
175839
111092
214839
142749
220475
190968
120292
116189
138789
169468
141679
248397
231721
133272
175892
206483
125264
152819
87006
88456
155763
191757
218531
231546
222143
127715
38263
204728
227127
62543
198268
145116
211091
163036
213822
81433
145091
155716
241281
37266
191213
206392
111646
105648
187389
211280
98374
154925
158054
214250
159424
181851
157423
216718
170724
77652
24839
220434
244266
178119
151940
111878
36952
60556
79047
235560
627
158077
125842
88988
100755
193325
135776
265271
176993
693
245839
71975
174112
195727
225763
236806
252460
183902
196960
25739
166228
71152
165439
118620
179554
106247
44968
246349
198896
203502
55097
196510
246159
74033
144599
194252
187436
57453
203632
197818
12288
57008
234089
239949
143150
124186
62721
109864
190928
132220
160168
58760
280137
190315
189402
206033
68643
224529
237473
184363
189581
169680
136297
214928
218503
128269
32583
249985
227080
59173
80547
191463
238521
98721
152439
198657
174389
157323
106880
214206
190241
201271
96143
41995
60219
202051
222119
265279
175614
225605
144107
234707
177305
161386
199401
19718
35465
165322
149911
82699
285220
244566
186520
212267
35656
225897
219230
104499
230954
53753
41167
229200
115935
221606
208232
215736
133432
234737
107598
106674
87497
158773
144090
100682
225262
199952
120994
241819
214668
254930
140698
114845
191831
170668
72527
227759
108908
214785
264617
51453
154874
62888
144960
208016
168689
164688
109434
256451
174843
50642
216756
145189
237559
200101
16731
90694
186797
127353
214845
236278
59474
164414
114237
194734
164766
89161
250964
158953
138271
43883
210776
217543
35940
149529
173422
48047
135941
213655
170566
29460
158079
89644
235403
198686
187607
254687
225803
22707
143294
223767
223523
142404
47483
96684
192099
232376
233107
22890
178997
158291
104999
180837
212124
177265
216761
152152
142322
102531
77894
154013
249284
240454
185159
127441
196313
221178
245273
219899
177367
98790
148496
91410
123866
21973
99027
186453
166781
66040
71054
217101
32164
64206
148672
125570
204772
31568
202752
190497
73250
164015
176796
113865
62043
150911
135190
127629
201931
40382
142332
199075
153940
64181
195995
207912
247475
177313
164588
210825
200993
97281
234167
230902
177874
211507
59484
166644
55353
129040
202435
135944
223496
218157
14025
152649
112591
113925
143964
241291
59038
57046
86005
198585
128302
213658
284039
244058
176502
212936
282140
210000
259975
167874
327947
180237
173084
237513
149815
81299
1919
212485
90916
181124
102301
176232
102626
157916
76368
202233
72319
227266
223161
6078
128484
42132
97711
132851
149618
183861
105991
262748
177858
187212
147865
173764
57953
225197
51846
157090
73859
107875
193174
54367
73541
182374
141591
17911
40169
185004
111613
225441
238010
24444
87971
168902
216112
169634
130139
121998
126970
176536
220842
268195
18301
163478
177045
1919
81505
154495
101014
3418
19670
182190
106121
90235
206876
197568
227773
229973
211537
41998
72377
185142
224346
129083
52552
67639
157103
3278
92227
184099
192799
227394
124309
102494
9219
132767
159569
76541
17825
184421
226494
190543
259780
199294
124333
215720
159583
200871
196094
218192
121679
198117
28527
248678
137707
60646
107650
79103
218199
236034
224285
168696
218345
206121
68383
122247
186107
196572
227368
67848
141840
128000
218340
185318
214807
96188
156983
121022
213174
278500
171167
143620
139772
223273
228770
178611
196043
299010
46231
151061
206413
191349
185197
209192
152409
188540
143197
259511
94618
181119
90506
219327
84324
139898
245480
72957
175282
229388
198658
164313
228969
253991
4666
93159
229967
184551
140867
209663
165253
4966
251084
138604
13628
33641
119904
154321
224431
175166
227879
55484
153501
67766
138239
94676
213772
154752
14256
95338
161538
167810
210628
164103
144164
194668
214251
4124
147507
162894
124169
192431
167803
186877
295570
148395
245847
72523
220790
187533
70903
76916
147091
218443
118261
155095
158999
241727
124219
212321
188098
133579
123630
116798
47567
187189
190735
91043
198739
238306
46816
160716
87008
132159
79794
234564
105409
219298
203314
65075
228854
130852
188441
182873
120419
268377
55577
133736
90108
193895
271754
130056
251219
153825
164580
129409
149298
194352
158112
193117
184997
256547
89695
120999
164517
126185
144756
206146
244202
241658
91325
207965
140423
205904
31307
256801
72589
236034
11433
260063
134262
217267
41850
151275
219219
13741
147987
71285
188299
158808
170354
16033
215729
172569
108972
169251
74667
246821
210331
279640
148832
44721
138660
230125
209357
123719
241130
299716
173763
95904
171347
220768
158299
153374
286477
173823
204560
183783
202867
237782
129040
210672
277121
92992
90851
128943
68198
109894
238933
107857
85859
78195
158871
195829
63025
220952
78707
182157
33400
229491
102077
21788
248137
218380
119712
221808
170589
257687
94765
135392
203197
227990
136544
176718
55312
200345
166851
68829
219013
