83710
202980
108861
254194
118334
275380
29599
67579
40532
42486
194231
166336
124078
160834
146244
183871
248873
210571
114222
60636
173733
229603
188053
318887
189225
170085
51521
64210
25468
170292
178729
138720
116248
100540
276362
225857
271886
180047
175928
130256
236266
212067
118138
129145
230677
246296
155852
60476
235791
20638
146329
186267
148391
196147
19965
119612
181366
195519
141886
285159
213953
116965
49096
208676
111294
187843
172907
115284
85080
105595
123560
43710
222374
178167
219915
225863
254064
131979
220468
46766
233273
99497
205798
115239
138218
196061
153069
173220
164342
159451
201372
243994
224681
145412
135504
148600
236284
137633
40643
126073
220740
243595
263518
95358
135268
44141
149330
215410
120650
87394
208680
208843
176277
76847
51414
161368
58793
29900
215183
241405
115459
216428
291737
217216
209654
198210
216391
231424
119278
251452
143353
226503
102136
101753
133087
12835
57555
149880
118188
154514
109573
107511
165281
237607
117076
96530
19959
159247
238467
164139
52570
180697
138085
145685
11518
217618
213406
183107
216269
223582
204007
225822
15353
113385
209114
206868
224069
179142
232042
57676
178585
239659
118098
223595
89087
126012
237594
155612
209171
99056
101904
215170
59285
160254
40676
173885
183978
228989
215710
163874
88769
146566
205996
185251
151330
133626
145489
215923
159190
190919
190148
48897
46291
23603
4339
67302
98843
75372
94177
204635
207057
133666
249156
175817
216747
229309
135190
237814
123372
218865
120258
214178
212972
23052
202253
194633
162198
157909
52884
90720
154522
153551
176690
161213
200510
219130
214863
100411
214276
229001
132606
149860
212837
188803
42575
165564
193229
71364
184326
201898
120158
242738
207324
268134
101320
196255
143299
232428
19071
114079
239473
183974
194086
144843
182147
231362
186459
158985
41042
232701
7072
180871
210789
149942
128147
192740
224628
169329
2672
188611
50957
199893
278663
205481
191411
192125
225619
229613
200286
47242
63536
266205
125274
139677
253677
206728
23432
194422
142799
29818
223485
178768
108162
134874
201981
759
28302
65850
58455
217831
105895
173088
213186
226699
134066
161805
211489
159072
136511
69561
236979
250047
210338
166102
2699
198463
78349
30080
168452
203282
201665
195261
147170
26326
153074
179660
257058
94480
187563
168785
113406
208982
186406
120032
201200
144986
282874
128064
148571
140410
191493
262752
248744
186343
166863
146225
183115
108442
252313
115313
173993
207780
120377
209071
94803
318068
49728
220570
234427
184961
90405
215849
130914
4435
253395
70254
85967
166887
105742
87698
204632
104138
122442
190330
184019
107740
146840
89232
250634
211623
245143
161051
111978
163020
108413
260993
16764
194841
159401
109350
110886
139515
114430
115184
219755
180924
9186
35601
170506
215343
257223
254494
91271
200343
131848
125080
192924
40734
52051
223315
192608
175502
89884
53806
165789
75210
13698
188245
192005
182554
232273
171170
144543
127746
174789
54229
37911
234724
213800
185044
132739
148725
129541
80210
245208
72912
138151
205413
197561
108631
96258
140944
269629
242467
67272
205092
223892
190249
217252
121691
139184
239096
227889
181798
31711
30425
226554
181225
127786
123518
169126
202950
119210
230580
235688
117799
43287
135253
155239
207978
105842
220383
216873
105091
187793
208827
24538
236813
50549
227808
150474
123502
201292
154875
249076
172504
261909
200404
57984
163712
35142
75267
142820
244374
196383
103051
229373
227349
68834
50466
10413
150081
174195
211403
188441
47617
217576
117910
140252
93350
47471
89190
93347
233237
4796
237607
206643
58639
233411
171142
125621
222763
42147
157317
99551
149429
150173
8879
164364
143424
234057
149638
212046
130650
174733
119790
197726
186879
212445
78690
128157
74349
126296
138299
36046
100700
211821
63864
102166
257533
256698
192953
230857
161320
50176
103166
109380
114390
176383
254347
131826
130803
64536
233880
102257
2508
103266
154354
229063
242761
81857
76792
169660
244168
241577
189204
235646
253399
42714
180335
200138
124308
137891
194074
199125
54046
145217
218541
219357
179331
152950
87622
144353
155826
164934
223526
152315
193497
226407
201127
152971
30393
148290
108542
182950
141357
101353
205834
178339
154513
57121
218688
59547
27597
181246
97638
178053
252173
290987
175646
128715
195885
165094
146382
230657
154250
67966
91019
170521
219367
229012
61928
162177
199037
274267
266290
31587
267058
219266
192849
129417
2047
296924
162844
99154
228985
190738
140090
159379
226967
223079
223238
53742
213932
116821
174921
190263
194202
156540
223253
169012
186866
207706
247638
188012
196575
140703
104766
82575
126624
198831
25717
164892
149588
165529
167325
87052
68409
166552
236394
103989
121188
137940
132174
50866
154996
42448
73589
195589
154122
205184
21241
204008
153317
208474
241034
231137
141844
219333
120640
215128
136850
230106
173538
151266
218892
216923
126307
152064
105650
200029
36344
204474
230802
111876
29427
133535
198185
181085
106723
120892
86258
141046
227053
222990
147498
170779
52360
69257
186536
140606
198982
27520
216272
222518
173185
153924
138940
180554
172928
165351
179095
200375
184117
144841
24020
2696
193480
79451
134473
64013
194603
183062
147185
114605
173576
198862
137949
103386
185778
227315
191890
112836
137193
113963
281702
119483
193393
266995
108617
15671
225473
190000
45565
168539
172231
152436
27110
69528
213300
200344
169096
226998
142564
143840
2311
127863
199243
224760
244891
195101
143046
160505
256271
173437
186922
205074
159768
153488
79416
177980
231148
47359
77056
205435
110211
153280
207777
102807
202602
70739
135290
177342
166269
60169
229767
21679
179695
130985
25118
199938
205243
135345
30524
209497
129972
211780
96361
214619
204947
247168
197589
195830
77088
235740
131816
187762
204845
276037
205693
81590
182455
128154
9140
272395
216820
29123
188832
100330
167124
68365
233621
240179
212264
125295
235387
192731
173992
186344
159395
176600
110969
191619
111382
150237
102193
141162
208021
17123
143417
137328
232360
59506
240485
11679
229998
91118
147435
199132
196164
45094
187944
134572
164729
152069
199051
226895
270702
218142
65075
216568
203954
154755
279452
79779
15272
178719
196485
139642
205777
87197
182818
168797
155609
178446
187027
202564
124956
250357
166375
62258
138270
49477
220805
52135
128315
224147
11023
107528
150315
119787
201619
198014
197273
221484
267708
29246
205846
26267
220473
94363
65010
140933
154109
189392
223430
227285
69876
234741
273136
39348
202988
151329
217571
209095
275486
113287
56994
154206
191425
176891
130109
211263
177748
238828
264069
47472
278416
207465
195049
78232
178547
24336
27575
120982
187975
268677
140498
135027
200893
3797
227689
228872
221778
9833
224425
207231
212941
167710
249303
230621
98394
79752
169616
137031
246432
100744
204257
113050
188753
298659
197890
216290
225694
143898
192130
44442
162422
267168
204479
177883
158801
149028
169268
241706
261272
176765
62789
199575
233903
248510
161752
219756
77817
199866
175804
220193
262948
187850
224819
159730
219302
234489
173664
175502
173206
212256
66647
145348
217392
167504
74497
149126
49227
90515
152576
135428
259396
38913
240155
163369
224147
182408
24006
210170
125062
209246
158896
125262
119135
52375
222833
137140
90258
132725
74916
205253
143178
46963
191223
244007
234556
27521
101529
275549
207434
35415
165899
185961
173654
176805
208568
178414
138859
141687
48975
218394
191411
214407
201888
223152
99396
78249
39048
176492
183951
211755
142837
52668
25934
38314
290934
212036
235166
225838
48655
261769
105025
201389
217534
100972
177372
218818
168694
85729
141095
74833
245977
176007
145762
179551
133347
207866
194799
141327
241794
17201
149362
41901
189214
226605
125465
238330
186082
210749
227995
149742
205105
213200
161965
214638
222732
106624
225036
89405
206955
118103
232999
221191
96782
192475
161614
57243
254153
183367
193859
48578
139779
117217
161930
206324
75711
105036
32639
153470
196641
76651
214893
53085
159324
200839
230721
185305
188984
80259
38477
215292
44087
213137
155677
150621
220254
199406
179039
143708
167826
190357
204586
229345
148421
159465
237806
154416
193378
126426
93889
108577
269856
66825
180623
89298
256109
72822
87477
178270
149140
138393
142420
220920
157895
219307
153431
140091
182687
140824
198433
61638
182011
59814
180732
178812
192932
170243
8476
149371
167953
136085
239830
52749
84245
151628
256911
262580
44364
279363
156228
123314
189404
158489
199230
265881
211620
209989
166336
185690
202647
145395
173647
95133
69502
51331
242163
94817
226703
130889
210555
160812
134962
201121
276997
214031
169394
204219
147378
150904
197977
247772
153725
69704
149614
91651
160028
261323
183002
273185
245278
179581
198397
46193
147080
36612
186880
12645
195230
203880
218801
115204
163401
182183
174790
213959
43714
68196
6420
110235
90041
52564
36943
214745
217253
267990
240287
173016
96863
198999
106730
145291
180617
70335
183163
314085
22496
223423
60020
201125
178744
154723
195018
103279
109274
188166
25921
62847
257826
309064
163475
199284
228424
117858
237704
216913
178314
145306
139976
150659
109294
72374
217701
144726
174933
71528
138526
270762
189439
218734
87070
215602
213880
140455
179336
59902
130193
180841
216557
146684
2885
76676
35740
139604
109065
189800
198327
499
144212
204357
248140
208143
137677
127829
123194
125503
131594
195677
159038
165848
280889
222334
309185
204358
14690
136386
198548
214749
150758
133354
120628
235337
199290
7063
218899
214988
61898
74474
165939
229479
149569
99585
126944
135817
28957
126839
169231
185235
229683
231139
178224
168415
85818
128402
158253
207476
134174
200469
188154
205289
179680
141732
222952
103229
156535
209209
126982
164271
24455
180996
234487
105766
160087
266187
141624
245721
68089
27022
98293
257076
74485
133805
224258
48052
219154
135134
247572
213938
137478
198123
116979
194048
101399
214902
161017
131343
143758
102665
214566
113706
156542
187443
130264
209559
169776
190277
26104
209555
179258
205571
89989
171209
221293
219291
229024
172564
82353
246665
189422
248617
164622
154436
3249
138825
184656
47260
203087
98196
68583
78045
107273
179443
194232
126656
74350
111198
42840
88793
15787
157691
98658
158016
103752
232355
102342
287692
185855
160987
183800
242881
215848
248078
147031
219949
258598
191593
13198
148030
50629
628
92803
18578
203210
28646
155803
191817
207110
187842
124428
11200
210548
204676
112377
241106
125236
92855
207486
196499
166291
175316
63133
219498
214618
104625
186784
111776
21345
134165
193254
161769
119690
68379
205388
215021
218960
167728
167957
189649
57198
202672
71289
181386
149893
160364
130484
164589
115819
165984
96153
235414
80445
186341
111235
154150
192931
218485
209549
209656
107455
237333
143507
277858
64499
81266
163660
147110
181042
276129
230388
193592
226824
243397
102598
176200
48335
173866
136121
90326
264874
263803
192384
27484
191328
163996
137123
166959
189576
218617
151525
211882
251601
156811
125655
193044
229300
157620
241019
20993
157975
206177
104426
230151
119047
167259
92214
255726
239950
301881
43946
236955
95406
141019
94282
121348
206030
139328
202596
133039
186315
273599
5152
243170
100237
176070
144648
147587
87180
239844
90096
149797
239313
306834
229591
159699
119121
191374
300535
61742
120502
181394
257595
151413
198231
155800
160031
85380
4563
210601
215259
192332
232176
39464
47416
85317
80521
132615
146417
177382
5132
175255
181204
178029
70022
203689
51853
176125
257490
182277
252673
197171
30239
49212
199638
181624
156501
129238
204851
64000
173922
184698
98479
87154
222133
153736
108949
115538
16088
172761
69108
174895
12816
130093
203708
135227
256393
216947
95583
4536
98889
101039
152828
189534
189225
138818
232749
211635
111175
149333
119805
104379
150856
65166
98239
162608
197530
96101
62972
290057
111292
80413
126097
99331
93869
243693
167974
147935
235026
177147
145986
220821
220933
37461
226154
67824
229676
168783
98744
162799
105890
165829
17264
241228
191357
121570
58593
205172
204409
105575
229801
71788
116538
206034
69527
215028
245180
120022
278850
193896
206263
235301
207125
67057
133823
14777
128639
140760
122537
128611
146411
87866
151910
225211
106467
211659
171253
184313
230061
194270
270777
218525
202995
214783
106654
92239
204845
174797
172505
211500
138026
141286
200321
211307
36194
174314
89826
94529
215661
62842
77773
188594
130190
178351
182932
116360
26298
233997
210117
23680
56872
167517
208502
164839
221573
210369
113137
248385
31366
123984
176302
189769
79806
187094
182327
220800
43961
135617
168106
63574
144744
200709
177503
207181
148568
211399
74550
227227
203274
222051
158263
193118
227520
10796
200185
214123
69437
153057
198731
209245
171209
182033
205618
77728
200309
202196
138322
224662
154294
161420
82552
118755
197581
208713
201728
159447
226111
197378
79983
167999
238312
67056
163044
104055
116693
116690
231630
88549
284051
182000
224547
42403
227012
77098
196022
203782
55382
183757
187433
204060
192641
221276
165651
45699
144490
181318
217231
215177
195292
92483
28614
188927
227111
131410
25847
178616
116381
46512
81533
37378
223728
76274
217679
195064
266811
179499
210958
205162
119715
245703
129964
174541
212501
75992
127595
262286
172436
75896
11233
228720
93787
248717
158800
120546
154625
266432
207076
125495
6051
153476
200151
158795
228303
119529
168370
170359
108752
64340
199974
164966
150879
114534
106035
147745
111833
198347
67071
212376
224149
73954
237832
166474
164432
184088
208733
158367
202579
268719
171593
223507
25534
213207
79529
180955
132273
135156
221990
44805
127352
171509
94375
122311
48806
112633
69839
54397
135850
47290
218729
45366
193012
105917
50270
96565
216920
129350
219488
18997
165684
219980
197742
162502
132735
3542
129480
230433
157023
138806
175815
183988
63821
150622
69944
207920
225708
308981
156173
233212
252928
162294
85912
260228
222617
197315
55622
196526
52299
156623
198727
146926
299090
146449
209807
45084
223758
239784
109216
249520
226653
126635
213248
150119
77521
37972
174063
86665
186967
194917
232659
58895
278301
147912
147845
226782
277586
39269
170775
173253
29456
132495
219407
182885
111005
248317
219730
40687
172088
203450
7233
148387
152337
78035
220003
157608
40354
87869
152469
23860
213499
117542
68905
123582
118535
224852
112818
126736
190901
209535
168552
230325
57882
129955
31008
78277
186087
203178
122790
111110
172008
200007
93262
231170
179132
264196
213361
169469
184832
53056
219187
81074
232094
252478
57291
237393
203341
158588
1123
45307
210805
245550
150739
127737
87532
151151
228283
229317
173270
137120
223519
267320
83630
153393
49587
94822
209852
214562
234084
232899
149379
66873
46374
128320
78010
66281
67784
98995
222830
72203
155003
239959
156231
227036
55907
187813
203968
175051
170379
236546
205698
193760
179355
216319
213211
206811
11252
236425
193277
169326
125280
160398
185678
252200
260441
267915
285733
232751
88816
173341
142292
203030
88084
161137
32689
258798
269729
169950
217029
147403
135122
211344
181195
183904
156898
259629
189378
145235
280515
87982
148885
202933
175079
176985
213355
81561
170576
174125
12798
207091
214962
205438
254236
186122
256927
122688
151902
126645
221126
64373
79027
222202
248150
64089
75261
194004
229429
67197
203231
21398
277803
231876
132235
30699
231410
132138
200048
36545
222719
173231
179100
147599
226643
205311
127028
72599
208995
222353
174241
211603
161809
277055
97234
211095
197075
70779
213155
208564
234970
130418
132022
148510
212184
170292
243058
201280
8615
161555
188831
229945
146303
209711
188495
148839
165265
278484
235686
213902
231325
229544
201344
235773
142690
153550
240784
181400
124028
147207
290487
223330
194645
87941
190907
119778
106573
213626
114267
187942
195198
218138
107375
231591
91973
205872
36576
136918
123889
135550
100318
112889
186192
255226
9849
96435
235714
74631
166898
217659
68094
124368
282181
145265
184240
221651
210081
76594
104304
201192
184370
213718
253812
80851
103451
165266
185906
110363
256895
89064
205038
39934
151189
196918
66746
202336
226610
266750
224483
29866
36988
50248
220469
62163
59773
138040
214068
239932
204102
177019
9995
235992
176167
186448
46721
226861
83864
289808
206793
214351
170899
238763
212906
215907
107894
116230
9542
99133
155877
59253
168442
33504
213680
197133
123274
95092
134114
145168
167156
130873
45471
125039
182095
149511
126761
185948
58257
72360
223252
178498
166406
178411
213325
90614
157308
216020
125440
163640
178574
82795
206260
242858
91230
77079
104250
141728
207173
114199
238133
191708
5488
178146
192280
199113
120686
138754
193826
120869
67666
193541
141541
143271
169141
11763
138354
214226
149196
169491
149079
185807
99467
241570
237261
28573
169310
268263
148437
84471
205962
204630
169769
218378
179697
157536
214241
168902
179570
41644
219854
132436
171207
182210
131559
139188
151319
174365
63742
184115
180696
135933
83171
141609
216836
190432
136902
134540
30625
167731
243625
256378
30919
133000
154427
115336
142700
234908
155547
225034
237535
29209
194695
138188
172093
190785
198101
195090
65768
107220
178202
66928
142674
127418
163890
96624
55116
241232
168246
175933
251851
3646
190850
181803
114333
195817
149716
36141
275658
137194
261344
181466
166004
214958
170475
184199
249642
127781
154612
131079
166678
101330
127130
153377
263699
55502
162876
221861
187326
168892
219831
184834
139738
201175
90482
63753
207811
199382
282734
124067
201534
129705
213526
227841
145820
72194
178301
231424
124900
153710
143168
133298
187332
80511
198450
33158
157281
271105
1614
163755
211340
129419
229060
198717
185904
32473
166553
41381
107272
252959
177307
49730
193360
252353
191487
196619
265360
104764
186251
131169
145288
218388
199459
126370
199901
108844
155469
187773
266195
124656
156477
274515
219692
221777
263986
184596
113092
134604
249463
163884
211379
243845
55759
194414
229475
95483
218525
62032
63873
140397
179134
235591
179727
25681
57401
122145
175773
264234
284712
184402
245061
193449
243531
154565
86005
91463
25753
148401
180106
140751
131382
189662
65451
177050
193356
213955
65256
120596
199657
138321
32630
190004
199110
142204
28059
213667
176609
203043
177621
231399
107152
308264
3545
164450
71346
53381
232038
172198
171668
153976
219776
18282
278844
98700
213731
79287
13171
198967
192128
67803
216175
239830
185861
23572
234169
62338
201165
226090
258609
172005
75543
101295
181757
106486
231823
412
157548
288193
150052
159864
76483
78620
160434
117958
163813
202314
156177
144710
209226
56030
59535
136938
230650
171171
128727
159139
134922
191245
44506
204367
92687
84425
270587
102458
234589
93089
217256
101734
210923
175119
185949
164299
193321
203922
225351
266753
170283
224925
147102
213438
214716
63083
251602
222583
168838
215401
188598
179557
186547
192189
127698
135670
186009
217975
222471
165533
214933
30166
78270
165826
198960
169650
239212
161569
176180
249041
189716
268997
139930
105408
181577
104837
109150
49426
212831
19891
185128
142802
75980
227653
54719
249350
144053
186484
223517
157238
106045
141292
52790
29575
125074
234043
122111
114094
188857
26752
60559
206836
148692
158943
195498
201085
182294
26037
65336
156336
171766
223082
164595
97504
32844
146479
98749
228702
190587
52541
280349
215229
4648
179384
158843
217942
102600
215559
188339
159930
77344
72968
94047
264627
238320
236231
218096
199623
47478
152730
69327
95647
222876
267463
224677
256022
129775
208477
191191
214347
212835
13505
108575
278995
82646
182782
207192
171053
123778
34038
201762
162610
188140
267178
229019
189991
153897
142281
205405
180614
87183
177971
202301
95951
237093
146643
87000
110212
202367
181127
261250
226656
278850
225734
123617
132294
115942
276036
232778
2927
215593
172006
195704
205865
128598
250821
108347
194710
218608
235472
264726
150150
283493
181665
210927
207191
71649
144149
82107
202307
228862
115425
175034
175619
229496
219915
224092
169587
28409
233797
203106
144953
129750
89804
218742
77527
15213
76542
219842
53917
212653
174982
161691
153644
104262
219033
187183
103023
285237
42276
180424
88438
80720
87972
212468
125255
136409
282333
187330
208458
121164
163261
211735
32983
149346
146505
234067
205752
125130
128525
105825
186734
134429
141783
128358
64669
173289
142938
165591
170046
47100
95029
84833
89945
122856
200561
175037
76136
192856
28863
214106
119215
181624
196428
230764
211886
237522
24109
216570
103201
60613
48409
198025
202194
198479
91677
243792
196096
107348
66208
198653
158056
161521
169525
117216
132846
184059
169761
139856
148358
215297
263886
202097
135056
163901
151662
100828
109593
184877
229577
219965
174661
85845
156777
234815
175132
127172
256969
216855
154405
122178
31879
197328
183377
198983
127486
50585
119918
237739
172490
208732
138383
75372
207361
188824
145852
42206
98146
168305
144754
186553
191776
161683
107375
133918
202713
202190
234471
1291
141887
25909
183066
238710
193901
179897
269846
206329
227470
147451
80518
155975
156975
203943
137033
241296
114093
103767
204876
22849
217283
218051
241097
143583
213153
211671
185225
45982
210877
177494
103628
132672
174966
79850
247764
247296
118411
162644
158692
62165
79593
191028
23031
195056
156487
166924
53130
6694
209605
189087
92962
77023
123157
157278
145034
166290
170796
231328
153067
241245
283461
140542
200693
70697
196924
92916
223538
156528
170985
3879
91937
90531
125644
86250
225094
159924
117489
42648
80925
177209
217658
292926
170612
189479
174835
237906
102659
66036
164520
160747
44929
255779
219412
180217
226335
200523
144856
112929
151326
170666
123437
150467
240968
170141
167369
95439
119842
244243
148819
198614
148837
101024
178397
227006
155762
74504
239728
247727
183463
245593
229068
9269
215034
177309
83343
205052
145931
128059
209198
205980
162106
115258
222025
153345
30260
231285
241108
41349
108663
217310
177305
129027
119529
133437
51347
52997
174781
73530
209947
6406
254513
187195
169200
174321
231169
150133
116991
244603
153882
57747
86000
283998
183977
3786
52784
46493
176506
281041
200161
203715
19720
241672
208071
265695
204662
196405
100211
185449
222330
199084
207039
3124
201315
136042
262034
127737
8829
111502
249944
182555
161944
232496
216787
212866
209249
152327
192767
30355
251745
45200
233897
257679
228478
205124
36115
206574
205607
208868
89475
56575
167294
228210
224670
133235
89298
162950
209710
186420
91848
197340
81630
261810
217854
142063
219443
129611
188550
171832
138773
50868
302844
189511
228953
42694
252471
185424
16031
103962
88700
191793
110053
70871
75231
104504
105538
231987
12056
184131
235998
78207
140900
187818
160340
227785
213626
120503
121856
60352
180464
228665
153469
187453
221418
82149
43229
151667
204552
225873
173651
77274
216662
98847
266408
81112
232445
103714
137941
74671
205779
186404
73158
224621
196735
109876
44315
117118
92167
289559
126485
114818
117237
164591
99668
193976
123288
202156
44703
165606
252963
236892
223800
173635
3725
209622
120197
193276
188245
215291
248715
162474
237009
252897
57352
196049
244290
122941
197284
173101
33055
294591
198786
81949
227762
51123
97040
124617
156044
213575
203545
142880
238701
220665
181982
217516
203022
166211
240208
192751
197612
240472
146683
75486
180824
260424
37160
274811
144165
260202
199887
208828
125120
195337
211235
177083
196149
252309
126273
210450
153103
158279
145751
255420
153340
98753
193568
4306
3263
137646
211423
204768
208601
215853
216685
256034
218750
184769
46936
202764
85182
176212
108561
19082
297474
107807
83754
216611
173786
15477
192488
110652
173016
177390
251190
232853
146554
175856
37325
126646
168546
211572
177485
106972
196350
159629
204474
102194
96181
280461
124293
155429
99173
176254
15481
189751
163611
176949
167902
164090
139802
217662
170051
223914
76964
164348
97032
214608
268702
19550
120591
230786
166524
198071
205179
221675
217643
173864
103846
89049
178380
83085
78180
96662
95674
113551
171734
54032
133003
272716
171732
159877
174127
65156
123740
178755
133947
262871
204459
207545
249591
196067
134464
146483
22360
292556
176003
136350
48988
201723
194069
13238
145477
163867
137920
124082
90849
37953
123262
255122
74122
174483
46524
249358
139522
157697
170970
204870
273059
176978
161857
124968
211948
207462
203772
199196
173755
190729
140262
227582
253608
213018
112080
211197
167604
208890
113216
77300
32975
156093
197888
142303
117802
196503
275639
124466
90755
223398
75829
65929
189092
133053
198712
102416
245419
181961
194133
109777
173118
65020
205310
290773
95539
131394
75944
153007
199474
150572
171153
51900
126340
233894
122425
228043
177718
216575
79965
103636
230212
238244
122255
190022
215877
175101
138192
273733
242553
232453
116893
119197
207813
54471
106427
206389
106041
71660
254727
196222
116128
221982
237966
101673
52433
198763
72333
35367
218954
239964
169450
225669
246563
220979
220926
115530
125413
36453
108532
221623
238636
153024
294146
180060
180215
216489
103416
113517
167084
250467
133434
190386
79624
157610
120054
67159
201903
57487
264335
191458
140241
240054
202588
187026
80900
173061
204548
263459
48143
215738
161019
158417
122362
144103
239825
133724
267915
161010
166703
82936
122827
206720
93521
190842
205281
149176
75628
215981
142691
98995
229754
157899
281252
120217
214013
142020
123311
151621
184421
211160
199955
28011
124601
145257
23132
142140
136772
166126
211053
195596
62209
93303
150524
132795
191396
15306
219487
204584
34938
159652
89303
232112
231495
186263
10856
120529
46877
65070
215150
222469
288848
99434
190396
85237
153390
210873
163698
50879
207650
29339
101844
203445
168433
178615
252315
178263
51290
222479
236681
113091
266349
134339
17078
107148
319251
49125
218518
132974
226944
221994
217194
192210
232095
79622
52221
298569
116562
44725
207763
57001
155083
80207
189363
133256
32519
124209
169597
198166
199077
160965
205058
210510
86997
177020
203837
238419
112785
262843
93487
180675
197782
215110
266539
696
203868
173665
175394
159932
215713
100966
198848
213108
201935
202758
249873
245488
222609
214260
61010
183099
204355
186193
170397
128945
117580
268037
267907
60633
194896
218967
201281
242262
72804
254502
195660
54966
132167
96258
219090
15146
40913
176681
164702
118699
197368
236763
5017
246606
60285
166499
187633
216479
145233
94018
113007
196134
213421
239740
214214
213905
24144
252114
217828
257780
268258
97918
264482
163128
22808
159568
160824
197767
186920
105058
193802
146804
17629
55981
108238
205446
216754
118944
48128
146841
168106
106081
13274
779
194407
45726
15637
224043
185467
186727
39951
207244
136478
127596
127414
210836
225653
194261
248110
85001
210569
274201
3461
62499
104964
164704
94331
200153
177439
58348
27838
47749
41744
273365
79395
132669
59901
134672
188541
221911
143573
146947
66090
149746
99760
111231
44645
230680
118642
151982
163780
211728
30395
269365
202962
9398
152589
172537
175681
202572
32618
129098
64429
117413
167370
188544
58766
156586
176921
165204
142256
215316
42302
199536
248600
223195
190949
259087
87839
205920
157109
229690
176132
121585
115933
14982
213727
149423
143116
193093
145566
92121
100115
86929
228999
193830
137239
81219
50632
198733
236478
111703
210265
187276
179695
227121
165579
204204
124483
134757
65334
74026
137820
200196
193061
57524
222624
201531
31252
228366
147700
265752
132126
98285
144927
77286
237901
186813
190636
221215
158460
231369
156045
155806
200233
252893
158681
233496
200552
216386
67732
112446
220667
192772
143966
57736
183708
127784
259346
178920
183317
22124
202063
49445
190197
162802
148815
79816
168852
173580
60106
150428
81617
222435
112271
162774
85512
29743
166014
222352
190939
88655
129461
60209
198184
108886
218762
164848
177007
145742
139084
102103
119442
162212
12611
92427
198958
240620
206215
23123
82457
184477
123457
58439
72994
145258
225989
136301
67750
207064
147926
127013
206655
210545
94053
266062
97047
140900
232013
246074
142436
107341
106002
172882
58537
87152
191417
50710
1370
220165
144518
183495
253708
210685
151715
147494
257367
151523
210448
194825
17871
191610
133095
196989
126466
115206
153963
154162
140902
210048
246030
53220
171943
126717
108008
226410
130288
218103
23847
48372
120375
143196
44708
113946
217945
209228
190014
216954
147294
113217
110157
192610
87239
242312
159707
254219
89289
176700
45569
134768
190669
191551
196292
140304
151382
89792
213130
124388
168771
141295
223203
204644
160823
202703
41105
118076
31507
230527
185011
212332
49518
19055
26956
121054
7771
171423
145771
194272
140623
2127
170368
161791
172359
215294
192806
223838
82090
252125
8205
25407
5691
178394
13236
107284
132073
107692
209003
101150
200672
138947
83627
222230
127399
118999
246287
8144
33464
96724
186481
164202
101469
146032
87987
187441
203670
214859
138657
199607
222142
80238
150765
249966
221137
287284
148039
278114
184884
129580
242952
209181
218137
121168
69312
158879
188523
197503
90413
248540
202695
52557
219889
197762
115047
253959
97847
185279
274078
197994
137946
233475
174907
48764
231235
185897
159795
192075
210490
79876
79476
87131
146714
116608
154952
211230
28532
110719
52438
218789
153789
134800
141918
209053
149716
201992
210513
243025
74725
211251
124623
135146
64411
178460
105551
200517
137535
212119
204512
14482
244192
137314
185438
60727
197548
170330
254508
250532
220092
132010
167998
111882
195710
191565
142105
215063
151093
129033
82593
180933
194507
277091
198497
112668
84843
157804
206635
154864
157575
151510
195705
192765
139263
187878
38994
183010
58513
132431
128080
241534
204904
157155
227925
91573
172793
184194
121875
174633
159670
219001
214285
181945
70687
205246
211908
143015
211077
89569
228323
154076
205953
213550
121240
216045
170578
170258
212216
250064
71791
120854
190903
244412
199874
229745
161402
88612
7317
172841
142636
172345
178258
169173
123428
27196
221628
100879
180342
91608
181422
238906
211053
160537
229286
139801
188896
153191
210805
218599
207632
223259
148001
153088
150168
131482
183472
144456
95822
187772
63641
142639
7150
236090
38441
181615
105858
282490
207813
163697
207606
106089
165447
171579
167466
128239
197137
154374
274439
136738
79771
168243
151474
25474
224161
111559
113678
175519
10648
108902
57413
38749
208635
220697
120115
59037
7753
108758
232623
55636
64095
151470
136259
213345
74880
183420
125722
216519
222327
222882
192985
199411
36555
25413
214167
258617
137994
183280
217849
200278
227721
92066
217694
124208
207595
202445
219135
102379
256804
242809
132770
62108
208655
125175
253415
205996
188283
190195
30444
94616
149955
42987
147886
208186
137827
71783
52208
198416
129697
134797
88904
140665
302439
146364
213687
207711
154365
210424
97438
194669
263590
132204
42206
107556
97184
217373
184687
128560
163034
97599
174390
234469
132253
221429
151626
23412
72493
56065
49480
103106
163487
92453
226925
138101
119797
264400
168304
172119
203823
203603
8552
189988
135713
199262
145822
205629
153485
290158
175983
230911
214591
133186
114929
119899
183897
205829
162269
155192
193715
92807
36241
161691
209606
145437
154588
31281
181658
228740
149333
217299
13080
171638
146809
248198
83765
246670
7112
179185
236949
43905
217043
246970
148259
288324
34218
194778
186897
133537
139745
208502
164663
159387
159951
65409
103723
172663
131437
44817
163224
147748
190093
245046
218296
92547
57802
58265
145110
171199
178817
95260
166118
226348
162207
174562
192896
87974
148127
244846
194810
175010
121309
19653
137956
123747
18554
242468
271299
160821
179713
85107
128967
151943
48698
244549
190320
193388
217687
161927
107214
162968
204154
143870
135979
147859
160824
155451
164185
93589
18875
70285
73331
43006
123094
213248
85403
202734
233834
193665
243814
173124
179071
284110
142268
199761
138479
231975
144266
201848
213182
194904
139525
108109
134404
129072
270903
207105
182207
102744
161157
119309
254206
144686
103046
107791
180725
54446
173010
132743
66024
22131
161455
102833
251467
72091
119381
217914
226233
157392
207166
215068
172826
241099
280027
236029
52592
196662
105663
47561
177389
132139
66474
202623
212683
174978
137288
198322
66877
149221
214689
135010
41884
196676
242411
180086
190867
46964
142168
12359
201607
11297
221585
138659
199229
139293
127580
192240
231623
110720
217351
203368
196415
234813
181494
127238
212352
224943
87239
99376
136501
57915
236384
167999
149640
55435
215040
283719
128781
119811
121580
188395
234203
144537
221045
222013
89313
123140
194790
199998
238749
242344
185407
215735
129153
122132
184771
250545
57494
244845
75748
175504
58077
177780
215086
169126
145912
55149
60098
223104
148958
211471
200121
163270
14292
201647
243006
216819
186996
180477
56216
183816
39097
184561
123734
149318
64709
90210
176839
88133
199255
164176
181564
126806
190630
132752
118539
98837
50614
122718
262439
202322
184093
120543
61357
239907
208230
179961
131627
173182
211681
152956
207805
186590
191190
32517
153715
164933
201352
160754
220208
198976
166190
196327
33147
208136
265639
139136
20293
221018
174719
269886
146924
194798
209076
201432
132754
268022
184199
161145
154206
140259
128845
261950
164830
215499
205303
125676
34242
247894
231643
233480
212100
208359
232826
121267
80889
217705
159251
171214
197331
194066
203799
272728
19024
69127
218934
117070
222299
93942
15687
87433
198024
213190
40655
157589
48245
196988
13180
221351
254481
142996
186956
236503
190989
173831
27703
113082
120151
181959
187966
210806
62600
87803
246024
230655
213272
214210
119869
266241
138367
103695
203054
108687
183810
22257
185313
184738
186259
162311
15424
251639
253611
153094
709
4347
210742
192827
249463
191616
10909
54645
138715
193037
58456
212402
148742
157973
44982
151153
20992
146534
229643
133557
197113
260293
165361
88888
204477
206968
81268
103254
190107
240348
180245
25123
246615
298273
157988
53954
223781
227362
229869
47264
236148
165898
210579
212784
160981
179908
107716
208518
237193
129024
250367
124607
130304
209375
151608
120956
54482
217806
246161
93895
127533
226596
50758
221268
157803
246428
166489
202831
127101
201324
201422
99538
211160
260950
280690
126757
190316
100590
259301
212007
34188
176665
170898
146057
88550
169516
182968
186372
157611
233714
220280
163712
183712
152291
140001
129923
154774
261786
147748
214909
146943
151806
160198
182752
227675
145619
160098
95572
202640
212782
37366
164962
121019
171731
33600
224237
37230
197016
632
178283
243665
213500
202821
196486
280230
288621
71672
229503
243811
127901
248865
261833
201337
168726
226261
80141
37923
64216
221108
171709
215526
158074
200193
217836
202366
161543
55702
92324
144434
201735
205848
232562
145088
124919
192111
214459
174204
226406
244599
169767
207453
78318
136936
153577
21205
127945
208826
52688
219803
67925
213825
169671
134720
122120
256502
47140
197361
116803
237512
125415
82906
205687
233348
178652
173654
104982
243488
37008
125214
125026
148388
216728
181039
222674
95209
197122
219123
213766
43407
201938
21935
169650
229422
144743
211273
164745
86048
73476
190916
173029
223969
96570
271937
109554
67293
90977
148610
4829
192375
37967
192108
17901
34036
159767
130103
143753
101344
137086
52309
208627
62100
237556
235404
199384
174288
181140
200757
96207
184244
180413
180036
55868
224667
263182
24878
92404
90356
37209
200105
222545
197278
201292
242292
54628
149098
234699
92361
138734
159911
50493
72213
192063
302486
254609
176870
219413
199715
151041
203260
189452
86449
226848
196492
71854
206283
86738
233081
228499
140543
6594
226789
33354
210070
196844
199510
193213
33606
194752
223096
81562
114010
163400
168972
213154
120266
261316
97486
166055
249043
23062
153416
133323
206455
205167
112807
180043
119614
177655
172381
154949
39334
196936
201326
224377
204796
74389
265593
194331
177874
158554
209991
227389
219738
52248
180395
55927
149511
235371
201734
217922
137728
141176
83165
155889
151806
175967
209818
217485
236721
126570
101304
92873
235172
190498
165948
123136
213821
186769
81888
176129
23561
191221
72324
252391
208728
188980
190069
192683
19273
67494
169612
76511
233575
179864
215700
175678
257893
181569
244389
201548
167453
154661
77696
17740
203288
226973
159697
146663
265363
256861
164512
190770
212929
220086
221259
140709
136310
64719
189325
184819
149808
241280
277894
226796
87099
207286
204372
154164
54165
211005
186557
208061
235128
25940
218476
230849
182230
223596
68391
113118
192116
105159
188342
269071
95885
153732
171738
9878
148254
159813
108441
229518
91682
246370
194200
100566
91102
117995
44249
59431
103997
97172
293083
140310
261437
15613
270932
175055
236812
76843
193384
228130
140303
272664
220164
48803
183170
87531
54355
128331
172962
131596
175525
192674
241225
201914
6162
164121
231394
72087
146722
93558
135989
250304
129350
36923
148183
22524
154479
188771
226329
226222
172733
130365
198054
273607
35872
187381
84103
193490
228171
147864
113450
159079
182670
237650
54879
209768
110759
160574
178960
135912
200088
213017
21674
202696
163547
148878
171334
96358
10753
243199
233590
158610
208679
134271
63343
246408
43324
188358
146544
179384
188636
254123
172361
53789
144564
298902
179647
46354
167961
194661
174957
215644
227367
88725
14286
196521
15139
131474
53743
222056
19405
151765
66969
89233
237844
140437
124490
163556
167068
219067
222604
84234
220840
216174
205967
198745
166214
208171
180254
187577
185590
195824
213997
107876
148688
188325
210579
215455
114385
146075
202148
52787
230818
16366
260589
212018
85803
218370
144214
58965
118631
131237
186107
142815
198445
144782
217477
212290
14856
155612
241242
87685
164676
211090
179022
157878
221044
75973
197565
41603
101863
226275
237064
140751
140148
125785
153332
193146
92588
795
12932
156000
225122
148772
58865
270436
173341
218498
240777
15951
178465
67284
177208
139958
191884
302970
201870
132866
215026
27428
207990
211971
99466
215315
256373
231798
42572
19277
129648
83782
176268
176961
240590
27440
26117
96273
82801
135585
120756
80940
202796
187070
176676
188875
266327
229230
257004
246540
192761
177919
198619
136394
196800
72697
239474
279525
166099
213379
233752
235911
207526
120968
205791
129933
148143
63838
197270
205856
153698
54337
228955
223354
162487
209407
180751
180824
39519
176758
9560
16700
179550
112762
221064
45164
178640
143981
205171
249569
159104
116010
210763
83193
168455
138537
217197
209906
118169
173060
191076
4217
195368
1640
199161
66022
164632
169400
181690
236182
204035
116363
92470
146407
230142
254913
149980
61830
220021
214333
36509
127994
198776
209444
204434
103349
101085
182367
179538
193092
220555
215427
92883
184757
176511
151502
236892
169623
122269
100246
181791
270891
211790
144596
222728
273354
180460
186791
57977
40661
55819
34210
228737
164010
97999
144978
21696
199469
209022
187525
192508
284760
27890
228465
232544
228647
193011
206197
2843
214629
230805
141467
214669
209034
160851
95152
84827
211565
262229
252474
51897
249611
218029
164904
104628
93520
59149
118414
115924
231232
192033
182596
300056
212833
41678
5898
161904
126827
2359
164234
173617
203415
65675
131489
95081
253714
115317
149955
73703
63299
154002
192665
214777
208479
197264
212840
155959
202224
103912
160548
201339
190962
42933
126113
221510
2320
171720
153324
194969
216935
217529
126959
219407
162816
191715
175754
189194
190373
155163
176608
223836
230079
167123
191862
156702
212530
177587
186565
156803
229468
235461
249066
39301
115065
223731
183351
151404
86400
183189
289098
165879
145931
161991
179722
166630
221942
24155
17089
109885
27685
134329
229322
191918
43631
211080
85238
209400
231988
169134
293770
249778
247167
140675
142327
169490
177245
148371
129121
162638
164592
204395
278595
199907
224550
168477
215539
93143
141630
290755
236802
49290
40006
165106
153692
218021
204638
142976
210800
259355
139513
59087
69442
179269
231350
200893
217490
107220
12524
224312
169603
134864
174679
179060
236423
204451
182262
202013
62169
153729
77707
164696
48444
265869
104881
221470
140684
136844
7597
190604
144636
119109
185453
53690
22268
107328
204960
134989
166509
200343
246826
212535
236578
19502
77482
156654
164934
205644
229519
123167
150501
229199
171367
258276
178903
91076
230017
41275
135709
150101
220843
136464
193290
63943
75753
158253
23692
20764
184868
264772
95945
172540
207827
127529
188999
200768
282964
51669
237186
222268
55208
170013
82165
272829
64799
30641
98853
271714
212792
201138
126059
173407
202383
114425
219075
205794
240169
62287
125060
91795
178706
184427
215545
238101
160857
130866
206807
199220
155041
27990
205461
60551
182108
81745
218882
70513
72091
211941
99369
109937
144056
190247
232583
142406
153626
41595
188071
211055
217
142299
140460
222250
174103
206599
177311
136363
140368
257312
41714
199960
64165
221508
15276
245203
192280
248862
12173
127523
150354
212277
72153
213185
45920
210153
224975
108001
247142
50436
28051
119085
91188
92681
172255
9873
36184
116902
141083
109352
82398
195830
122873
187610
195371
90819
93691
231474
64265
215022
225462
171329
213641
183787
272784
177368
193170
163407
188954
94939
154022
203764
192139
81653
58895
89418
229356
196550
115276
136337
187420
157232
217599
187855
144926
169479
203470
134920
171325
251875
230126
205072
202410
140414
137174
254487
144958
171955
121172
239057
145485
65368
55967
50729
62310
158257
208261
161062
75826
211156
125228
243449
92575
62926
80587
185492
187456
253909
187431
93426
34260
203873
223816
271235
191182
185181
212878
188398
229173
159823
176935
171354
46207
219669
67255
205842
244326
262116
217447
179417
177030
132204
250054
109587
237499
35364
58362
281061
267463
179244
144137
157913
236245
194286
133169
206423
190539
24461
184108
84724
219181
249158
27843
149766
212423
211644
227064
190106
221355
82257
234808
182099
196068
199290
48281
234329
235411
196143
23684
207618
106689
102778
87626
95056
201846
215429
204031
242851
72994
201418
85917
171540
146344
246961
34723
16468
112068
208642
174472
113017
171088
157028
101121
286310
175925
179530
169478
236167
131793
22429
201712
43225
185830
173497
129157
25249
157134
176856
158527
260147
166857
188752
156088
192917
158724
177766
223079
250031
196106
221555
128455
138881
64706
98634
92362
244903
190127
202128
189828
209450
140387
174069
91720
225309
155145
157515
86908
34542
192222
28910
162956
201514
74381
264618
193465
200792
3434
201799
156135
203700
158447
225631
253764
72353
122353
147303
253571
139193
173484
265767
190067
197026
89874
166174
174543
219283
184436
207088
9249
73539
135809
143631
202795
5669
253288
139262
4411
46360
224438
133568
113566
60406
69330
184890
89962
159503
220342
88449
215500
212859
148142
117760
62017
210976
60700
158915
142322
200284
194502
129630
240837
202107
198623
276169
127204
192082
206175
168474
201881
114245
179201
156989
161090
184422
242755
166751
182437
207013
160432
279421
153786
68014
211342
93566
112768
35721
94495
202466
167204
291044
237
66698
85292
84175
153364
264334
86484
103250
250560
105657
116416
200797
103260
160890
238166
221750
198764
87901
59457
59075
19821
87782
126297
137962
176524
271976
224065
125355
206568
154224
186960
193347
212601
55214
224417
57157
121036
148114
191032
223517
59986
213875
216934
221764
140807
209004
174085
156470
165850
57955
218261
211302
152984
193637
96186
149985
17376
158976
139849
202635
181381
200425
190887
216051
213606
187870
202201
235291
69230
187243
63299
204460
203152
121773
169320
279527
51424
144102
103156
179702
230830
80644
214089
158734
131570
241751
221059
273642
161473
256315
171648
124998
227881
54952
191298
34737
226116
212039
93086
48782
183305
166528
192745
242696
112028
135607
40941
221778
203144
243136
216646
260393
182069
23211
200690
207169
149616
162781
37011
100620
214219
122290
200255
93277
184500
171975
211688
166227
119771
50956
242926
139592
166089
166578
165626
133067
219435
203849
218369
175718
51983
290492
296873
209954
208751
261097
188739
183967
172761
82150
217675
103706
91364
183830
139219
150899
202377
138160
221234
224638
147439
80894
6218
104373
163176
205472
65875
154347
136973
201210
60365
190872
243998
222210
194463
285773
89564
265050
165863
525
178468
89188
138439
144037
125820
82777
192995
63960
95764
77811
40877
217124
45057
96683
256173
263729
91438
77413
94100
211872
214508
186709
160800
282591
187345
185085
198676
134272
186979
164538
154456
289579
200473
40222
275503
201642
174588
288018
211428
97253
227580
250237
207654
20905
45241
10061
227698
205016
244501
171002
202495
115327
128883
154215
116956
217088
297751
17287
91675
124233
233279
22793
200474
230360
155742
136393
143711
198012
7876
159432
162901
78809
76978
139715
136635
181216
270445
30806
190230
221925
173234
88321
142760
113058
209238
0
214623
225859
190993
117328
220522
229083
112784
178877
164791
147659
187906
188891
134100
292166
218455
264277
137682
161850
182301
211136
224085
69805
86323
135374
154104
122483
69010
165373
121325
206884
147882
132216
210642
212356
213392
192658
224432
271130
163480
165525
108154
196250
207096
187602
178451
289962
176718
181348
132384
135653
239533
150125
222861
87755
71771
252748
47700
73652
36716
212582
98210
208449
198659
188401
183157
204240
199946
226908
161892
101359
219861
197740
255781
179519
172716
142318
84844
210902
131861
64164
202044
217726
285158
223452
144246
136048
231895
179143
92761
210750
164324
127054
58099
235299
196557
65860
166738
219979
236547
22069
111495
73066
274522
204230
235102
112286
102348
189799
166916
252280
183366
234791
155207
102947
272493
195879
131849
230620
99018
76848
223250
52424
66950
256071
126036
139681
66818
187488
15991
38663
129448
66600
223930
103387
180852
212525
106524
168340
153563
211130
145226
117379
167257
206172
197359
129558
116887
142321
372
243308
166159
107448
198843
166100
99604
89954
99725
178095
196731
167316
157223
110577
49459
218881
150399
267163
237514
14219
123467
143749
195486
224808
174274
196324
184223
22141
6679
124906
211779
97566
99534
215330
110051
234552
219489
166328
221375
216307
65285
247632
234522
197110
33816
191349
32079
191278
165184
24966
37150
118428
277140
208668
164750
187996
220098
169215
125750
84870
103349
262273
154546
238937
224221
13320
133104
230471
97007
5553
208512
219439
56903
24521
37631
212143
113289
29273
203188
72794
108846
131573
31818
133371
120347
59084
196841
175914
130668
119079
133168
245652
194862
147517
202578
60487
248584
223817
238174
265518
272684
100930
169744
169340
221988
215831
191924
265584
255448
183828
180303
140692
192852
213998
208642
50877
219895
211559
36666
20978
248319
85389
109637
211590
18027
133943
136034
17118
179599
220509
172504
93117
184337
202293
135831
213607
224747
162604
41854
155877
156090
209112
81629
258189
81699
217528
85828
189452
188725
258004
278251
166071
192819
65188
154330
18761
238440
188871
79553
153054
244934
304251
132677
251749
267647
26223
220600
133857
199634
163889
185543
234611
174328
160455
4537
217012
39119
186108
122946
202599
203464
132307
228555
183864
112637
174306
310040
187557
169692
75318
46822
187322
39738
191651
144257
177082
164092
72464
111157
164904
147590
68883
258232
184549
204818
212046
128751
136842
118056
99323
192680
246738
121892
228210
181869
77490
307344
179609
91102
28430
152376
259151
140201
198887
212935
257059
236260
237943
124441
293655
188230
186623
262229
246930
154575
254681
148705
247819
115054
282908
177388
31853
75101
41400
184131
147682
176494
93192
196698
305125
180197
178883
171153
242330
260295
199145
168112
142617
215363
226599
217840
32119
36836
122839
131935
126574
183811
25836
197451
130353
226126
201449
204021
175547
175862
299878
164277
216551
108041
152150
181202
160725
111263
240410
38138
187364
210824
189499
207756
134581
69555
152750
128057
234191
66774
170032
80239
139542
103681
133772
156932
170787
157874
193299
191256
129522
85753
62107
210223
150860
224627
21987
11425
246287
128356
204335
77663
29185
187950
211557
99281
249416
148960
102473
162559
152405
121526
64881
83681
101589
124474
202866
136042
58507
191405
274115
199763
76481
141949
153897
248015
220189
32448
130300
276920
67801
176343
144188
226524
135346
48005
12591
215868
253413
207426
33414
229228
262677
219509
31813
20147
143518
108917
163390
218849
185492
193533
210851
100684
221935
170728
162141
211662
92685
68126
146319
121350
229465
13225
203624
160476
232259
152174
170351
178052
236743
112472
43219
49863
153713
218664
233545
25597
91718
17736
15649
78867
186056
54694
178835
36695
11003
157629
217907
215073
103982
205926
263968
86814
130207
67056
218764
207782
219147
138580
129929
64305
224459
87713
190071
29133
162873
165896
88116
182489
161324
133172
147262
213877
121359
96755
70036
247230
167130
174737
123339
195144
241706
51783
252383
171797
241837
16066
192435
214994
170527
238591
68820
123468
187390
170072
137958
123135
167428
195826
99192
198016
95042
197421
7591
129192
135907
215204
168985
213943
89812
242811
99715
153255
39907
138485
29311
111513
190611
227934
81143
158328
14743
67073
177849
130625
139407
43694
222923
194993
49345
34803
126172
139678
141123
193673
12549
186340
186720
216549
169609
50802
198512
125468
185084
223860
222718
217061
238161
70541
146288
254089
157850
65026
215855
178626
192768
202923
149429
189172
6730
83264
194802
128380
114134
153817
138357
191447
100303
81732
179687
256921
203109
213659
225001
192494
108567
155974
192437
66171
260541
10243
234419
181711
182121
25337
77160
16442
50336
147140
22139
183432
155201
167231
142899
169441
164241
81154
213524
177676
102379
171484
218976
195170
235008
176432
25681
144229
44625
195843
113209
200958
193775
175212
95945
192179
221637
244458
206573
248542
121431
131484
230422
184350
197982
183251
233084
178626
186620
214338
190765
103712
141040
56167
152434
153484
223243
225864
211196
66246
216223
47522
261097
44794
136322
172092
183774
178142
89814
119396
126217
212491
194425
157163
98793
193967
36320
201599
209807
139450
296488
166403
134021
168655
61702
167167
144040
150682
181620
170437
231431
234759
68135
167657
190452
160582
247406
203296
101278
153246
112803
83173
174786
159920
189153
202269
188370
203226
199457
200281
223245
112027
131119
119198
214757
165139
195246
154860
56569
79073
211423
226898
183473
190933
36507
229785
43478
95218
127863
79878
224034
228971
215969
247980
286948
69139
169717
161575
31169
19803
10747
58482
209791
230429
33974
173263
204887
219619
202355
160692
241606
78738
148850
184509
220785
132279
88736
58683
106971
17319
222608
274377
80284
175014
208805
87045
210273
203594
237214
110674
45685
231272
36812
46885
233212
233253
152954
224201
76059
202724
212093
231842
134649
272895
284050
111095
200006
70331
28863
121942
14526
137791
196346
160269
248453
226483
227139
101188
249761
134291
189186
227612
26236
225171
246140
140905
88550
214975
113605
192404
228929
228593
138388
161106
211407
233352
234695
147978
123846
110720
31297
110742
237921
174348
189851
31451
190652
173422
208394
153845
91263
185964
248260
171196
185116
178616
223683
180091
212263
7921
141389
218278
266465
193581
58841
110458
50285
105461
270592
219133
178873
227901
34493
117040
176170
108666
208891
93815
223776
103396
225630
86475
229938
109819
87804
229728
273627
103195
222812
85040
140404
90441
229415
192462
215043
195981
120123
240762
226364
47347
124719
143334
19957
153948
46495
214700
114893
198082
208861
75961
122765
116650
247043
112806
146497
213641
165930
89184
140205
232401
251503
163177
182014
87123
4262
116962
134857
126028
236755
241314
233824
225334
142112
129706
17652
194864
218213
261718
98605
242873
101943
99789
41521
209093
140762
87090
199400
49035
72480
185268
92079
153352
29461
225019
24575
82562
133380
209089
126160
143401
131016
44334
226760
141336
126752
229097
124290
210286
205893
125617
176756
175594
236319
209034
190769
217805
183400
132441
158602
191690
201312
172290
225900
271443
172360
210188
625
32717
102088
66644
217653
219323
52591
161879
217564
126262
168093
142651
164419
151328
172127
226277
185451
142525
134596
182243
250871
20409
28620
96271
118182
166166
13107
95867
209720
209735
12789
182696
148865
8601
189518
183779
195649
143683
8056
131251
70224
88443
197555
180969
211509
195113
159300
243135
197242
135124
7642
140637
206791
211738
80385
119775
198651
171426
43142
166272
207420
38661
204841
120101
156200
86917
196998
200083
56754
128001
140155
230765
143980
213683
185507
89747
153182
116022
181510
225523
33334
172857
51170
78802
194169
190218
185830
146165
189789
190642
105965
146961
250219
36675
14633
44610
217011
194873
217839
79680
82394
212752
64856
181671
213654
47508
50779
299745
200925
13777
208743
154314
226136
49892
151674
73328
161339
156946
116423
212588
188824
103476
175543
214614
126436
166398
274074
105602
198653
145652
85966
93539
91712
101271
230307
266034
58482
147757
58892
153309
199588
177270
83863
236290
164795
72349
216778
151099
281051
19873
186998
264584
92238
174351
139593
148833
163038
146669
208486
194802
168686
6619
179136
58305
119252
238763
243496
42795
177658
190581
307911
182730
216821
210529
114924
