170221
12458
1244
147
11060
13299
99798
8637
10995
1359
143506
46397
132556
23159
11905
51574
1273
85273
1026
84847
44684
46620
59329
38810
72874
3354
77228
56691
71935
149115
122865
52222
13090
22927
19032
105957
39548
20775
18590
1856
43686
167155
75349
86028
10445
4400
37012
20035
164809
60471
708
53153
183485
3700
30054
21463
41111
244883
94756
9010
31170
4120
14435
92421
146472
187411
86761
93165
7206
76317
1143
26741
43179
37709
9796
192410
6104
49201
13095
76117
72298
61229
91022
14614
17489
254360
4383
22982
247815
33762
44359
120
78255
63690
243638
46423
6628
142752
20856
78737
2508
122683
54565
26084
38533
332
1759
185094
17977
332
42324
3582
117793
143207
15816
142944
18759
82105
133806
6484
28472
3598
254454
99
129280
1157
127914
97500
395
1382
84832
5884
29185
29725
6462
43599
45473
61591
5087
26237
23715
81149
57900
88160
900
7995
107197
53493
32362
577
96062
6710
21182
6156
14096
78415
319
19250
55317
25279
47224
184448
97605
35223
68620
195259
2933
38661
115075
112600
56625
14557
94081
88479
9986
108221
75193
374
75935
12749
80529
11946
62870
5165
53421
122339
92422
81319
30208
102844
164498
31537
6098
231170
53640
40125
159397
55593
65585
195172
151650
236433
191290
130981
8098
18400
111312
429
21874
8568
19942
95799
13306
3736
146111
115919
44194
133761
18180
271
50270
89800
140604
6125
70402
104132
46676
65563
54945
7744
4512
189766
954
188992
66160
33157
23425
36733
4249
139180
204790
131531
30621
200627
64092
29722
6898
228367
256666
16398
67601
1227
30916
63519
33540
24251
25624
9550
49958
17464
3367
33960
40815
13660
167694
27803
23442
25240
80566
113021
20883
10186
42324
149783
141161
1093
12162
123196
134947
84610
99223
20439
104668
546
20635
54746
19038
51868
69550
38919
16381
35801
54174
3880
99838
21837
8910
46558
67407
1546
52914
6066
102487
277367
14153
57777
107226
3746
128781
55718
28240
374
57948
12226
35898
839
49377
7964
8073
21340
24141
30469
151363
79914
142867
220393
85854
15887
69104
16639
20842
10275
59380
111540
19282
42674
14694
34642
13719
231984
45771
140644
2487
87778
9732
21032
3139
172695
16135
34765
22652
7635
228625
65092
228705
7966
14288
82029
30118
45417
27914
15097
10595
13499
20004
18263
98846
65277
39157
26502
99273
62882
65524
5714
24177
52787
5807
48729
6664
162010
43088
27350
33041
42751
658
6749
159777
91485
39522
93160
56029
98352
161502
52493
6565
13433
89953
178448
112934
22550
35808
4445
23938
615
101759
22240
25579
59603
63256
20108
1674
5295
4703
239128
24451
42180
11602
90826
27388
114131
64792
23574
138679
2175
244400
79683
51889
76181
129027
52015
128089
45412
76258
16398
2454
33543
4597
78523
82166
7119
94570
3139
41617
62670
243044
68125
98579
34432
139877
75675
2141
6599
16146
2643
142460
4501
195907
14275
24561
21076
32212
10460
97758
36894
146802
127157
17591
74741
156658
199027
25786
60959
27220
59127
15065
75239
22725
2530
3941
56262
15410
14700
127995
141500
12878
1332
111267
149485
69281
12486
34294
37179
218855
2733
49818
15341
57307
1096
62968
7024
22239
75331
106297
69278
82730
86121
25741
23911
9992
64496
22109
107981
9087
152548
19404
44054
18990
41496
245105
40066
1111
57673
28323
238379
6693
169812
91239
28379
101122
223495
79624
2345
11994
8485
28507
40117
4814
50954
154911
7891
190201
69888
56297
47949
173281
134
2742
66079
24536
2873
174
50296
117008
27660
119978
25645
3254
47132
7040
41896
65400
182923
25803
47704
3869
187348
23912
225099
7052
44629
1168
21625
41171
47124
12745
35084
79247
49474
14426
164364
21075
58914
65260
213844
66446
6954
12311
3573
94218
53686
17999
76992
56494
15117
193798
1613
3072
2869
16014
66856
78794
56573
29487
103336
36596
81919
67835
195732
16828
2021
137566
18416
3833
101457
61806
44084
50072
34096
45481
103977
10550
80675
106762
35490
127653
91570
1034
112537
119800
42824
22174
46320
47334
162323
8049
76949
13967
76678
4159
28118
29777
93719
80682
30976
5742
167104
11933
11228
652
18596
26727
103212
9544
20645
51677
54057
24513
109437
55169
35813
19212
28935
2535
129085
17213
6733
9057
29246
31295
100339
13723
2669
24060
111707
1777
24072
75390
120227
7120
111528
80791
40617
6698
8085
137325
6644
6001
6489
20338
175086
2055
64373
81392
3222
11145
3242
134602
58107
27075
27784
42112
98740
6390
20473
173379
42227
35144
35305
60537
10887
32506
123983
88636
46482
72816
141691
162296
7008
14803
18579
13314
30364
60052
24988
68314
94169
118588
40179
122132
15755
1195
110005
495
20112
32674
2316
209
4910
14630
3569
135006
26883
117032
89771
5486
23040
86966
116918
13074
228952
33128
58511
367
126348
221511
277730
80753
185581
7288
43014
5570
131269
8121
99611
599
37147
59746
9875
78501
42536
67117
44382
219348
69279
12181
4547
109001
16249
1254
246600
173291
19223
3124
16558
131790
27500
46640
79768
9577
116917
124247
102689
82236
5960
59737
172678
75432
67228
12271
92967
3563
167287
6821
12122
56986
98248
61000
14877
9221
14312
218434
9909
10877
2415
36971
27400
63600
50702
5639
6152
6486
18865
10696
104085
75752
72012
47229
171110
24790
163043
21041
124065
45943
4298
15356
23815
13070
247819
28125
6766
51
38332
45691
32291
156238
39733
9522
5726
22275
24709
22679
13990
54316
53572
211140
52390
818
175922
250528
17712
102510
11442
17220
162822
31028
1270
64692
5131
79145
24152
1771
10882
51070
46686
36195
97464
2885
10629
17992
22011
274344
212600
98478
20725
26069
54643
79321
261938
28375
26867
137297
8826
24057
8246
74923
225150
67915
65400
48628
46892
33013
71717
26501
209758
21784
125912
90504
41267
5980
231314
12644
91622
55386
33047
38143
1438
39069
31291
27230
77949
4735
105143
133825
44459
14852
88489
574
12393
62983
115456
16734
207637
138805
25978
19574
214546
125579
254
17496
28041
15172
64970
5841
108577
62739
26940
155028
48654
67293
145289
1992
2202
13390
82430
70015
56990
4122
11104
98276
205286
96194
17050
29385
144464
170729
140441
28193
4451
79751
2533
2815
20889
21411
205177
63701
139175
62284
41454
141719
6197
92410
53412
189
42791
262757
131944
64582
9389
4523
68372
7838
30631
160623
95931
18819
111982
885
10159
126246
59832
19814
14599
198153
1512
46219
262
33045
27517
35642
82992
65345
39985
90815
150500
76089
56605
150
1438
88794
13115
1858
15995
4105
54120
8225
72577
9585
7784
74005
29089
7894
70061
130394
7877
7592
24444
72471
241596
197592
139266
66646
63046
21009
142765
45366
739
72825
26902
58988
15549
7232
23627
51917
18834
48633
31191
10265
8244
36919
69851
58861
75146
28075
85610
7800
14431
5359
68198
89292
40313
20464
187368
91246
18688
288124
200179
22149
92212
46287
5648
5326
45064
163906
6196
49311
69723
9592
18194
10812
183982
419
25484
5275
18686
126557
2022
98
120837
31805
26351
3179
72924
21715
120529
15249
64755
27649
827
51066
18074
116451
4056
201853
6005
16190
39186
12197
3017
91916
261
219976
23954
119225
147894
50127
6850
122266
56326
211947
22364
20985
121222
42646
5316
47504
3668
211397
7751
241661
28073
17065
192987
48756
76155
151774
137224
28693
143288
47901
150875
15086
274
904
72741
189452
82586
23988
229326
132279
9243
95256
19689
17917
1658
110187
34498
44036
52030
251912
80071
60664
43
62474
7412
86429
2864
9195
21087
15870
72836
17819
6054
152572
176242
63706
28484
42564
21254
410
11066
17537
17465
58684
14229
152654
121825
9980
58677
23433
31961
188307
13692
262353
6588
95283
77
68141
17757
14422
22276
18017
10518
2753
6345
93411
62557
25556
62346
118402
114005
34821
79881
11106
15157
4271
13000
47536
48029
28171
1640
40781
18347
47385
141809
21226
241101
21467
64446
8319
22437
168491
16152
3900
47842
41639
83175
2359
32722
87123
155032
73009
68794
10342
14790
5474
11621
164
4933
128
23398
68713
70893
110805
18716
1897
3254
33478
129057
64386
34163
70872
179210
8313
13304
68656
15122
10772
328
25292
51432
11951
6758
8379
45515
38491
3352
603
32651
13560
35918
54006
162911
114227
90142
5314
11630
4180
3370
22723
68281
56060
71766
15987
85200
100044
7489
214972
68556
19378
33840
18866
22483
183261
79077
42367
17862
97130
128216
136542
21181
4836
219544
71553
23660
107134
2004
30982
113642
52508
12658
99182
26230
23802
39621
4146
1748
59915
6510
2395
3686
129273
11466
24597
18180
78482
7903
5884
86595
34037
6262
167784
26120
3863
29099
15849
53348
74430
1008
3393
132243
11993
9696
23302
136607
149265
145066
20115
8256
1841
32136
48687
108693
185272
50162
39019
4244
60933
5493
50457
52162
8667
47082
21663
7505
21452
99314
155024
13305
94334
33224
151416
24159
52199
86528
2777
28804
44163
18650
19053
14825
80376
111406
20738
930
9137
182185
83779
38380
39955
166802
61775
20276
40597
866
31060
31805
191263
82193
3182
5424
47555
37925
14743
107940
121859
6478
10173
14969
7166
131126
43199
32628
28562
26599
173654
1340
10501
40027
90227
75391
26052
31259
45643
61786
108920
7227
15180
143232
282462
30004
26058
19689
22411
35448
32774
30998
26427
29507
118807
66952
113488
870
25387
89007
54815
18025
21821
58028
13836
33641
716
1219
25148
7576
23245
14284
24973
78916
23609
8646
97521
5341
76102
56339
69783
54022
125567
46331
9731
66197
167444
16541
106868
14001
2136
78679
34026
75381
94237
3892
28288
72547
11830
16024
3237
38158
63450
33106
81667
415
81244
170250
184280
10214
1726
14742
75435
153383
22481
177037
71666
23880
19965
3070
24913
25125
241649
29379
13860
103019
147722
12326
10657
123561
5095
130006
4701
64089
46168
219981
37386
65474
159952
62651
39858
11418
64218
5579
42076
3811
177013
2637
6304
6266
43722
160115
85048
95608
86004
14357
7068
22450
78663
22258
14862
61348
66975
66477
133547
88027
60599
62555
17108
45165
85367
37460
2057
75585
15201
367
26719
149989
7468
104197
129753
59400
23610
52437
14754
173413
38087
2003
35226
37368
27612
9392
1917
3866
64842
21817
10833
20909
164376
116375
162597
39839
74861
34367
3459
85728
95079
28995
154405
16767
152171
17318
67132
30175
164410
22946
110620
122194
82939
40100
10074
52592
151932
55502
88813
3472
36058
122
3383
94425
33156
68288
6253
13710
133242
28428
83811
12592
101945
144176
137689
23253
7764
157736
2313
12007
1960
16664
33257
30021
65952
127099
34024
46876
26771
39925
251471
105750
24290
14641
3467
13986
6279
190990
27991
40540
22271
17714
68458
18988
6785
31434
38137
29593
80853
48838
109854
71121
34485
78266
2542
26535
3012
945
27306
16823
1017
136189
67168
12680
49708
15549
17571
2448
2880
30048
343
126202
1028
407
75402
100146
21848
49098
175339
108636
73938
25501
60659
10129
122895
23958
6621
38950
46115
55414
187995
54030
18325
1016
57575
97603
36373
7903
114593
13556
38259
9844
33023
967
10367
3825
17057
7185
14085
87321
27493
29057
493
1885
87386
151657
59989
254470
518
7904
76777
27586
83778
29171
26400
22279
5815
144499
78064
124987
195451
131
114224
12246
8057
12365
642
188501
33024
16484
17168
226941
31545
54339
73856
75333
134078
9748
18057
80544
33346
23539
70587
96969
17575
21934
156018
1037
12499
20899
10601
20176
4753
130788
18347
18463
13367
166252
22283
102006
1571
24513
22974
80061
3655
2042
53957
16385
97388
24069
92554
55261
192378
20082
5158
37764
348
4939
38731
11249
24582
5708
24642
95562
30218
7953
9156
77629
127561
3589
115809
2891
8597
38132
197485
19008
93357
7915
24132
55209
75089
254563
34825
49754
12023
45178
221154
286449
2087
5613
180966
2237
28097
120045
8857
37375
119778
165200
36713
15930
68386
6898
57771
84245
78839
3872
53653
25498
51788
11143
90825
19029
8712
74592
8321
4683
19066
23627
120940
120050
23140
145135
262525
5752
1198
23300
30611
47962
5802
150462
124902
141317
40791
44620
50655
709
9507
12886
251917
659
97365
9983
2767
119244
26701
82526
34661
130509
3775
48478
17649
17713
1421
92289
181056
207677
41410
102332
3081
59215
130
46841
486
16480
211458
174615
28327
3057
9688
2554
43543
15294
39755
81678
74511
3589
20826
48929
76837
63742
21510
64909
81007
39283
34074
2747
195578
89956
125001
122142
79084
20278
80594
27525
3136
2454
76123
42543
12057
55966
77939
43832
120962
18158
2354
103417
467
16248
1656
131609
108054
157010
172764
32766
216870
26842
167699
134563
3225
81827
24083
3180
4993
656
1071
14885
42414
51832
79030
10822
39437
5968
193753
1385
42974
13144
147449
229
191949
46753
83777
182627
52032
79585
26148
6313
8105
81921
47371
4547
6236
146388
21300
3216
17176
47023
6806
12783
10728
26888
35738
79347
4788
62348
54957
3076
6271
55274
45897
22643
11408
11556
76774
43869
39963
51481
14313
86061
155173
10817
76536
22206
26252
126828
52434
46776
29398
113227
197805
38455
70113
21708
10880
20171
17310
1325
115194
168658
25057
74393
43671
122671
213624
47847
17442
101956
21000
23315
135164
88025
168897
53394
12525
6
26761
194136
9565
16966
60333
55494
720
1006
9952
26065
62020
40948
66976
29503
46426
68035
131095
64283
34727
24341
2312
173525
72574
129131
33721
29816
480
13677
50990
4367
165700
44424
29908
56963
169806
9190
21210
27120
12931
2840
62606
111814
107173
6053
124608
4346
32316
5546
215929
8448
151972
3961
37708
70562
143938
53377
42498
15697
41422
24727
131141
130225
7364
45051
26832
15488
1671
25794
9434
26404
71758
32353
3056
1942
62014
102851
138439
58640
4184
16054
64876
6177
24779
14052
41933
12694
79232
2205
7783
79926
55560
35517
4798
68933
36229
22060
14352
12782
7089
25263
10549
63449
16592
3547
5814
58412
35583
131548
133584
90049
45628
107227
16818
16205
172056
25456
24745
8044
204322
15048
61040
21959
81185
29050
18284
102298
127995
19102
118510
149259
125517
154600
76592
2452
85702
1262
52453
9533
72312
27593
2680
67736
32147
133992
34463
13674
3596
19499
137364
153254
59428
51768
8274
703
6756
17491
9788
89142
45195
162416
10661
13525
197179
76271
94348
109269
201623
4953
20670
104266
11098
2953
10780
6989
39945
60976
102373
50312
42091
16706
1027
3815
44640
187432
19455
15037
10725
19001
139429
100126
97531
8685
92727
120745
110442
221436
19464
65074
34604
62886
22055
52617
33539
3255
3370
2354
43362
3628
43396
133441
49686
61760
149993
803
500
120532
34615
36362
69669
37030
27727
48599
13925
132076
132555
55011
2027
8204
90916
48067
34478
39474
70167
20585
47362
46484
63744
110059
26205
93
206828
1070
38381
100698
187413
73229
60864
86718
35185
11721
172497
44328
99591
3273
8138
3577
41969
11508
71410
27740
29481
32383
272853
66134
174372
261754
17685
121805
31420
124480
2648
0
73308
1427
122788
74343
146721
9631
74932
21761
61839
130387
115058
171655
178223
137596
6261
76332
14844
44037
8026
83507
7051
5046
11046
78742
106991
45
45362
31573
105994
21604
80525
60378
32588
42805
215551
67
11113
6382
81327
80563
119072
5613
21680
12031
76410
56152
59575
3209
154797
24697
52864
1475
37679
57550
97655
34695
29212
110806
118936
2948
165627
114314
6600
365
81762
7701
103710
42626
36686
137772
48363
36839
26449
93262
30891
37126
34142
38906
120327
145161
3865
83437
6914
14351
14819
24699
15871
12702
67661
945
92338
17954
31223
84664
22616
31917
26508
56200
163079
47433
146222
1384
113
38002
73943
70408
59044
107391
11182
5539
17816
3468
9860
53565
5195
7953
26982
10316
18309
44058
271448
102147
96647
54015
8274
11945
29213
16163
236867
117457
10779
41218
24301
17218
169538
32769
1848
176870
3616
3536
39594
25904
40104
8416
224240
48972
64197
42837
173570
17054
118669
53577
543
204174
3498
2370
23555
71121
72877
860
25372
10865
50996
207519
99334
32319
13967
62829
85703
67192
22601
7561
40966
2364
13249
18885
97522
5932
87721
203894
63347
98291
9458
91617
3754
247568
172326
197769
3456
75782
82123
11331
33548
213631
60205
39393
40510
83480
195616
122032
165475
36495
7659
67253
137338
93470
923
4692
11304
99704
120068
60430
13954
41617
222644
133327
13401
37570
107
17788
24112
3596
39273
235555
558
98817
33677
30748
96602
40373
45500
69820
128810
141846
22080
172936
995
297
193522
102386
5482
108561
15376
100
1221
3556
89573
499
108150
6664
22049
28234
8117
250163
65726
678
115112
205989
76749
4829
35270
81781
88394
65692
64585
6009
36317
8239
57005
192614
3567
15575
49205
28372
25840
44583
137133
3057
18198
20659
48822
152083
78725
207923
27620
16470
12875
248323
883
18957
46140
17239
109469
36000
11413
10569
77987
543
82288
22248
17854
27078
55248
151172
31459
966
23713
40037
6743
738
264139
26250
61219
4054
47116
53220
62968
92192
71203
74384
166559
72341
7941
203995
819
42304
124745
9573
68771
65803
27195
83799
16315
240732
67005
35317
43259
81724
6872
188402
43562
110435
14425
54148
10087
257144
15532
16030
72411
138001
71438
7549
81809
32318
192911
35798
28310
9889
9617
59394
1082
7669
95716
195035
1298
52704
3322
54533
12829
4290
109103
47378
63387
70529
62054
38568
23735
18069
10951
68055
102124
114489
76069
92963
4799
12789
64354
116224
26069
862
3124
55177
2089
15453
128895
96901
81
19378
44997
9157
6092
31128
97175
189519
81049
9122
89366
27751
6466
130698
23990
83050
82544
77676
4428
141794
137805
31329
20492
23105
74247
270
58211
130617
660
86889
1594
2572
162306
4102
93808
191365
32068
42313
6517
56208
2770
66972
72859
27468
50736
18547
14208
7798
3511
21458
100051
138406
5974
18541
7426
90206
43845
156186
3063
8883
5513
97342
23506
9144
40230
19937
108465
180951
5347
141404
94002
34165
15410
52626
24266
150390
21238
9551
44486
416
7339
10614
77539
90180
86435
1817
5349
87117
12971
34716
131418
18297
74918
144450
225284
13565
86144
23673
124341
10064
79829
7741
47520
102594
70225
40655
32506
22516
39292
52978
4887
76696
38730
11914
122653
25188
25877
90613
3201
43597
78572
34337
79094
19562
80675
26538
11546
30784
33850
134151
161330
2172
22259
187290
7476
131297
26069
47332
56304
77374
94024
18929
124839
4810
52478
129946
51962
44858
19513
35907
4174
6008
3617
247475
62296
118564
86005
2573
30977
132081
58573
172898
4059
142125
125552
159294
99301
3415
1922
56972
17770
156392
71235
40607
7912
33879
145116
14777
16620
11383
36947
129406
9166
35238
22875
5758
230
50833
7302
3740
53381
185144
114418
14992
17530
158859
1741
102908
112702
29922
188023
110022
10278
72517
3308
6510
15200
195684
23017
8473
20268
106385
26836
27575
14816
2556
115498
19869
33162
31275
7283
89119
62617
6311
63202
150639
564
219068
7767
140235
47899
114485
109189
8563
62701
106334
8330
13061
12771
36988
17188
219320
54575
30330
101356
110061
1294
43283
23304
7701
32289
18118
34289
250304
55321
196754
7674
38087
20193
108617
29992
39121
35850
4558
62858
66515
103305
85032
17385
13740
149743
55508
11565
3219
10981
3811
157054
1521
1350
25240
37651
75717
221740
21742
93354
45870
79717
34068
78015
28850
175120
104577
101039
131098
65049
3262
24891
23966
75200
301939
18953
124680
648
17486
12981
42133
41594
6411
237
13925
17706
23628
2648
11667
2953
8896
8496
69315
29296
46363
193142
1376
39519
6127
87197
11230
16859
20493
46038
15029
31789
22695
34180
69091
264035
112996
1794
5483
90684
62257
95052
38900
39625
25638
16637
5083
97793
60498
36
172663
15378
2141
106819
36691
85986
2402
3019
41967
10065
189550
141131
110394
4419
144129
49541
30523
43629
18814
25329
16948
51305
75324
12835
159068
29914
20763
2430
4266
4022
138551
25384
13892
74935
7616
173291
24290
81368
112700
34375
84758
7404
5067
209395
38236
25835
301
7544
9426
182255
36626
2665
36549
25754
72032
10241
25471
159985
42381
358
16943
114191
3004
195345
5669
161461
1976
5428
105817
1957
24098
128291
59274
37377
52517
3440
68859
24891
170975
18479
12848
104089
8252
96688
131134
48853
5065
165914
29439
3231
95110
4367
2997
48730
25290
137882
39820
262
77914
8002
159988
15738
15634
35229
18417
19205
57969
96584
38229
42694
16036
140963
59361
26647
165811
6361
68876
26839
91523
13755
207985
191618
39385
60528
19607
28444
121582
2874
37223
29126
9469
145829
27875
163712
9384
11740
4438
81555
41606
36653
3965
24697
10470
39275
31286
46369
25854
79141
1615
1644
34488
50499
25654
11428
11933
43006
78839
151603
35010
208944
55422
75407
112076
100740
132943
31417
57698
89204
77761
4576
65264
19621
68096
14499
156296
10756
11717
16851
63868
10802
507
24747
94366
21760
51862
44546
67506
14461
156148
10961
49392
17007
14519
12301
59509
22274
2010
15058
30701
73200
133197
44733
26137
269321
18679
1008
12556
71186
224548
30430
127137
24662
200183
1634
60480
17029
132900
172530
29713
11178
62219
12554
68379
66908
81593
636
41353
56527
3250
200553
44460
128159
54911
11283
29966
39890
53817
100953
2470
76086
608
56990
116064
149453
2596
147886
78645
85075
5961
16086
15852
12151
66424
89376
83259
663
9373
85992
84711
25184
168082
28685
30427
73054
4973
107140
818
75797
69777
211687
81764
68411
115678
86995
45117
63939
101314
3091
35546
45167
101093
19875
9522
79003
1842
44644
22328
44060
30912
77777
6623
24561
54445
16828
36869
25967
3451
81955
44761
46150
120524
19445
100925
4478
43450
14194
1866
16290
60449
4845
68309
15703
75829
195718
1564
122213
33182
3690
24062
20591
840
130987
195969
24585
73650
26892
18232
10731
13484
180319
83914
17412
38454
30423
147479
1793
93514
6787
146094
55288
177619
3686
53835
57024
18038
91854
71763
72099
727
53258
18260
116481
129980
78384
74676
15454
84483
52120
9395
61499
34302
33126
123843
22372
3291
8170
104299
28570
118344
9982
102226
16351
2269
14928
51414
65700
32795
16512
69971
50089
46483
38113
36243
87405
202629
42572
31877
8923
1231
13417
68693
78603
57315
220685
13208
98527
56583
9131
71237
133193
2169
17197
18244
123744
9194
432
4553
59174
7825
4534
2981
10085
42310
2629
2576
124351
24301
441
178213
7729
1842
69197
74689
43739
2584
15860
8340
143429
11645
49380
74914
58837
31223
1276
1553
130889
111661
19841
5067
130549
202177
2871
16738
47120
11853
39022
22591
34952
33967
5522
14592
18467
207672
302
47646
108463
19170
20669
94084
29821
34
31345
45191
20540
103203
116826
11666
43773
24490
92469
83366
22159
28783
77016
16040
23
29093
186947
11099
29742
72706
9662
16963
129412
2526
61129
4066
119796
1833
9573
83533
17385
4136
129902
20818
69457
132442
308
93469
23551
110022
60871
19799
97859
2770
119073
82583
18577
30811
38542
8166
9239
6285
48676
1467
783
17235
531
123897
23
141365
16171
53217
52673
16365
5197
139005
26849
131217
12089
158862
5041
87431
135693
25524
35242
134932
65864
43071
126284
25840
7792
87992
127041
55474
2367
4733
34475
3396
80976
46386
8716
9815
32841
9862
53306
15895
32663
17392
38029
34776
164166
21545
71266
30662
27538
169812
129602
11782
2502
56484
6814
17392
44574
22464
423
96452
35905
13967
11081
26433
12546
50524
25951
68038
38570
57591
175342
129294
26538
6862
65765
26142
29759
64944
91197
87297
2948
49762
144
16682
36853
31801
52227
30848
126615
8573
40990
19700
66894
108732
112200
11924
66677
1183
66715
63600
4018
8456
362
5684
4744
66931
24314
6201
14160
4249
18393
103866
7158
115846
91578
25534
9708
80689
28913
4389
33543
119350
12485
139777
100637
18796
13043
34787
23768
28399
127868
131123
6175
111209
82454
1338
93435
110901
79358
60575
66834
4931
21639
16649
252899
118871
187738
63740
474
10167
123578
145853
23671
31422
48439
48094
125966
70268
59150
41001
12900
7098
80434
103201
21451
49454
7032
20950
11825
16695
30078
68762
63859
10675
1177
42863
69592
55286
102973
648
73668
40251
49381
88676
41510
66437
47700
48372
109644
23154
51328
34712
34462
93450
421
3782
85229
41741
102929
3417
10412
2258
35165
80727
75856
27419
7179
1316
219389
136552
38145
36538
23257
27005
15451
171283
230158
117649
39547
85513
11238
6368
14502
11619
66425
70647
38684
34947
40294
990
3880
4965
2231
175391
36803
195
42832
7891
3828
14389
234688
223440
37603
4565
47830
1792
163549
107260
208055
37338
40268
921
27556
2019
15665
3033
157518
67214
41974
33554
215500
85349
19736
17109
88651
81052
6624
46419
42282
4917
43484
2995
192135
35356
449
108503
944
1786
7845
911
34740
30415
866
50142
98928
857
622
731
177802
238660
818
6982
66285
4725
2477
25186
38060
167350
126262
22836
10809
141520
62313
31515
12253
37499
97872
1004
28489
26162
48743
136512
10555
27776
11911
28282
41535
51079
817
69401
10843
80007
59165
19376
8754
26790
7593
66605
23550
7504
10017
11028
32893
8864
106341
253133
277267
5818
106277
50297
25245
145587
31747
20526
2076
12069
101634
37684
67463
13119
4430
61626
9432
50015
23471
164342
35214
1024
11912
13456
73255
76016
150925
4831
100804
56661
132234
9952
240648
3009
23201
19175
79068
29359
82702
31514
96028
2534
54644
1136
250739
20752
92
4050
21612
4688
31495
51251
12845
13621
21402
1746
146023
395
11501
64243
63877
705
58654
211723
17813
96470
65622
44791
93604
14931
19754
122030
145055
10082
37392
109981
36437
6606
1445
50253
56086
14763
12929
1678
6527
52065
9401
258935
123548
52192
40446
37920
157785
20956
137277
12895
197244
22117
52810
31146
427
71932
18362
683
6837
218793
70806
1003
137887
24785
15413
27602
88828
198161
54064
28723
45879
67037
109733
73780
109275
13910
2634
2438
116959
25538
30886
74633
426
8738
2421
177
10998
183618
8485
13322
19182
31977
86288
52038
1751
69199
131301
147928
91756
13497
108085
33427
63959
3367
130377
10936
52114
446
52568
62466
27837
36295
18272
22626
85234
43497
28295
3143
44972
42613
11804
41275
49119
4356
3599
60203
12826
453
88963
136204
20459
28201
21393
113530
36542
5743
157005
77377
36066
101565
159394
24052
146491
21168
51898
87112
144551
50508
1073
117004
3391
72007
165318
6511
15912
25117
31216
3607
239546
253916
51211
90707
53101
16448
231341
75077
202
29637
8554
34251
31281
83893
1787
52600
655
109336
5070
90754
69869
52012
4685
5756
105588
128703
2809
18965
193185
34606
4266
67237
36218
53686
5496
127916
16740
2051
2673
73821
17178
101736
195486
3184
35
6885
179953
151
80216
205065
24219
30419
5360
26620
10472
16097
70312
14850
728
89235
84841
6342
19169
43797
123177
1628
140814
18681
140144
4276
23829
240582
82955
11189
145827
54341
71876
13950
84140
51824
146533
3587
205153
47727
111388
7357
9532
221
36865
7897
1843
23238
54788
3238
208209
142043
219320
649
1727
50545
2259
6201
85293
50803
21473
1817
19760
15042
43156
21506
4160
70487
52753
91583
178
171071
153217
120805
263230
126809
48767
252814
11170
72942
9670
121985
3780
14556
161098
13710
11644
25945
39777
13522
15573
51169
104354
32025
84544
129911
36016
144471
228
9632
32577
1226
4469
87511
61232
1256
122224
9411
2141
90920
57765
68011
121467
98175
35464
20210
74283
7657
106560
96675
161413
21173
62153
3527
41656
226857
3988
79085
494
9653
19166
14782
41010
3142
6973
11314
1229
74469
187256
28784
11836
13320
61809
18268
143063
29474
23071
10391
66893
6722
44629
16368
11747
178698
13757
140103
107633
115944
20441
41275
13130
167956
28275
23660
67889
89196
73363
115418
80952
4314
2579
2127
68926
23232
110669
23985
27301
23621
9624
89678
3658
127597
41568
106586
78968
13108
34388
88481
14040
104345
129153
77835
9371
2524
1165
2611
29070
709
26397
1827
40176
35607
144704
845
19369
129733
85930
44485
3977
136130
53353
2302
103561
238039
2742
6743
26974
13635
44552
72205
6923
96070
6745
24816
36783
13911
202756
54314
119037
50516
95554
88033
6247
39275
155364
3637
33072
12860
9139
25567
74879
123680
65874
63056
48402
1987
96868
150473
113908
10648
112253
8198
140280
18314
74146
215512
107264
48411
12458
176647
110980
142744
145789
32254
12431
118849
54973
190212
12348
129249
102960
13846
38809
238655
40326
218384
9205
7407
18419
46064
59063
78791
12397
84743
34053
91958
10723
205830
20714
152991
66198
9119
205000
27327
5732
39739
12753
100145
114942
39915
66227
7565
36724
8231
44611
37251
20149
108373
20119
56329
12232
113204
90809
87380
103111
196503
27292
13780
4803
36232
18425
148653
6806
83175
1598
51380
26062
57479
76148
104913
11576
104517
10397
8981
43522
100223
4002
23705
30272
43104
17501
9299
17875
110754
65497
156839
484
11373
30
7630
17965
41834
166413
4973
84309
20654
21570
36109
90776
193366
12408
52582
96510
9886
69839
7325
192427
54454
7666
12987
1693
928
10966
17664
121816
155439
156492
30879
14986
13650
81895
14447
58611
9743
68402
16452
4895
49149
52762
687
136956
152524
7682
722
65774
33241
4056
21057
194665
77584
79750
3326
30129
187104
64271
8747
88629
529
16670
28527
67979
130523
7533
146
124889
129178
163633
12547
108837
242621
23343
22068
44803
188045
115381
73830
6676
10198
38849
9062
5082
208418
24799
19198
162159
38178
39419
138935
4563
4441
105837
119878
221324
74281
48352
6920
54383
210613
24676
20274
49720
64281
79687
37858
9516
192847
107353
96404
587
5462
240
34050
58332
3416
12821
148364
88687
71771
105642
31673
6666
19125
108800
178895
5515
172613
11526
29779
112434
5136
13760
124945
38102
1132
28542
20875
15840
51628
50926
166521
20001
84448
40812
280425
24759
63862
97797
1452
2569
231909
7342
9808
56726
1282
44337
57650
332
73576
16220
107990
400
113560
44755
73590
253438
15459
26497
2742
32720
45900
12340
617
154652
23343
133006
8608
1156
56595
91958
143374
49276
152596
208574
18382
1761
39633
16448
12719
14772
4710
4184
13543
58495
42640
184010
292
1705
5206
26350
42884
53761
190545
29812
13499
114160
70731
50581
39380
29706
24187
2430
68441
4908
205384
10352
91273
44886
57993
7330
14906
152201
24162
52436
45856
18243
66629
12667
5327
257054
34373
30065
183537
68547
91055
22817
205056
22999
45987
16453
31091
54139
19236
70856
21252
5079
201046
82940
82927
158482
139394
154036
36274
4726
17299
43986
7727
13654
9212
183491
35918
124001
170293
110107
40182
25304
81486
10312
41509
19292
56066
121426
60120
47967
9314
126661
16572
14874
100797
15789
202050
5103
53139
62887
625
64395
61100
134743
62701
15394
21196
52881
95644
194785
27981
31489
5450
93532
11056
196797
57369
6138
2512
244
166999
37817
36093
136
151700
12981
48571
2575
30936
5796
57470
11971
17982
4628
170452
33832
28575
41938
14060
69862
29250
116605
18249
140000
85970
976
101596
181882
83633
62230
97671
904
46227
176027
57398
171739
120919
7303
110074
48329
14170
5310
50746
18149
98145
52216
239932
60461
193551
37493
131751
28015
67834
177
22422
71006
85348
69368
6727
205645
96226
15989
25056
60165
237499
2622
73647
2329
74667
21561
2262
5519
17501
78348
24809
33543
755
208557
3480
185990
132135
85582
6513
23126
96221
57058
18193
8694
2007
168506
23252
4439
118129
83419
113653
25707
172394
21172
70029
48507
105562
8595
49378
3608
22696
34252
65884
121716
25955
1603
210208
22443
47411
4220
95549
1840
30322
5610
25959
26188
9228
76005
23680
3467
99178
145020
88501
29605
37584
97792
100939
405
39638
55582
11204
79400
37149
47837
77600
27127
91065
73690
27508
12700
27445
53276
35027
16143
34178
27487
35060
160892
55829
9494
277659
11865
114222
15770
81494
19162
13658
111029
72813
210194
468
23790
74109
52609
5225
43403
159795
555
29006
6326
10191
30859
6651
60768
11425
36971
14424
53888
1809
29971
20090
70487
38854
15936
5662
77590
60569
14907
46586
55950
76843
1117
13734
24970
8383
12404
10225
33075
656
78016
235
76476
21127
39303
27808
19938
35895
164317
131681
24905
10384
26806
123265
17077
150327
90176
3301
56035
74783
61338
35633
38195
811
75155
17452
163598
31821
24346
32009
64367
29044
13344
46728
619
82943
28749
11484
20217
1753
1499
456
105766
184290
77276
60733
66646
65641
48564
13840
65609
73857
3358
14073
142443
58986
34423
20294
8485
41478
25852
148260
40294
92865
72275
64055
1668
176764
55992
12571
44675
43939
4080
23116
29900
34380
43066
53075
230951
72212
9865
8696
2680
7151
102038
5869
86459
24501
200257
66855
145
52282
59183
51585
1273
107602
9340
1721
71180
68189
3771
1459
2861
888
202386
64997
307544
4447
6530
91114
32333
106647
48888
74994
139457
35704
10066
470
12219
4920
61398
1037
93236
28015
68041
57968
114078
33712
90156
138574
18768
126974
82941
158208
10995
4023
40685
89299
2776
30299
26570
30476
67273
29595
7021
9816
142269
44596
4936
634
62636
30068
201156
47965
2137
11585
6351
75335
65979
53968
28015
34259
13234
11763
116956
140533
28009
33713
32481
101279
93959
71449
3464
148629
170298
17355
14542
71736
46651
13836
8289
37552
8172
51853
124077
96792
36445
260236
129115
18978
6037
8508
53981
58923
23653
29558
93210
18306
75262
28284
27026
46399
24407
148427
96389
15471
99389
44800
58
26374
9747
54732
82230
5113
28105
4427
9681
9481
11145
2928
97687
27881
66367
50283
2604
92740
30197
137282
62520
30216
37629
2310
41578
5560
161690
34105
142451
241539
66570
13568
9941
81739
60865
11958
121849
192677
1332
14949
37868
33624
4590
17968
83807
13584
75799
139922
1047
7620
31825
1386
23269
5391
207163
5263
43348
97551
6689
18234
3388
27585
70336
63073
5523
18537
107089
67218
49174
47076
38743
40
29309
30535
8080
124205
225139
54113
18891
99127
18855
26929
148790
7319
3142
87767
16584
26289
64099
22282
119
79078
910
9510
28668
12102
67909
10977
21517
34360
58116
12397
845
34511
6293
7315
10046
3684
10087
42393
105663
196880
180379
5453
79085
200274
1373
53598
119809
9087
180519
86988
95997
63039
200364
1573
40273
6632
36857
82124
115893
4774
13684
18
33781
19639
76471
18779
10499
161265
15018
134002
53141
8324
68692
64060
12692
134731
112353
11328
1207
139782
8346
78588
8105
41284
100965
26458
44209
84555
145034
89430
17283
22735
37688
100864
60930
157582
2446
37843
8629
79437
128318
156122
7284
12036
58080
64124
188207
3297
128402
8255
29100
214047
329
20784
52691
18486
30178
186367
2917
7380
109967
112884
62673
1567
127
10345
15945
63994
8439
33021
22984
54008
93604
1445
18690
5246
53829
43774
22957
135667
52727
49664
7550
48659
3881
149780
12529
36148
21841
29626
1899
12895
198
3795
52363
14430
28756
16857
1609
61764
69898
1199
46624
2120
192908
127367
34414
56017
5335
11413
67827
102934
27176
2205
58445
63697
5701
53676
108700
25770
42300
98859
3767
2298
123806
79354
2619
70921
8267
258951
2489
24231
91621
56674
23486
13666
7098
10025
61382
41293
77733
92168
50120
16824
41131
229447
102500
62842
10091
62370
145381
10333
48280
8060
6590
74746
3036
99398
21022
36753
1119
104182
67914
168995
17157
47444
41833
26729
55092
4799
27681
95386
92454
241566
8864
4741
2679
27120
113696
21180
10000
91790
2761
11939
16560
9059
66614
270635
146827
30551
8103
14646
33364
49052
21821
21089
2800
3201
21636
143326
30851
441
60549
77870
53968
85365
72539
123976
86438
182984
127152
26027
22369
22246
15183
26508
21387
1256
121347
4876
16130
58671
175876
177066
9805
39432
322
1561
56278
32837
50581
20334
45295
114058
15197
118863
60743
47866
22531
68128
45447
32247
137317
32808
45457
98721
64696
21700
95960
22490
92995
24163
1025
185973
96747
254315
88391
8
63815
2461
27740
59956
57573
33414
168770
75026
44103
15957
89207
245446
7137
5799
73296
10754
44087
4051
7805
4515
11282
14721
19427
130733
31643
46117
44281
37561
14691
35551
15151
58149
45304
50250
34523
70401
10014
35036
107725
4173
77483
13811
16307
9575
34491
8495
75464
33857
67509
5208
210706
35555
65672
91003
166120
86206
6457
275439
47583
19483
4606
10481
7852
57885
287471
56411
45122
5586
134361
22214
204603
106843
63612
3978
188920
93060
8791
14907
99377
50600
34662
23869
6309
31881
11767
220620
360
70354
88414
75826
74294
73650
50005
36401
13585
6039
124246
98409
8063
1135
68079
565
22542
6741
13388
126672
62101
268854
4236
12381
65533
92260
11692
31487
1449
220648
11753
86778
19324
14904
10321
35002
22133
43254
23228
11518
204193
2486
115003
14612
75756
102569
18592
90
96926
59399
1393
51353
10286
125654
120212
52121
1979
21035
31640
57226
203048
10072
51317
49888
26082
2018
253935
96205
41068
19461
169884
14179
44632
32364
28504
41532
426
6613
20894
6663
20085
7199
571
113455
190098
1267
41852
268284
56388
13274
49557
30790
6236
14594
64916
7243
11121
47773
29837
997
140507
2002
2128
3976
41607
115395
134290
201343
22177
62249
45566
128609
86864
56922
52765
65535
174925
50874
11571
4367
308
16023
68925
80292
1565
18487
210007
60174
176454
230949
35801
65939
11110
53242
47594
25854
40525
10685
87946
17783
158781
1683
124586
10598
135530
166134
51985
40290
937
121486
24449
152528
181295
16396
121505
91791
22988
16559
125487
127673
985
19301
63228
56953
219958
20278
53321
8226
9802
42113
63127
170021
136177
31428
2774
5354
35051
162975
6605
14215
111443
69289
150844
120
10163
26797
89732
1311
197489
4334
199722
14909
126763
228566
8088
44287
116937
54680
56392
8768
1008
16249
12669
26413
179275
948
236082
29141
5133
49740
100828
102164
227714
122776
96129
42117
56174
13705
54446
100814
5295
3450
44565
113718
4889
15903
68111
57741
76252
56039
78042
18768
28034
97718
3218
10144
28966
13487
36062
6560
158319
24160
8491
7161
121911
104617
29146
11343
21849
67645
79484
4316
92774
41426
66705
52289
19798
113662
42016
106860
76644
933
187231
17122
166734
204228
170387
21637
194520
76683
5970
14057
3521
941
14748
89493
4654
21291
152493
49046
4035
7798
21271
73493
12151
24636
103709
66075
31306
4795
76531
2244
104411
9965
46075
47528
137771
189959
10275
30020
13152
45456
205400
22645
69539
136565
30803
23375
66855
19330
5489
6706
82127
30869
37146
20601
111342
21644
38896
56768
44512
51918
92525
18066
110561
41924
53266
8227
3012
1284
16425
10381
58285
132225
65617
7270
4868
6800
28198
2766
15003
19271
82479
7093
51963
158640
18835
224464
101542
97704
141873
109154
76941
7229
43200
197056
56199
50347
5253
194
8165
184324
1701
50705
105470
36892
1664
146903
10067
27533
95382
49495
38750
14817
2574
88875
71666
2234
29931
80912
801
10074
55654
1897
125318
65094
8898
7684
9979
11781
29495
2490
185458
51858
79391
40
6148
146096
264662
22379
16682
142941
11313
60835
12925
22302
27529
12528
77678
52450
100552
171
12622
71913
85839
42004
9830
7414
27063
89712
6694
20481
82187
88971
29748
11926
9751
33410
22256
138104
8400
55066
53087
22402
82423
9317
17635
88629
70316
2509
22066
23629
81013
2192
9903
29212
70099
754
215726
87155
86031
9792
58958
10524
68877
134136
60819
151456
78343
1561
16412
104907
100669
37659
215612
12696
144017
23558
32758
9226
4159
98117
1031
84381
175161
10429
84371
8041
1586
4585
20470
2454
29098
46442
2717
73145
39161
22620
56682
11449
347
12303
8845
57559
195600
45142
30
22675
35286
33306
179
6968
307
71644
7705
131363
245896
54219
5060
46771
12816
152167
35074
29608
36210
26737
52455
236408
69269
22289
18366
23236
108880
158540
105126
52211
234653
59957
146471
37803
17036
191869
207233
32695
78522
17406
67623
258
7803
11407
6958
10512
19013
8532
76694
93238
31544
1971
21135
61479
3279
8944
89209
44217
25974
19756
86801
21922
11098
197137
126875
4861
189082
103397
53393
190878
170413
116903
85121
1276
49538
79116
58623
82384
5137
171071
3114
2877
1735
98439
50381
23855
13712
1676
2725
12177
31928
42104
10152
1678
26705
7369
56159
30213
51714
225204
1428
80569
18134
23485
131213
1148
53978
14906
83309
69639
555
100693
88154
13940
10037
11805
30010
426
34373
34034
93512
187542
5258
14317
13147
68729
65766
99923
72682
553
111850
789
90013
153869
14250
32660
118654
7522
1152
2866
2638
4913
42603
41610
40122
13426
106833
90308
53106
113747
43558
56344
79195
5386
135752
478
161803
100474
92912
1179
98110
80709
40489
3807
214076
39818
37671
123331
29413
2252
7683
180460
20952
83665
1710
156855
32859
25362
19338
60515
53733
22701
28957
149142
29494
3071
17132
1932
54161
13055
46844
16933
107644
23125
12078
5955
713
64793
26712
118422
35326
33631
93843
102683
31581
6427
96738
148255
29375
40668
19782
330
26118
218008
34364
43019
5844
617
65408
38114
154872
1532
15037
129918
3041
78806
4269
1086
3782
81539
16110
30745
139736
32687
20830
68524
1016
60743
36131
42373
219892
13821
27792
19141
108000
3354
3486
91970
95714
266514
3114
39662
47192
14601
172771
28856
3425
123613
28203
143369
968
8007
22658
149378
96680
49035
3288
61890
44562
66214
34932
42741
71589
230352
49
17239
7577
4585
66103
88757
54837
10735
1505
46499
7780
12898
5593
10959
59999
196057
28036
17376
188777
83190
15557
178124
172
48984
50473
17115
39219
246549
18247
100116
99231
132654
105128
8316
2337
28596
7703
55581
22620
17186
14583
19858
2873
55233
1204
12387
7243
4695
53305
170739
17697
5340
57990
8424
108761
135392
1589
3598
245417
52244
47034
83988
55694
16716
48114
105404
51652
71472
124334
12195
65150
8730
75349
114694
234069
95099
234437
62185
50703
3592
68699
127528
25803
26307
31986
3209
6608
732
168955
4517
2005
124885
13573
18254
42212
25421
36165
30655
56931
74728
4938
96258
44000
29968
37854
139867
32970
72537
58298
137152
1845
231993
72871
103589
31264
50817
121471
67174
123924
40951
74048
4294
201216
194519
2743
8
64825
189325
164340
20358
54434
1769
20240
2688
33724
14744
104731
29877
147606
26801
39320
531
14258
1810
87935
8513
57802
56839
155352
60117
16515
31025
467
34094
56799
182959
24051
2919
64355
12825
94682
17409
142939
15106
8881
27477
47220
3730
61233
74662
152096
69576
98180
36110
80720
1507
151034
128236
371
11974
182
65328
51779
14813
49991
5938
99790
11860
74199
20013
13279
80107
202429
25265
24309
103718
92728
775
16650
54805
18102
63435
164072
134554
196376
15641
202108
6767
119913
71081
26888
122160
7374
12405
126416
95460
8096
5709
802
4089
7941
89927
74889
7520
1138
15910
107271
63191
3894
82920
76165
144010
12212
6253
2363
64355
37157
5928
47790
87
21164
12951
26420
197183
1246
1245
227141
83355
22156
2612
25322
96350
236175
14884
59061
32031
15062
82794
29892
23687
2721
22806
46889
178812
98881
44141
16640
34483
9109
199331
7695
56071
3962
39154
146005
2933
22711
14037
51037
5882
183248
41261
116579
52284
7893
15797
132679
89164
111986
25942
7035
34364
5300
10060
39798
29357
208239
28244
29258
72430
77206
1
81007
15777
5138
58588
98141
122068
17554
28441
176236
58812
719
27456
14652
540
7305
141458
47489
19504
8619
2988
9230
27616
84465
51328
64446
153468
38660
81053
17148
28643
2671
286
116194
76990
133
70893
15045
7328
226284
2741
1494
98926
258769
1243
6632
114496
15453
62097
13829
22116
39416
15704
40762
107763
1696
16980
196878
25084
110266
766
27412
31425
2739
59802
98322
59409
20917
13481
66223
158140
137297
22134
138061
16773
39730
61794
64804
72954
55755
40601
51252
450
2928
96274
177104
2264
138903
14492
103872
5923
149505
43757
87550
23209
235067
24304
4080
53981
130086
23069
845
54183
7548
14530
190427
2139
103693
15336
89994
102345
29964
21825
56479
15931
56885
153190
54638
26231
410
8459
167361
49841
6
7124
52003
9798
56176
37308
46122
230572
20070
27275
42040
164189
19083
86019
12006
2053
89179
43411
8579
29091
8849
7379
6185
88580
118940
38070
17371
50410
7300
66587
14708
129109
154974
148254
80952
21048
34720
710
44847
79440
107446
124332
60784
157764
88531
94058
13877
174367
6239
175669
36629
215561
119349
37677
225540
13817
194275
1365
36565
40430
39005
4051
23263
101901
19309
88779
58372
32341
30398
13173
72962
104701
58299
4404
20707
69022
28113
38196
23076
2939
205
23884
2505
154231
229942
7361
19988
5362
69035
103946
1607
33717
185975
15677
11471
140392
58599
128439
45327
23438
12249
18115
108149
149716
45918
71178
3125
26650
75167
100563
250331
11747
35725
57052
23677
109754
25310
10987
115774
2634
3491
43750
87469
112843
163870
97423
102857
15814
63891
10488
52361
1428
5894
62908
101132
8111
189298
28129
14732
9645
43677
63226
77380
3137
40199
132463
11865
4841
11960
19056
1435
27167
12026
76629
9810
118877
141619
203774
167441
5494
38596
2373
50106
1712
7099
108317
153400
15971
4834
79480
7047
46655
8872
400
25431
186982
131902
11587
35814
26140
160530
192142
70310
11988
93957
20161
21798
5049
7354
3994
49679
77132
23067
197324
91718
96737
68435
60364
20623
91406
319
1423
38474
60504
132893
14962
27902
7578
40294
45
405
8288
28811
11792
17156
24598
29679
108294
12233
29270
7377
13424
16086
19230
43312
29051
9250
114605
20862
80637
31561
60592
43572
41701
21360
175158
71132
14815
14792
191763
36857
18875
23418
14910
217
188
89240
2657
52882
14761
139845
7016
11393
51918
139251
27309
152454
448
28142
64256
9952
24116
122249
4921
128397
3639
5034
29697
3315
110220
89634
106356
39084
44801
22750
6200
68103
2482
46090
60538
38433
5795
657
41069
33799
13235
139646
122535
92716
58254
164036
138230
33938
68050
181703
11515
90046
75002
8629
166584
130512
54675
2274
31498
11575
19954
2436
9644
76575
2134
13699
45519
6949
65321
209596
24512
36542
3666
67444
17607
15884
174534
92008
16517
1520
117926
26955
100744
9002
29385
60085
14709
101593
166713
7529
563
139104
91948
95808
76037
47670
60757
21345
67623
72916
23410
11039
1626
8989
8831
101774
11341
67497
51252
40453
161330
9771
7363
28636
15145
165991
119058
140954
18519
159325
13769
247801
469
2
21811
7833
65317
26858
167833
236606
4835
100558
112309
36924
197873
72620
4526
82988
52121
16661
7683
52186
147173
48456
95078
37659
2195
182087
14547
14925
184748
91496
101252
50062
3589
2027
70131
69947
24952
11016
10052
6159
12895
33770
21587
20572
143620
1093
14202
482
17204
146121
23120
105156
6218
82461
31048
137519
1259
4081
303
113802
19624
25134
13626
37314
185788
15590
9557
144238
394
27010
15327
55246
216482
115378
131843
57751
8975
82207
113919
55147
42312
105183
297081
108171
23503
4157
21583
15098
2544
39517
36249
168669
24397
38282
39081
55190
10267
205104
120533
133145
11103
170108
16911
131185
17817
19163
12385
70786
82524
54525
2487
807
29929
7424
138353
120956
24262
1754
4166
145665
88053
78474
54717
48764
2871
67010
7848
59705
16727
55677
25144
12548
154866
159456
85956
6768
121656
139349
24902
33144
135761
3067
1647
129179
62370
84
21779
17907
35043
93024
52091
15421
121434
4726
139336
97677
105955
157552
6186
50126
15885
47805
67348
14933
11492
88987
8353
18801
18540
9077
32675
35323
21119
535
73175
8674
11885
43217
32084
46009
333
72869
56595
19665
5391
18416
6682
164832
5145
90445
881
6485
29913
17810
172226
32217
1928
77230
50536
6217
10778
5415
8463
1697
23774
23052
9629
18877
72
217326
99555
212688
1839
11251
106374
49399
18030
14572
127249
65374
54246
400
91168
135395
37518
98367
1476
31516
75703
26736
5003
41943
378
11052
136301
589
19640
151246
126976
8443
46324
21383
7408
3239
9299
32788
156588
12876
6972
8677
19
27002
6335
25700
84
54401
255331
41330
1560
64583
36
8010
102704
11159
69871
54128
28013
19141
31626
34395
39861
99005
38334
46715
8660
1234
56581
23521
29411
9261
248510
3707
13870
3261
67
25535
57880
14647
25065
58189
32322
74878
16789
21999
78356
105204
120978
10841
20847
5006
40203
13323
49125
71970
2635
67683
256230
39432
23154
19780
89557
11327
5184
44490
8354
44227
45367
43321
28876
174820
102368
19773
141447
139839
80999
29153
122711
84041
196024
25096
156370
15290
6730
12582
153037
245246
79157
41290
22881
53187
154531
26441
23894
24954
4091
19418
2338
6870
4771
25123
186012
215739
1111
105156
229663
10956
4465
4253
27248
10883
43532
119939
11651
63010
30909
64076
224538
18624
8859
75328
53858
58222
14185
82533
154324
30294
7646
7179
44836
86147
26493
154103
22307
94285
73486
92575
4944
27438
94697
59102
50653
1875
10479
9400
55459
258340
92594
30685
11470
30845
66477
62691
5128
7122
22211
11072
89156
46332
14516
277
128350
19779
16590
33241
5376
31523
44928
43902
22730
85907
91712
177705
19172
15638
44592
5794
69075
32001
5318
38087
10704
89606
37449
10852
17671
83338
2894
98044
6948
59247
98805
13684
22717
204307
7132
129362
4338
196995
49824
29839
40226
108187
44367
232343
66152
18110
1320
33586
8288
12895
12670
150722
77682
1795
154436
180427
63085
10488
47265
53678
45835
2574
87309
83993
85751
32092
57282
37969
22731
11613
56647
38400
66190
64769
