152218
186043
167784
88963
105327
233858
81968
151769
150332
167251
239029
176897
248034
181895
213563
248310
142069
211208
224625
213025
256422
210204
97212
77101
202641
187736
65109
206820
182156
178106
152362
235302
239805
194591
232252
145621
170095
279101
34057
214277
282376
92481
87848
168317
193710
177630
218204
139963
124896
164516
175628
100229
99568
4848
71599
181754
245396
28793
164828
101031
186125
116357
218669
158639
188468
32683
233732
117309
51516
94612
115945
33554
180126
103156
239809
63134
161289
141365
203100
80030
188274
213065
258626
208385
90366
259476
172666
62898
94070
274265
258357
201578
73140
186530
104722
107260
82503
127444
207700
213971
45831
141630
219302
137150
149228
137695
170535
120843
102037
74873
241462
60211
134646
219971
25242
117820
18984
246422
233786
205956
182257
172053
3568
117542
178004
89780
129555
20149
174660
226421
177640
166104
234759
220793
137970
42901
121677
104352
156547
55426
93745
46179
196796
218800
254979
192309
147974
65340
189957
215585
106979
266888
185007
169789
115597
186492
242428
125109
295576
133405
196573
15712
109640
174655
11049
134966
195733
126824
126007
61698
131053
90593
140474
166995
217415
172788
164915
11576
20056
149135
6322
204208
179407
91421
194022
143
147431
156616
148554
104682
208748
134683
205317
227913
124846
155429
231766
42026
224694
112053
127010
50470
254073
228835
114527
149526
134492
202352
42847
103508
195399
170568
12940
186436
204617
242262
251512
153046
203261
179225
286108
277363
126169
197239
216115
198231
90757
172208
215526
225574
116820
81224
29559
218532
5449
261756
203756
106640
86581
196166
187965
167805
128681
90465
150646
81735
161333
270425
85710
153842
151178
191293
56682
169824
51230
167589
302881
102036
288411
45880
174423
108170
94519
66687
181307
161202
202783
205824
120494
165307
211288
21749
198208
139599
209473
46517
146461
188471
216268
70565
135348
126982
223537
160399
210909
195254
177187
193794
199376
253373
232837
159553
269882
78644
202131
224296
162359
53310
187764
160503
215430
262206
296269
225100
121806
62465
131499
237380
28058
222619
65031
217797
237664
181149
114942
205090
149101
211613
93547
196015
231904
153001
197059
77850
226946
206030
233299
253582
204369
10012
272129
115046
90304
213622
139440
195743
200303
215439
264080
213876
194100
147527
163610
139122
253443
65309
131733
186997
96386
56955
179103
189818
189855
110015
242407
3149
159267
173427
129015
207447
173348
210069
225738
272010
176218
287338
210976
182310
201427
166878
162329
204486
265306
51997
67356
108213
237665
242921
238158
105590
165006
79543
221141
133884
148379
146796
95633
68540
170675
100138
103149
247835
156086
249865
221708
105241
213918
148513
63803
94871
110748
194231
49129
162989
212036
175181
144719
0
168354
189215
219914
266128
104101
118840
139089
243578
184354
1586
218755
164216
253562
22445
97500
155034
37431
216918
133966
218749
246135
3208
176955
163738
222490
224965
23061
82363
129680
169884
202257
156153
208269
77596
208552
206030
186151
172109
142868
192497
210669
134735
88911
187711
233237
74342
192584
258155
35891
204664
16163
231266
71769
132933
220396
145880
174190
212558
176435
148363
26136
198015
132065
106190
84379
212271
195321
162526
104625
136688
87257
223285
215911
237466
65144
154578
207992
183693
129145
147371
239720
216917
112451
96337
107804
107586
124000
215445
146129
84988
82174
44552
159998
253151
73193
138507
215961
236377
177014
135530
151716
198779
176990
37833
192695
196534
65732
51070
89457
198414
171003
113468
292223
202955
188940
47507
133121
204827
205478
169780
66373
216959
71156
91604
269542
144419
105690
118651
11455
105586
173637
125544
165044
186636
187082
126901
155875
139218
42352
197869
219246
78706
125880
36977
237569
228855
188248
243142
173548
179957
117385
196572
208404
229341
194874
230904
178956
95821
59434
108632
59292
209980
165386
195690
99238
18050
2262
144327
207494
227495
89861
125759
119683
174402
65119
68196
46958
233091
197920
232662
172573
72811
188736
132866
152167
239440
201251
26509
202053
105178
251800
164322
158734
245070
184025
73271
66137
1725
174355
69471
176023
95901
22208
102648
79362
289194
145091
173271
172564
220300
193320
142451
147365
20306
193030
153006
141738
84414
183149
104051
123684
224988
41601
282534
230370
142876
133440
117283
251361
175599
255288
135293
235045
87822
209624
203040
172535
101113
92378
192921
165735
44048
207452
136941
269047
216714
220117
192754
140518
233081
187936
153695
237443
183343
210255
225395
179008
221988
98252
110089
158399
249998
85529
108040
186948
130167
215713
173967
78734
286872
136780
145458
222714
100807
169626
143196
174015
219101
162895
227268
190823
109149
154985
195066
161387
184781
170023
83850
140470
176620
262773
183138
128340
236740
96374
208534
187821
234411
260744
138294
177959
71123
130876
186835
152847
140258
73269
196255
155974
283720
96034
212478
220792
240448
214339
176755
141579
133513
267868
53898
282157
256155
148697
80592
172160
140701
189042
218697
75069
167913
61281
83342
225475
116050
132830
40744
149813
196055
114957
196111
109126
140080
208077
72304
138876
118474
255258
194752
175627
95543
248526
49627
166141
160470
150786
93237
87930
110155
145333
82079
131886
237958
43644
203544
175479
47468
89788
147054
204882
170592
192562
7400
218093
174084
218527
202946
146995
154808
125434
240985
107245
202154
225984
133953
105563
29682
274915
12190
206054
132913
118956
86934
232181
201226
88678
219634
173219
16818
159928
167772
34325
191843
144150
164627
281219
193943
242145
209977
192381
199732
176078
206953
91687
152039
60172
162724
189666
119710
45720
181463
164201
163304
186803
250625
71078
88323
58708
41995
138349
189234
109732
162623
236971
90864
227858
28055
225972
191051
187418
279123
221802
158381
209415
38331
172808
195565
168516
49835
208085
128717
203345
255404
196667
222254
155548
257364
45477
205616
184244
231842
187323
212039
54330
197658
41657
203198
55824
15811
155157
188236
68189
150795
69634
177043
116189
92121
216533
204677
213333
85527
67900
259752
219019
180709
203349
154231
198358
162937
201403
132801
131028
212900
145964
235805
132113
133715
240995
207768
73220
209182
83127
111630
84474
281377
197957
254291
213536
26459
67188
221252
8378
205698
124406
154228
122321
125139
49688
151253
158023
212346
204242
89994
191265
235713
124647
218563
157894
222772
99921
181947
233765
134633
177356
172119
121993
302393
120949
235031
189831
215562
140189
181117
96053
158514
204258
169921
94409
254339
119658
207887
218087
97750
2706
219124
177887
1648
233599
34377
167062
196560
147568
89724
230585
236398
200853
178803
231507
265693
189298
240830
5754
134264
224394
62419
103414
47020
156155
227219
126431
253958
202106
40417
190322
170272
213467
214272
123953
269059
88275
30459
111936
86354
40716
136391
86437
232771
179071
74426
133950
43344
194659
95282
39134
47364
116312
283954
141726
86575
209407
149228
170000
17525
166554
244334
156193
223395
202281
147437
227684
160021
152577
246197
187049
135199
150260
292945
55281
98370
82254
148585
214580
209925
213773
219525
122861
202751
57342
225474
283860
112264
215860
51022
197485
214058
85885
159362
51694
96850
139946
202980
213189
156297
137277
156745
164483
226779
150038
203057
252875
204069
162620
242669
152259
168360
260511
246717
225036
162761
133879
229192
213996
164159
241239
175493
176299
27461
103975
75696
247399
29623
67085
182972
178281
214908
248920
55054
206036
179831
114925
100303
151517
213779
164987
264166
151557
202191
165675
1262
166748
169427
217274
3978
210788
215279
125864
204509
235976
29661
135246
115293
190414
259521
120412
165069
240478
231618
103376
133469
215719
189612
145641
178069
217320
217284
95075
86774
115770
220863
125587
174815
154722
210270
150653
222006
141338
220552
48317
224236
225254
115250
115670
201432
199042
278785
25015
30152
147327
101231
246927
139827
142244
222931
185239
13537
214487
124228
166951
16455
194791
22438
156786
154234
86220
86982
138573
204960
195163
250990
177413
58537
215540
136739
161425
134205
225659
183308
136933
78242
230065
150517
91500
187267
41173
140210
5568
212390
128590
30718
240789
81421
32389
115253
177822
211898
141639
228384
153048
114416
150426
181213
168537
153189
216822
182397
255582
155082
202517
121688
213855
43342
152477
91032
214813
217839
208714
244199
235196
158872
209960
214168
222569
128175
85742
132751
64925
202224
225611
241328
206405
44676
159671
234532
235221
170188
242975
155192
147982
251303
165189
89595
105735
198137
195075
88188
126309
174758
134332
104929
103503
249150
233378
153843
57498
203323
218869
111713
256270
94734
158295
169959
212017
202475
203729
158838
62609
198217
117579
187938
189711
90191
283457
216032
97119
166007
53190
113282
260365
83068
67614
4453
124272
18338
101636
7711
203709
235751
285954
126067
69136
224010
178649
223396
4861
187379
106262
68387
81863
117782
201450
145871
179520
228992
205259
165437
214493
190338
183878
183670
250481
266118
195586
243308
163405
203685
201222
186598
127262
152887
226121
175242
292590
160945
135169
142670
103399
174200
136982
224413
201151
130995
244631
134597
118537
172026
184982
154356
214298
147586
189839
182158
255336
260587
176499
270362
250665
167447
95598
116713
184639
238489
235876
236857
223557
167227
194805
196274
228258
80216
8066
8121
108847
119605
64600
180052
126219
83800
171356
203495
210735
222258
76506
155974
206203
183502
146897
91250
115135
85578
215996
142259
176915
264191
72595
128468
216908
66784
170054
170993
222930
278772
180034
209639
198511
161941
231884
132866
230424
224904
199972
155369
124261
184951
289318
52443
271093
8852
175434
243489
281522
208940
254551
195009
174131
176707
113872
234571
219662
62964
250030
138131
190591
171048
147881
163900
138471
190336
220922
9473
223302
132430
42695
117545
101100
183323
138653
73977
95051
68571
182396
191834
50200
167922
206685
214493
259516
111242
99850
148207
117423
194666
84308
284081
166722
186577
266514
141623
131178
90444
114305
263073
80771
180774
10704
177060
56399
18428
162462
68846
101046
242199
208266
34008
219553
29419
207238
176563
264308
196431
88813
154513
216825
212251
153817
271989
90718
105089
212239
201059
61443
168181
181553
153049
163057
166552
141726
230205
154103
104236
200314
253167
102909
166840
105963
157999
277211
273173
8662
224382
174030
18999
154180
81069
170184
125539
64565
93617
12452
72896
247604
14487
130033
219314
162633
119184
190520
224550
174023
157290
240245
162277
160486
37536
90062
178366
208961
146573
54534
25886
119081
150181
216310
145726
162623
235649
197651
256468
116406
218170
175794
176222
24118
208722
149802
243618
106936
192608
80539
231990
188638
106079
163279
174981
156182
208509
189723
279805
186791
223599
32189
145171
149555
167540
73615
196043
198302
90428
209262
177065
94863
174785
173917
87792
42761
190822
191647
200433
192567
205802
169377
172855
252250
201502
47856
205701
74640
29872
77206
126675
141423
5572
16767
145850
231764
203802
133141
175628
16421
222156
186564
224815
235425
202980
228795
213316
156387
833
77233
179125
197731
181056
131772
79408
137864
37958
261716
34326
218865
166070
134333
97056
137424
144472
144804
95782
156612
164020
201023
21407
174409
199108
189396
243622
123720
96498
229864
215512
85212
167022
274444
71668
183698
233011
244791
178627
222982
166042
209506
6235
228105
62744
39434
225236
85288
53702
101359
64425
164990
64453
74457
186142
202738
271793
263698
219768
204814
200211
201417
206580
160318
70447
51345
244322
48705
30635
253240
201506
196640
224137
96762
165396
214957
150422
168347
39816
192861
71572
132569
145567
189235
221577
157965
194221
80598
21000
149658
134029
98716
193565
248646
130134
165128
108644
9956
192301
199284
60794
64615
52186
250076
257106
81
233861
209469
207937
202072
92759
174407
144819
145537
139887
88447
86720
226144
104043
262426
66810
132739
286969
194388
135545
72347
141563
222534
239321
160158
150394
32752
255873
208131
94332
250933
132477
76175
92846
236071
262402
188925
217523
173940
205578
183075
118614
197646
152349
268970
99528
198342
231065
35465
83912
180962
226662
198547
111544
187403
97831
207606
163021
129395
251254
209033
91049
100988
215763
143819
212496
179327
226694
114185
143175
64479
176776
159057
206038
93863
51406
130580
82338
266240
220788
160161
212980
58182
189875
195766
56160
58023
55190
222199
243275
150108
45890
169544
204260
194132
248452
129184
38452
223137
218823
141185
130899
84138
214857
141987
191509
240208
255019
199467
72869
158119
187963
217783
110856
211031
175740
43178
218641
99091
161686
274814
178724
76532
200596
59635
151553
158269
172405
152340
204741
18381
277314
187885
206648
58165
153573
91921
236655
181135
109115
108364
218351
157467
95997
101491
203146
24907
191668
157643
27700
105011
33936
170483
214166
194560
105558
55746
94758
139649
132455
212916
155900
74093
173643
113408
232012
188208
157566
185753
166973
116989
223989
90598
92998
199697
85112
68515
231402
169109
198861
41575
166606
205484
216527
210532
191425
108674
23665
156117
157981
188304
182357
230662
187687
104301
234493
214361
258191
181628
247324
98677
185417
107466
207619
262076
27899
225455
195852
44252
160473
220707
220035
23026
85082
185517
220167
77891
220765
128317
128051
190956
136725
254759
161560
182951
220584
219016
217097
260579
150976
237790
128818
165920
140559
108435
186173
35413
103622
247060
70831
219087
156620
276697
119114
72894
107620
63471
285203
154695
103710
113719
235422
226508
227754
213332
158599
70577
204158
277963
213983
30513
107245
56001
236894
23431
196479
196942
248179
131935
191051
194613
72649
210604
74712
95519
178967
229918
269321
123395
35455
65378
227361
101656
182353
208328
89376
6648
123746
101084
173229
84604
183421
201094
120956
167344
143129
218016
17771
236387
168002
157439
141897
130570
193190
108849
208742
149022
194047
166429
234355
192906
157832
193621
179711
82653
189698
210477
276903
232895
129998
181150
183099
154050
59035
32003
230479
202067
199093
26392
204864
217395
109995
211280
288403
205071
248735
205562
278203
233634
90094
96914
167784
223013
205008
85801
51960
11176
184228
155551
90613
209422
115668
54372
242820
156885
208334
106392
59530
140447
195948
124172
261496
205811
165032
131704
227465
154404
76672
119131
130671
6862
124579
205059
154493
249015
168608
236509
109627
62625
256575
154893
227836
49173
255742
109971
202323
102551
91837
87064
213522
132016
214522
75629
3593
95410
251920
33482
87518
10058
3780
220695
25224
165181
135955
209826
140192
241609
88894
68512
135449
154868
232560
224142
74552
199671
153999
57550
131571
226663
196995
200236
213520
180180
3539
138712
120454
113039
307069
222213
192845
53213
32165
236830
74435
244558
121825
172552
126010
156608
268100
26013
118002
196239
184873
187808
66598
254298
115158
170899
228480
170635
208601
227929
116886
135129
267752
226513
78515
193411
238645
71431
34161
220516
224734
189819
196728
180417
97714
243868
98076
16029
198897
253864
136170
81815
208886
222695
9278
188655
211506
191461
187291
155880
220130
157184
187577
158762
162736
44598
148154
133604
147654
90925
124683
169786
119159
125815
170551
85038
211653
196080
172820
155925
188945
45646
91788
174697
69001
80463
114246
56665
217503
119655
146825
182599
277685
65589
42992
141095
170518
417
129391
166690
180419
76534
212374
179086
253171
132270
141518
94914
115804
148868
217256
176884
194767
212722
24847
200573
83260
73517
98278
240978
28894
224833
89070
207368
206967
187896
36222
158900
10565
217669
77067
131980
150245
200119
170661
199933
60885
268122
236557
164980
106003
193497
215899
127941
185526
166693
199783
260622
228515
134444
178603
158013
269095
46618
218716
143288
177147
243402
234984
100034
101675
37105
176166
252173
178758
44678
182423
152902
169616
135512
175285
214808
130942
63344
235415
183616
125115
156786
219870
225735
206327
242180
193625
146032
107042
121881
177051
40795
142649
166040
38739
226512
81615
143147
103091
76672
229643
91334
54740
59070
278332
209374
56822
182252
130328
244553
210349
74377
258154
203510
150331
237045
139117
70184
232085
237092
8431
225556
23599
231626
130251
262454
212097
102201
179118
180554
312174
203890
133481
118320
177610
105092
186161
210831
290845
173119
183583
248504
234052
220494
212790
201232
202403
237498
202488
101011
237076
236387
284788
263203
76171
104879
84376
5679
186331
180576
19280
153321
212754
25469
184173
203644
215646
211577
175320
94162
209048
103358
135811
209115
160037
156985
146515
157267
172753
14823
47156
34642
211206
84597
199436
197681
165638
210785
147681
248603
46539
114701
245007
213578
30749
217112
221743
151202
57988
252796
169393
71512
132291
229821
105863
200295
150995
127085
152308
198542
183939
181015
264724
176687
69973
141052
196761
206196
175265
203550
171685
194235
33179
136904
82909
34441
218875
218877
190652
178620
223393
175868
206761
196636
70036
201952
196084
192394
49111
45348
132577
237689
117022
158188
191799
146938
16884
86626
175245
154951
222215
202750
177397
197261
100645
85923
145302
235692
178087
91639
90515
168840
212428
113793
185619
59606
202951
278221
228864
186508
138816
207670
223221
101747
69361
120858
188900
53860
215097
82853
31216
85024
87489
138600
220132
217635
127056
145444
147808
42257
173431
21955
78624
118811
223091
12869
218838
137983
172128
212892
114788
163741
47066
181567
152928
294974
51405
146154
239245
218225
24870
51831
68932
161785
200703
232509
150971
130793
91777
23904
129933
197926
260866
116156
71027
211044
158223
268187
201638
168327
185344
209491
48666
271563
152778
71634
50234
92828
172355
204217
155009
149597
75197
108397
242906
82342
13748
193209
105488
156642
164815
85998
88907
218019
294264
41579
235451
110800
113273
189095
63638
156712
164912
178388
152460
19542
235626
81599
172239
145531
14107
190161
274249
227397
97311
213280
147539
214643
216379
250443
152217
150342
75646
7320
149414
205133
40640
174209
160240
196043
225779
56808
176427
181957
203757
181967
208531
199301
208098
153254
89082
222612
193627
240414
107740
155755
227955
70435
178720
18751
269570
215054
184167
197782
143764
234580
175195
37086
231029
31086
189432
219541
201262
7876
159407
198202
218644
115879
270161
123668
74685
92306
15559
143334
128131
244647
22057
218078
24234
90795
232448
217502
212930
88522
232801
43489
24347
172946
180566
182841
272868
164303
91169
240414
186894
120531
160106
121281
107792
63098
74066
109131
189466
122618
255194
100899
174826
168686
217596
96728
31747
204258
186940
192726
254665
266061
210008
138774
157961
189700
215700
192440
93061
55043
115913
201917
211613
156069
129474
188672
76920
249445
238327
141838
157733
196917
142746
187824
226184
4071
117750
138533
182816
253094
168799
97136
95229
247887
233266
23561
151010
189228
156744
132139
134982
174266
195712
161292
242088
204701
50539
7745
181071
3322
42587
179744
113961
252250
172945
22310
210049
229221
167420
191500
79744
227794
83719
26295
50123
132943
93065
96986
178993
194052
128206
81924
186257
126666
195839
183134
215149
210082
104704
235474
216726
186302
159443
163161
124425
161380
181544
68402
212278
216195
119017
47226
72312
121455
257908
100617
189181
138197
215560
104050
162557
87809
67998
65432
122309
203505
161829
154487
243427
238250
125757
183113
92177
99958
120423
98850
6824
161318
84581
124228
55900
176283
121480
174748
220219
213125
130581
25081
60038
120694
238037
211945
200347
273547
127543
229313
11367
16912
54938
226060
16063
142049
209398
168181
219305
140023
96628
232378
67956
134411
205948
15505
159449
64714
143117
130089
155926
112160
83294
145944
139549
151138
257093
298371
116489
217554
71917
185624
194179
154325
209490
99917
97030
2743
215146
22820
202631
138957
199008
204779
96530
241346
105881
183806
166549
61192
276760
248014
230315
128963
269196
212265
218387
131709
70161
95908
161788
114040
280217
214074
199070
234469
147431
212028
179222
14582
102741
208878
189831
125440
129421
101522
172162
182973
220653
32229
141399
149850
167470
110795
158709
164169
251537
31157
255167
247771
222878
121401
203220
100969
71234
199480
224249
151954
198705
85699
121083
191226
204170
172150
120842
97509
180517
93131
208441
235908
222429
211682
33501
197652
186708
157331
82334
50298
209207
131270
278858
178472
92992
8402
254363
236034
133170
144581
93728
151646
151178
218893
168748
189307
184150
104758
99530
196790
180704
189825
35407
210736
134191
207970
164154
215029
152564
138260
128874
189215
148188
91363
262722
209683
198538
19395
151083
155910
35445
157107
196691
220427
219217
179463
213659
182576
122915
105096
128280
221497
220221
172000
147303
147137
128017
144045
57197
144501
278257
88680
216560
140841
199230
210380
139443
225421
130981
219725
229034
256765
210438
62701
64715
215092
15965
180239
166774
128750
204344
17908
149267
198649
196125
201808
180551
47875
21888
1902
280560
147530
194504
47278
34438
836
230965
203245
107889
16080
169172
83144
178289
40089
186594
123371
86954
147918
94404
230686
211919
7146
217504
207649
223592
141236
180569
225759
151113
279322
189467
113610
194888
54832
220608
178464
189266
244079
165006
242755
31514
261762
152643
155942
133366
228475
197706
205454
42270
156072
152297
257958
145095
218133
142836
85579
59900
219734
63336
163928
153931
199405
142123
67461
162743
188896
90334
120991
130876
16083
28995
220533
150740
80796
180935
108463
119997
105096
113470
99447
180938
202135
108938
156234
169854
239219
165405
162297
85510
189884
194306
78630
238540
209135
109621
32120
151780
113902
184469
237349
160323
131831
159003
245060
126076
132867
185065
131815
3540
201987
159119
205055
207968
215463
164083
115011
205630
86941
186032
170977
190198
193364
141993
167296
87728
210611
144908
143259
180673
173251
176314
93160
122185
181793
228907
218326
266178
227923
259560
92010
254985
174488
115386
106743
208333
184300
185290
225112
190670
28635
96644
157142
172824
129497
157888
148301
56474
212114
163068
202899
209255
215637
142450
268941
114528
220733
24917
220312
118798
199466
183979
188067
83681
234426
204589
27407
120606
155800
98144
125860
86657
249067
188735
222859
175562
177419
135162
272143
63026
249821
67922
32285
226211
258708
213651
265155
154086
27298
219628
139311
189485
156661
209411
185565
158871
216821
180599
287603
78245
51202
182885
230177
228191
127508
187850
137716
199806
211249
148404
115977
16309
161467
209397
182984
243381
265749
209537
183098
55002
93308
249378
164185
245475
220336
194592
265630
179301
180952
107330
169609
74933
223521
177299
148908
189529
157341
136554
93080
246369
247957
137906
242727
191557
59050
92434
76696
77232
90041
198166
186780
183584
56873
103714
209795
171223
286816
118198
292100
253781
198496
86581
188311
56735
135571
228198
222867
17187
86475
207772
16970
214398
140310
191374
232271
222803
151792
139930
211439
85974
222633
26796
201091
224452
162536
58010
544
114471
160502
247336
210813
180065
25495
44861
101865
193142
178048
67410
120914
35606
25792
142063
167180
45080
114429
75168
129838
167475
94378
49833
56681
224395
51337
135107
188737
209019
202429
105790
197366
206576
217411
60166
237871
214371
221387
198320
240919
205534
216366
233681
157377
181121
168387
95007
245195
187171
146761
222323
216952
115355
202405
118181
75294
193754
236511
198170
176423
117787
164835
226559
183260
160116
185888
29948
286053
99472
62169
155982
190337
185925
193118
209810
196128
197510
119831
222276
153591
39328
100397
183946
66888
107319
17600
49432
3607
156471
178627
234344
137224
29059
196413
139662
164540
120109
122976
90638
258433
28455
179672
171665
205731
172713
235106
118386
80315
159940
186133
148213
186430
195831
188924
156103
272191
124079
167515
5413
190588
148163
163457
145739
194205
247472
203541
112996
196746
230353
189991
53399
217697
134831
128603
146751
76395
230863
198388
120773
181988
230912
203228
231891
33634
30329
238453
162370
197606
102363
231384
85521
265752
186100
214278
214779
143413
194806
166565
194972
167306
281945
94484
205702
236539
191866
72849
158129
180012
142553
297015
190907
196126
167433
123204
274813
80320
225551
136519
91770
208838
181247
65871
188134
211186
182940
124638
145083
183782
79866
142226
235358
43855
20623
94437
116239
182697
59813
175759
275724
194102
201336
197641
128730
263117
80502
225104
213594
82767
194196
69974
61559
85724
211983
180354
158623
215948
178118
166739
177900
239596
67693
24355
99901
214737
209346
225252
267217
228254
209668
144280
159677
227753
204576
210450
180032
231559
57396
35282
230674
252603
126054
291797
118159
171351
217905
15249
154089
189521
172721
251181
140509
190067
24687
148111
183319
207782
79406
176109
169267
188253
136178
17264
161763
165999
116553
245592
200122
64261
76800
216004
117181
104995
92694
204990
125984
249157
187143
228409
172536
130752
269931
29047
114302
247920
142160
139657
33183
113620
141155
282628
169929
94134
213643
116962
131994
16703
191261
29917
154067
122201
31819
159451
135287
190992
160160
175752
192876
147525
81507
26234
170375
90687
156138
144319
88283
163247
201606
66158
168131
268029
146807
209698
220762
140713
138646
56610
108718
166253
90790
129401
211364
244985
163794
136720
220659
150859
208257
81419
24796
170934
144312
61929
157694
149089
102014
179296
196555
224525
89898
75484
213605
35316
184791
138230
245074
180877
33321
85194
245786
67720
20648
260085
195461
233579
90063
226507
110909
221184
194359
188500
89230
100670
155001
260426
134987
19319
207454
46131
155472
181050
13335
163310
166196
236878
190088
153465
166667
214935
112960
217340
235562
134895
191901
135042
31356
215801
235304
175600
161989
212032
158835
161312
151262
120167
113912
223238
194607
110260
267645
218393
120523
159435
168878
230221
216312
135272
120117
186835
131824
30283
213466
164454
229632
207658
119045
228495
299084
285249
249146
141519
181071
79182
227137
194794
212573
237665
7993
128610
35560
155896
111420
167107
201470
203748
239407
66051
161939
164907
37967
204962
240988
13312
132336
25431
169632
273477
47396
208222
202089
74044
287625
101221
59120
210351
96287
188536
125956
123828
87444
74407
29552
225880
201019
215512
156613
247750
58384
187594
226195
204811
28477
164472
137299
122291
133508
214285
131975
224129
168398
262228
101157
219875
204232
214594
189248
146210
219535
245614
228632
85058
219005
153402
232457
224278
186452
57267
208350
163167
84223
124299
30543
238747
18294
41938
285749
226012
90240
84424
184139
205055
203056
121043
142313
194012
196003
197736
137677
74279
186047
78039
200848
112367
121083
219205
104722
140019
82919
21725
172134
166592
186692
16662
145730
96171
127639
151217
280482
162174
229401
252131
145726
197062
221107
160946
142435
121774
105521
45770
106358
20796
153594
201267
106001
104701
165715
106651
215126
92854
40374
159941
198076
185715
166474
72809
187655
266887
175584
218381
200682
153334
177677
206866
107071
171412
45664
10627
32877
248443
120931
205033
236607
60652
172338
134474
148190
149077
209571
195224
146871
214243
86881
187768
93355
184824
158361
33780
171774
221352
231282
196086
166097
195516
192058
267446
174566
106222
210884
148742
214304
37441
161852
141337
169382
50125
210658
252579
13674
181635
3440
28684
92778
115726
144614
149977
164780
178492
57839
172230
1500
267206
72998
215299
28252
127962
67690
640
248478
14782
110615
47730
50183
277308
142129
225200
198455
147458
120169
87725
131279
199876
115236
112093
230465
238076
156059
82694
154299
140755
79447
278223
29688
184545
89294
233246
11281
178484
231209
176715
159382
161255
93400
211178
226058
123921
181817
57045
118580
81574
82992
74991
78450
105902
219933
107701
164378
196057
205458
75709
208233
50721
146223
177496
274622
165911
266018
140665
77604
172812
210286
98449
167476
157479
192335
221024
52203
171703
141556
202057
229441
179980
147620
60479
216037
270361
138118
66567
168901
164496
210075
155138
166089
165987
46933
259191
69743
87913
171653
226286
173260
102825
218297
200318
106254
257615
219834
197915
115592
186422
243385
61355
124605
223728
180249
169752
102319
118287
103028
244183
143034
144293
102313
221373
125242
201867
164081
191404
99290
78042
155248
146843
151866
199595
47187
11679
186031
39365
115967
198774
73839
219277
86653
184877
158458
131285
49935
214609
212709
202487
71878
158506
133266
80935
191516
225754
141980
140899
105641
52375
241923
224363
41537
242577
139297
180333
174520
113271
30811
169842
272635
199769
247651
199331
250166
226616
192775
76969
64343
72925
218093
165395
146450
86781
48616
205321
267575
140783
163077
175375
181113
138606
58707
75716
31941
252283
176785
235665
170669
36181
172499
134704
9720
216957
44951
280001
59331
204956
218414
195958
197327
214421
157422
136633
39274
79076
219960
207913
210401
156441
246204
228836
145814
144831
200548
220439
269371
235409
110655
222454
211342
52267
201428
216364
269020
212733
81047
261215
275380
55128
131814
249420
150074
233742
243785
75020
227024
297225
76547
103024
100572
214115
188863
151107
169214
137133
178151
255007
35535
240845
167073
150790
203933
183009
100234
21135
190749
54087
215455
187252
226028
265623
233339
60687
18408
107160
170236
155865
0
207011
67508
268838
177291
114553
128196
201979
238925
155357
96178
127355
139812
161353
184376
263904
215331
135931
194457
21948
183662
141241
191613
255310
161197
24613
147092
229510
35422
196631
175533
187054
227272
34404
310751
127169
193912
22957
48587
112399
162659
38041
206285
124847
28866
268443
207735
251541
224719
227931
238094
149432
198151
204032
118218
200274
251260
145692
205610
141460
203507
145807
234454
58410
104835
268633
221276
213167
212394
143251
103580
54325
246901
1702
191060
264940
107835
150562
152980
145919
176057
173107
55258
235707
100416
250782
221819
93527
163322
136749
92137
87758
174480
230890
152265
74055
165035
186725
174131
276559
141263
268079
114734
210964
194191
184018
315104
83477
202006
214818
217536
222487
210024
42369
228763
175243
207665
83220
205866
116363
175341
54121
207344
205105
195662
95598
82366
192921
200565
287144
185269
115688
80910
280818
202405
167452
1545
209729
156717
221750
247602
197180
87307
76421
282630
229321
56417
107232
119330
267954
31655
155706
22799
165875
184689
204755
137932
171572
171469
245564
46752
51771
258760
192938
21330
164143
153399
233664
181647
66055
135108
201223
126734
138211
108917
102225
171356
202116
125144
68041
198705
80608
173447
133761
204439
56133
161257
113314
252646
172774
161365
173338
39117
161377
215924
246174
210147
238897
265962
104627
223670
119458
229795
148871
193885
221445
196340
156128
132647
149317
194065
287308
104371
221591
120293
177576
195161
179262
235319
46240
199252
27895
245695
214740
28846
144697
176449
141207
213229
222017
226693
154067
65002
14212
147717
46877
53917
223371
184478
19741
256800
208319
173579
229198
293527
203952
235876
8547
113140
216535
205563
207297
156692
235338
116123
157370
214378
227392
210536
130040
182380
207097
132059
266524
123369
232753
65108
164750
189911
89602
8868
158847
163236
221529
206560
173466
217996
81992
78717
135174
124845
209048
142294
89390
202685
138348
218552
245987
123199
27763
161089
199705
193748
96070
257513
91311
265489
198001
211415
82075
78438
291287
185469
85852
93451
270173
166892
246251
173500
115013
179304
141679
144951
121994
168045
206950
79646
83562
132110
217292
175669
195501
205094
16950
75922
148247
11347
245257
87941
233846
144644
191359
42823
210936
232664
85483
49657
217450
216865
102914
116321
161005
217982
219467
229483
238708
224060
27303
176963
178765
46618
207508
135953
60474
291494
221393
208718
173315
208458
207539
97083
173371
280882
137128
50599
231685
110661
158397
144742
205462
47726
217864
241841
212918
211585
144607
191022
145795
103333
256353
208205
142773
219683
76071
46828
160499
93827
213938
12212
146863
192390
113141
125847
119358
160171
138508
222157
227001
142957
105769
163157
181901
129844
232034
112815
233890
98631
207447
230827
167835
150199
239577
150424
102650
146207
182469
174935
239229
195614
211818
70147
234859
206795
179896
146039
123690
158530
230671
168111
214224
125345
212656
232982
237204
81200
157143
252421
228375
118841
87545
212301
104624
172444
72753
226501
254796
76732
100782
39839
99020
217981
222363
160610
89548
200328
123089
134544
134475
132276
132130
11929
228567
84277
113597
149173
14353
231988
85698
141972
105256
153677
6051
177306
267038
154244
31905
208202
185253
230764
7801
195342
168772
7835
196907
104549
45187
114635
139855
211467
233288
180079
211787
223547
250335
193730
162866
296034
104016
137733
33659
234835
164281
140656
235519
257246
18521
217130
10114
94349
38482
264868
197711
208692
190673
34378
92619
16807
225274
66063
178056
83194
262085
195655
54760
193730
228495
138557
27278
77847
200850
181770
71572
45119
287956
221162
205620
174126
205150
119398
212693
101809
105795
123690
211115
133038
144300
112860
160136
114341
56666
257131
25321
77379
95521
193688
248853
175950
251341
93348
73882
106621
57003
188755
228125
220186
270426
209378
202102
201677
80625
135080
240715
168198
155216
183903
190693
219010
225251
123404
1000
105973
39398
273257
118614
227857
168588
194011
133120
189380
229157
108013
165679
159411
209092
115431
94403
61861
99271
196068
148534
61566
126065
198856
298254
12896
162476
136271
101488
29269
34395
221582
137567
161139
230791
216006
110084
14155
269110
60638
207315
185313
151746
196423
184556
124904
156796
89864
163910
39566
58219
139904
249832
171918
197943
140989
226321
113385
145942
212863
240042
91468
138499
201303
173039
107077
73230
116682
193811
117674
251839
19194
147886
200869
104372
196808
218559
127516
75729
194346
98762
222644
210383
239322
161477
68685
219026
180442
213687
29686
140147
100349
195658
143818
89944
246272
15851
206309
21899
159679
223985
133938
153446
65437
145965
82994
121028
146522
160830
74698
230829
284505
208574
181498
248355
142959
220691
66814
15373
209200
110771
216597
121728
45171
113395
82210
177906
158903
218658
55969
165178
158608
12643
214709
178865
89204
247588
136687
209584
185227
215070
237733
61365
120239
246517
182501
204129
229463
98433
156688
164185
68716
202700
63888
166401
203508
142079
79934
131287
217777
108405
145957
90370
163534
156221
112304
150830
183511
186824
91233
178688
161691
76033
242498
5905
78870
213877
130895
238624
60550
205098
19471
210701
170143
177030
214973
38293
165594
37172
81821
236833
220085
148092
228469
249051
65150
108095
118846
79851
133727
217741
40027
219627
135733
140273
155452
160312
187135
18450
77552
49461
78302
237100
111355
219979
144976
119537
172864
105494
255024
125640
183267
141090
72086
35390
163445
31499
148081
19044
104859
96103
54115
180825
255768
18768
26764
270643
120807
193869
119895
185710
168639
30358
227513
44043
215591
252007
140887
153159
112786
86830
85239
96754
197557
80641
141540
261880
233745
293932
198527
183548
217736
220812
168081
163708
157547
121869
175909
190129
77415
136062
55668
70127
229058
55397
181149
214899
221180
175258
74431
37346
66848
23938
204011
149075
127602
171988
205924
145317
141919
232219
176923
197365
146888
222259
196918
116021
232317
182751
147769
17907
216923
217355
147390
73385
156777
117284
233862
211935
187575
201125
146651
2115
173408
116212
70452
233061
81720
209246
189694
152064
198629
147565
217702
152829
181492
174761
128075
97876
9894
92191
188611
208728
190498
150854
219784
5095
228797
221145
200816
62886
88233
152164
120232
210377
17450
254245
247723
221212
115661
215722
56351
187514
176172
221016
75031
198286
181856
176660
182200
231439
136853
162021
72797
134392
200331
139465
67523
196528
56977
214527
202545
90984
221322
207263
39534
238414
140654
210196
85624
214082
82750
150954
187717
213430
56535
68005
135119
220353
273119
216427
141914
170072
224377
215883
22409
276865
235676
77900
222746
222655
10585
183406
111519
92632
168000
159507
179077
180101
91838
166070
50814
49722
35040
101464
127730
269446
99857
165587
183137
66591
200408
134613
219057
234497
179297
134700
240612
198780
256272
135744
87713
215698
201581
131904
178929
43123
114902
94397
253190
83543
65893
190057
197251
116964
215328
157119
99922
52852
242698
131442
109384
91306
110601
213346
223958
254256
226571
63192
53205
173463
131865
230525
213694
254018
190093
52714
63593
97701
257123
229806
194461
231388
176891
179834
112756
223228
104115
189529
103118
129282
104636
174238
115977
168523
168977
198851
197253
208297
10150
24224
196329
225780
265129
252710
150327
154851
94150
105848
82953
172324
124159
50520
98869
99849
167789
88676
161118
205927
71230
289982
100779
210290
44233
189342
142754
211027
21398
94817
206870
202696
82822
38151
217303
18197
235952
92730
175734
104672
242222
134567
177065
221905
153143
306183
233435
152955
78829
139845
40930
147270
178892
200409
19683
205704
115426
37577
80688
128892
160576
198664
186504
176212
240810
184045
162484
251871
161838
13920
120581
78530
236149
187449
161689
140344
30462
73959
163640
177724
145007
23384
171196
166639
190661
19028
182710
232167
189190
4644
43160
165776
116899
33082
211956
116195
65647
198531
63956
185720
30881
172780
105608
121943
243866
264841
179522
158605
75375
236019
220623
82155
243653
169814
173370
207371
81886
170191
86928
75286
133404
118758
204401
223883
134409
121062
148157
223648
198089
116027
191297
228947
221895
213965
163646
244967
187922
202400
194897
127875
129583
59125
121905
121690
170144
269313
204833
153597
194109
120699
195466
81193
159478
210931
244372
80127
127718
84197
214706
25494
160015
206237
187138
178370
227127
257731
187002
170042
209549
211433
173844
138318
132826
107622
33379
245947
225538
135561
192060
215185
15101
71549
127095
115897
97547
241165
164512
20112
99441
64270
83185
89419
236879
38042
36952
78203
187108
44988
154315
106333
189596
146142
158790
80065
23354
111189
227604
50168
219407
179001
237425
43775
40872
145411
182656
99868
77085
273186
215309
232880
130209
109239
82115
158749
125573
208124
232316
311326
175574
11804
119329
132469
192451
194407
79510
181660
92282
206715
203324
221488
151914
246283
147352
263686
200787
222165
252095
228930
150606
184858
117881
128889
92087
194516
118051
259756
162290
264038
183966
218320
52144
198589
190401
188340
130959
145437
145132
178328
122809
204337
83516
216433
202475
140267
205879
151318
217197
103823
34771
1134
247600
78413
171692
198400
226645
168240
151487
79575
243987
130161
185405
119264
214680
237309
109114
217498
231113
126840
144747
88681
254383
24613
163580
129337
25532
61750
138965
45388
117609
225761
58344
141443
169699
77568
15253
195789
150626
219929
56835
190178
251988
133866
249020
8525
285749
300453
231548
36177
66588
191256
18393
89903
203189
250817
215586
184527
213977
183112
210954
163359
121379
147163
46366
294550
67448
116704
191385
196756
115198
225469
194903
208300
257311
116798
117590
167384
220836
270123
230616
187459
75777
6252
177826
99681
213087
258310
178765
117402
220228
220252
149334
111970
183513
259579
271064
153929
175164
35045
65615
218727
39081
195345
94026
243165
137235
143430
208144
214210
38260
174479
225073
95865
10934
228717
236333
57729
198354
227452
159909
122032
230099
185838
196053
203715
85933
176101
239917
155485
34795
96931
232654
177031
215261
195976
216993
169975
60376
131603
290729
207134
49266
26946
131880
159946
200544
143182
196680
109072
71977
212234
240872
158714
152846
198073
233293
141650
164898
213874
151516
24692
86078
264639
218475
106989
226088
204009
238262
165040
222181
120564
112186
131105
194992
78968
55692
131196
80647
141203
224730
112380
159576
87732
179844
155547
259571
188990
192404
185688
199907
203922
208917
180798
194080
222738
115668
190106
228567
164399
131201
168695
218486
243784
177202
227802
192113
101115
240828
203827
209949
227886
116088
84522
88195
95086
229559
271186
137952
126767
93504
179562
124948
216375
226085
110862
122837
184684
182922
108059
210567
219428
142888
92355
14068
40381
73156
245771
134500
164134
189359
268629
51660
262583
124047
121661
248556
148912
109961
135865
101839
170929
172929
70955
188628
192833
34721
190377
175844
196249
187627
115051
66458
173819
256714
211619
163112
213550
240347
141992
156805
201511
149447
93411
169712
179535
178958
181242
217014
158694
15526
55731
271042
46308
37080
215890
1079
101451
104575
62274
199259
120173
239624
110490
185937
112709
218674
171197
138507
182516
220826
204253
208709
154672
108815
121139
191425
68354
87612
114938
197711
246251
198087
145334
187208
176932
187836
126768
191123
117361
170292
165755
79500
167948
67149
178561
156551
223651
199445
182549
219133
150337
189827
207984
56757
60118
239293
144434
261271
242905
189023
215238
26702
202010
139018
68819
196156
269878
189305
201152
152548
213281
173029
102789
236148
93452
47653
167523
230062
186761
192320
148185
145587
212516
141077
183574
206100
172242
157821
204883
216025
160266
209544
171751
157426
123370
56376
42430
189793
311929
136706
49080
23733
262885
155934
90038
192235
174987
207446
194165
172028
35390
155099
141443
79707
104891
88612
29671
22340
234627
35831
183428
218442
161323
193317
70053
129763
274543
14725
217944
48110
209339
204179
179199
18563
158250
142633
161798
255603
206866
92476
153140
11594
269821
231809
7882
201215
207829
206005
205495
209924
183999
271387
166724
166641
203597
178642
219166
192093
202866
46287
263381
240088
198983
274845
194664
133249
199255
169998
60210
142248
237583
202203
191178
172693
186035
22974
111949
226740
236700
99912
123957
101747
132895
218342
69663
206387
180511
182337
180569
275799
242635
149511
184502
206967
224566
175328
202237
87114
228413
161783
66683
187097
42107
186205
97602
159122
231471
139717
144035
159180
271080
158763
182025
100552
82596
171594
197558
229108
191780
113517
223155
185986
219823
256554
243696
139698
189195
186684
185390
11685
167044
264325
141874
114149
183533
204732
134355
182068
282766
54351
36465
217633
85343
85200
77063
100659
177134
77293
141180
206319
188501
279601
133962
174352
2865
132694
195712
241881
200696
206835
284567
146041
206135
119756
214377
49884
120995
162930
179555
188531
74793
197213
131437
56847
182022
124211
48736
57838
218441
201598
135448
212748
235566
251461
193935
183383
285986
191194
16526
151079
105918
159323
178101
1506
244763
280880
249016
19182
279962
216285
156001
30039
157147
226427
248853
194158
121320
129950
250082
177357
5044
14453
81966
146857
146134
262757
206569
224604
127897
218849
154955
212504
73049
22144
270395
209880
157293
176711
235544
220286
192565
174302
229543
250854
146755
204846
173516
97525
118412
187730
165617
32321
148523
221770
21617
223478
164470
56926
161439
161468
29634
200270
254124
210673
90856
60832
94052
195184
235811
228778
257434
80545
236356
148032
226824
156373
167696
307254
184934
129141
6211
174804
232380
192613
209495
234560
174671
248181
126118
107122
226401
120715
195965
150592
214579
100745
165355
178470
160305
126763
125337
80909
71087
95058
193153
102658
90460
185336
248274
236190
204759
105270
141567
20001
120509
130198
141002
31732
184603
143279
203729
48729
242150
177766
261600
31603
264954
202103
13593
243452
164337
196701
102782
13933
256685
186403
240114
132812
227988
167539
235481
195062
95733
204666
85884
251800
143860
239325
144786
81095
199544
218423
166881
28428
54917
207714
190049
194652
96630
213086
143512
172647
221781
57113
171725
179543
148475
193271
264812
156789
163236
67884
171454
250002
163874
9610
166463
215958
193809
62103
88405
219728
189617
19656
160406
210271
218502
227925
116164
152518
108935
214926
190738
185244
68702
226343
209922
233205
207388
101291
126668
220770
202615
191449
220911
18591
212987
195000
123546
215564
237675
123512
28762
109400
251440
150509
255215
7946
101481
69278
158990
13193
241358
218671
178809
170523
134052
74080
62342
33038
126235
163610
73422
215699
275913
205410
184917
193800
188133
208583
236392
124961
55722
168850
244905
244857
163511
153976
68855
158372
152420
182366
209890
142828
222136
180593
105014
285591
90945
181804
146943
223304
50547
185755
150583
42040
197638
149684
230899
176799
80388
152487
148124
173388
223509
245605
121867
184964
131566
194735
171072
124507
204800
167323
195441
129210
121904
198679
188716
236041
204223
132441
294584
223446
222352
283968
277564
248695
36030
142361
77887
188985
103017
213990
116290
249715
198371
229097
104624
233234
157821
30008
165962
182189
5769
122359
129282
102591
226754
52424
178668
143570
37400
166244
85090
167741
169242
218338
129698
89578
214811
180227
170947
129505
206563
152994
206251
158179
113217
174541
103621
205625
116612
124186
133391
182832
223599
306471
110595
232003
181165
142137
6449
92695
146058
193979
132453
171187
169147
166613
87412
163107
162137
137519
76285
162768
72834
196546
175576
173557
19704
193257
160542
125636
228265
164007
208051
196126
164532
129517
105058
238887
208454
170666
97663
251136
250387
75818
273633
143471
213186
162549
218489
239307
180451
168892
176633
102937
152092
195224
124446
146440
242279
126850
195977
181876
253888
95909
92564
246471
107757
187858
146949
10629
219866
253589
85128
197760
194865
227070
240618
120457
172190
170789
18438
189805
92799
201447
50221
138124
161272
181483
33740
107452
81117
99264
105666
172833
269562
190468
148282
156933
209155
43806
252184
94625
136032
201493
158350
107675
35028
32965
177324
166202
42520
153659
36407
228478
246343
196020
165686
179521
110320
84246
89757
175558
128385
165877
215386
136916
105850
123457
207756
139200
180447
146550
58963
249591
172318
91763
44312
25734
270969
257781
119724
51279
170047
203271
86821
158645
156898
232943
64808
241703
167935
208323
171842
128309
52201
238124
138564
165772
207916
197564
157992
146858
143100
50506
207115
159288
146004
264051
167603
85306
206496
93943
158440
181496
197897
135083
257753
173985
272533
85299
227306
186170
154951
169467
166251
124880
253909
94451
274125
234259
232423
206759
217070
276949
142237
226146
211146
143689
189154
193025
163073
141236
98659
149845
210457
57977
91281
247046
144896
216565
128239
173894
136425
290560
103556
8080
163696
150535
235078
139432
138963
157259
54658
211313
132922
63690
146436
213751
158013
155224
198323
88892
16972
98932
207172
227250
86690
220533
183247
169104
108896
176800
131133
220085
256090
189416
251636
119782
56972
101049
223515
142774
203226
195791
106892
183328
138925
202056
186445
158593
199338
134088
197191
105241
180596
186333
59273
211335
81292
210838
209837
210440
72924
87119
164012
168168
216624
186522
218686
273320
67808
208677
80151
69140
152352
161990
289576
216241
185125
37
156537
196091
30464
174566
89989
206263
170604
208649
223817
138629
278067
210116
190484
200894
115370
3388
194390
198043
82804
213374
215443
153799
180029
19535
123703
205956
145117
58135
230817
173405
238472
65957
148977
49245
160978
197387
114560
182647
211400
92181
294551
172032
41870
135986
70841
203193
227590
191404
286055
268130
180017
148570
225297
217858
141147
204013
228420
35033
266055
233839
222471
208263
212607
20781
141315
53034
242451
220079
26545
32742
104530
158274
51245
164627
183275
178525
163921
159098
168971
144906
164651
40016
145726
55548
103191
144986
120534
202181
197143
184305
288806
165090
101129
227905
212085
12749
124673
71580
93953
18372
154681
208747
212581
167587
231665
91272
8676
207450
24611
290318
201193
189020
138853
205621
192236
169678
130845
176423
224240
191007
162995
69572
252235
119728
187470
171875
243844
238090
93261
218570
168544
17327
180155
154189
97582
240370
28020
53375
23595
241873
90597
103939
174124
197878
176425
185744
56028
182790
191928
229429
27990
235477
172367
227512
85198
15140
280219
194971
105760
223005
32297
274345
193294
83260
224364
233958
160961
202303
184516
112698
88135
222905
148029
54849
166017
101442
210226
13760
95174
277621
170830
153634
224781
156677
200427
187765
231969
158738
290892
232129
218560
246770
188326
58239
146382
36645
158304
139770
88450
243367
123899
215537
211440
173475
119514
57912
161438
168587
133515
95282
198346
254537
123454
119454
134098
16594
22394
167215
207582
48517
52327
232427
195975
219032
158977
202714
188099
186301
82703
69737
185457
164679
243600
231536
154568
52126
204570
250997
195517
238050
88090
188955
211655
164166
2764
174180
188800
229246
179612
146017
197152
177016
108072
20283
219539
189732
39808
143899
15668
242435
219596
194510
203824
98841
179404
108945
182401
115082
207822
200183
74923
204865
278350
238073
207688
272644
136452
243015
99692
255727
193604
112000
225564
15078
156017
141451
208741
221031
61959
227228
221206
161411
208504
105628
167026
152623
131671
11911
204791
116829
249066
124488
58818
184627
217300
112892
194732
195547
171860
181113
29652
219240
5962
176058
122002
190761
139005
230327
265978
190995
44086
199858
193391
160069
53159
198127
91499
99604
268014
287909
165682
124839
224534
233995
143001
162984
101480
211106
232551
117691
155765
183063
8292
117555
237488
149699
96110
105850
15545
143540
189108
288830
235608
191753
32406
50484
206604
92141
174837
155538
186987
199029
174042
226790
226657
226962
170761
182597
231715
213286
1440
265894
209743
186842
206671
14129
91698
218677
55609
92588
216048
259560
93598
50422
277870
18053
206636
155325
199984
187102
9570
174905
215313
44462
201421
204077
179610
238878
233758
27843
148655
191606
134225
200149
121425
185660
100226
216648
171211
87805
166487
157673
148349
159297
154432
207439
32676
174764
167145
137015
177284
86245
210517
217316
288273
175386
158398
76956
78078
136618
162294
213323
203971
167847
37867
109815
303846
216276
131081
154845
249322
94216
121599
123568
113765
151943
150580
121185
60032
140762
289233
258115
207840
185717
171443
201895
215382
196056
111640
164201
189778
173233
252614
185113
223838
225489
147162
48780
83233
1853
92081
226735
264704
17012
288763
207102
34613
62832
84307
117691
192972
195979
157524
184706
300697
193139
223390
160801
59025
144869
216312
119811
39471
178113
44326
170881
10995
76506
6103
77261
191163
200004
218496
177734
180095
151097
236631
231202
250035
219708
194714
155721
44724
251986
233003
131074
224744
221986
5010
247664
202544
78837
157006
210646
22969
220223
227036
58205
206367
181302
197154
241106
151524
186705
208255
214659
216833
14579
141904
129687
161614
86375
195112
155668
145753
91622
161582
171849
125209
216511
136926
178090
212497
166758
47724
180063
116082
123826
88088
282749
278143
199953
166865
8987
178499
235779
118832
229527
126403
284606
149235
260574
44814
26851
69210
201080
66820
147963
185629
292993
217784
181920
185848
157864
215435
192501
85222
242529
127385
143487
182425
56318
204814
181954
245492
62596
19198
184069
202122
233175
223662
225008
186221
127570
176759
143921
66870
131782
88206
6263
234239
96615
19506
198606
94100
155558
194989
25194
94890
169054
37622
169578
56280
266264
282865
103034
56700
191285
220557
167458
247156
94224
106858
86486
174438
93346
58909
191116
4849
58109
271140
182559
260045
76511
177290
4275
17153
218159
187049
187261
187429
91125
204599
241297
223504
230374
194836
219685
34688
52391
271905
78871
81131
92155
2941
251360
187540
87403
5901
224403
147242
219450
230761
117248
115442
80728
112575
202664
216566
187301
35757
236664
146753
29738
248099
223818
73737
103309
218032
81739
94270
227178
199512
124018
82213
195849
225161
73510
32511
143111
159929
126736
59543
142769
223014
227356
225714
203741
116828
250367
205664
139164
218500
107997
232677
215905
206342
240525
107485
175642
167966
202017
252723
14284
74636
58649
137843
242772
31839
287072
213217
176651
130273
58838
45683
204174
247693
187347
216667
168585
226796
72274
225490
291827
149241
231801
214256
72182
80196
111894
165852
200156
14773
190400
40014
240786
127606
215431
3232
176177
134945
219425
90553
275042
106748
199192
85725
154826
56843
58550
76614
147116
225343
50694
202012
139618
113538
37302
208656
159324
256103
221061
212125
147090
60185
75787
151992
204716
140159
213035
155210
132000
189596
148422
199694
216471
118648
155893
158835
205386
238076
183734
174511
118380
244663
92495
93273
217549
203916
116926
208845
171727
216050
179540
205925
234567
129043
191440
36811
245439
176145
54016
138733
109738
267991
100241
163351
172230
130295
219424
166895
138325
231633
163109
180805
201836
214192
98761
79123
242735
18491
24335
122215
31499
93579
105478
217572
129644
252050
74153
125963
219854
211320
56930
41844
206260
171159
180075
293347
112997
103279
17403
129126
205482
21326
11826
160452
270020
169394
165944
160614
167162
204768
187911
197603
175790
219412
124734
63895
148361
150117
141830
105936
157903
300846
73020
224717
213808
19871
95493
79436
282778
51224
65441
145934
279784
230601
292293
143402
166835
84611
176609
130603
85203
187884
155652
213723
146966
56732
167859
216804
216643
135160
110993
169074
237040
110602
219563
90522
188748
119994
4185
137294
181651
137608
164218
220082
85882
188030
152005
241942
173491
144164
101813
136051
99059
212837
86261
82855
107548
78686
168031
242824
127608
233530
181839
183234
130865
102212
