208999
185766
38963
168996
125379
160207
189130
155958
267183
259735
203959
43415
214364
2433
194057
167439
52107
145263
77273
30214
109344
107953
114630
286806
3246
165607
227416
225353
109943
210169
91677
212214
171741
167988
168089
170588
219241
60816
190371
201915
64836
196007
162992
145021
65508
61497
253035
75216
242689
223935
53302
175787
205277
127615
41634
103518
167594
195958
111446
183265
233042
259787
158331
186483
150948
111106
148647
259403
70889
173555
198537
96771
196330
39604
168308
259448
201181
17195
185833
174670
5929
164229
226700
194240
189330
135218
180164
129216
219284
248810
202125
235470
180830
134782
127429
63091
219158
254092
188286
173615
204782
95445
249148
210691
231259
186575
14785
179446
278647
208554
210362
255686
59168
198240
190074
176718
161596
174070
46123
188717
107476
228508
129716
204873
207616
79541
126745
64905
129194
182634
258031
204858
63402
182360
171684
115981
181928
123760
199931
196352
223151
215662
199478
178678
219622
212950
167757
202631
204255
96868
43821
205292
186304
7816
266072
191117
195981
3958
122222
157025
168971
205195
106461
214930
199930
121341
187925
197543
16132
120345
62426
92791
124460
7583
136464
156705
210711
136407
246066
142298
218585
157603
141260
210558
187942
201762
125088
155432
203070
100233
89165
192829
133844
175367
147909
201673
171143
87891
184160
157789
191835
163320
151515
39855
19271
149232
21731
44929
75148
87896
164672
156248
180710
160604
236773
226502
82421
112864
214093
84285
235108
206474
179663
221569
112830
164770
103055
11907
154780
172033
162510
257390
205179
216147
251343
139817
192851
175139
126644
222374
141407
176969
84005
75783
64086
193818
109187
237990
250861
129086
165886
43231
183050
143704
202062
190402
25251
49508
112163
133840
263554
134813
19605
148994
244646
223815
206020
164518
289622
255241
49904
6428
76738
42634
272769
73405
108833
242144
236379
87598
94346
190033
129846
171789
222234
195399
217210
91313
194577
173572
160901
153122
103120
223594
138136
227852
163865
144055
138809
33613
202436
178013
148429
118930
159462
224734
201589
98357
73251
178058
107523
39910
254164
210291
187235
156737
151230
121010
159812
269998
225538
238827
65854
130559
97021
165151
135226
197928
189829
221825
288390
108321
28359
93792
263459
162334
51880
23685
233945
205481
64801
134525
86339
175092
291327
209780
178089
118048
102621
33029
69435
270413
239706
237244
65786
276864
64036
219944
201761
259257
198090
73635
235305
247631
220193
129993
137102
172880
262503
259526
241979
85000
87065
128000
228964
184315
192391
93570
225406
86215
256202
166791
127186
221238
215353
157833
183225
195662
143749
159363
172248
98367
150240
12738
5561
57312
45484
218850
269312
45665
146461
199617
178039
190622
153870
233652
191594
60856
201214
205803
189322
134577
249800
200944
175894
24681
149270
240110
212169
11173
69868
166716
47462
187585
169578
76045
127237
261226
139159
217401
248623
224683
243329
162132
12007
204494
69092
214638
202836
172725
214516
224235
4161
143530
33364
222582
199401
227695
188283
142361
132640
184255
178875
137039
126292
225605
169634
177040
168595
253772
129534
196795
16506
66370
25755
116336
62784
216629
185082
220816
160059
212563
194372
43404
253523
30072
95824
188359
134817
54104
166525
190278
200402
179947
199645
238569
8011
118646
30008
57127
194447
160930
144385
143723
196337
168475
70556
148900
146246
246853
204773
294859
201573
249072
134759
176979
41331
174887
61552
201477
202541
163877
13438
19507
248928
209376
240354
138410
163245
168890
43958
202194
132365
282479
234043
141637
227402
153151
162583
107220
56090
235343
165661
136628
90591
244411
146142
223617
154417
84062
217596
41347
244312
86020
33520
157435
126036
233880
247898
74176
271577
111770
114224
129707
239009
239923
104485
27245
173657
218553
215917
197007
191551
221948
159206
190808
180712
73258
217962
159456
234297
207589
169482
198587
196557
268649
172817
238437
184240
208375
17542
200100
156211
195999
152696
269752
201314
230235
262372
170747
180766
223829
216489
144303
109418
190265
211403
59893
198184
121641
195747
53449
200437
218561
130006
223742
9432
161102
253331
131288
196240
176927
270116
79050
234930
217720
250163
159343
199383
140189
111032
25857
206882
129345
191902
263680
211912
196486
240678
167993
179540
95520
218288
192062
178529
213415
258231
8508
172251
184731
183490
71467
207682
214328
124896
212660
203163
72524
66750
62221
109115
45199
182170
142780
12273
230221
119693
44954
173839
71247
204408
231659
82557
163428
87741
155538
225433
206018
139180
78720
231627
144013
168011
200270
95553
189648
222165
201427
146239
160502
77687
95187
48051
235103
162178
171736
205718
225175
154068
117913
126729
120084
225552
238693
69368
86582
191481
133402
89575
169583
199774
5684
175372
13674
243153
167785
179859
249204
190427
52281
130507
200713
95679
213159
54398
287181
157675
56143
117158
109519
25302
218354
125815
101853
204761
145891
108137
9725
242921
153703
242132
209049
183020
230477
133927
245955
147478
216147
197291
85625
226297
28350
257465
201548
187553
112714
143048
245179
134748
119443
53008
159327
151238
183287
183753
90399
201565
227741
216719
155503
132410
86158
196495
219042
201250
106807
101006
187133
148824
108859
19623
55321
175197
168828
188463
127035
119564
172360
221399
109591
201788
229041
169188
132134
183939
179274
227932
235352
230792
141785
69100
27258
201426
85540
181456
187219
76332
200302
150174
215046
17356
304224
40521
219443
138517
226274
215480
117781
158650
221014
2568
113197
65723
36659
22914
204420
181228
146428
191602
135857
254520
129576
231981
159771
99007
127138
51573
272677
244522
104314
85248
184516
228657
137571
214067
155213
146927
91425
166309
169794
174975
157460
104521
91486
188470
265371
232003
91556
103523
217424
12145
8700
211013
113042
41098
247985
249895
78972
188183
212565
19990
126594
116579
264811
201555
121931
61664
134324
209649
89426
94539
113555
195974
146629
114257
187132
207127
263828
3238
223431
159063
186649
177070
295964
261814
51551
142948
198495
178827
133711
58758
23597
182678
209024
137033
167968
104960
199645
173486
168119
220021
49008
224287
222553
228639
61409
169090
113219
97261
196653
7904
58384
167013
226354
232611
193758
157120
211483
182696
194912
109671
181675
61358
253155
213106
121133
168519
250527
213682
178120
240240
60146
76881
114026
96061
189581
156248
205970
202431
217524
151678
257897
95782
224627
137436
116770
101894
152898
180853
165470
175904
167829
173181
87991
27998
92476
215861
156997
58295
200222
25731
176450
122155
151163
182157
263795
300176
131126
204336
247482
122555
163072
188827
170977
245399
220587
171681
37530
134929
164479
156183
218971
135404
105664
211778
52242
65154
146196
232699
183564
178927
155940
118675
201484
180588
18277
288401
95172
138299
110855
132597
229560
147796
232287
220409
148200
233148
173144
207548
216652
208124
300132
130581
140939
197185
200258
222519
219416
185628
159481
198393
118830
210637
188623
199699
269276
73205
208251
194562
58566
200423
86182
112151
138451
131671
115331
158852
99562
160253
118540
204344
187266
21473
234898
197907
152976
178608
19271
192335
296337
168066
201640
180239
156589
163596
122710
135017
150033
151931
201594
131038
213904
86508
131889
169340
235180
11225
154890
118059
201815
212015
173447
213819
183337
243441
214513
270775
2706
38953
176271
141625
126322
164400
112039
53434
107995
131847
120663
141245
273340
158845
224093
269637
220352
291520
206090
103146
224804
146430
217147
264687
274864
305988
203419
131409
243046
119386
278543
169341
46870
162080
176561
230760
32983
203437
97083
172049
223450
234746
89593
192021
93590
256744
222185
146493
60854
35623
33535
252742
74136
92196
194282
122552
73728
162573
44823
227895
147053
50233
112449
223612
89625
133402
238258
161244
99219
190095
203068
167639
193458
222192
194923
180081
224206
32786
216376
224378
210340
178907
225169
81872
74582
221285
219401
73072
79620
252317
112255
205109
139280
16599
233451
235052
79540
231098
93128
170938
109415
110414
132300
26214
216892
96411
6434
156876
162961
194622
136374
219491
203269
44060
115740
163491
64724
145371
215933
141962
191711
191847
34161
249783
19655
233497
138309
216679
18210
245872
165272
211749
96059
186858
239548
186054
15986
148605
197607
179565
16757
228641
265187
200259
155923
91245
61711
197744
158452
32700
204626
32812
60663
122286
282115
39444
188539
266612
221110
166178
124227
241703
136260
19579
112846
197458
244838
108998
199530
8842
156306
173629
60731
246385
236880
177111
273739
292334
86340
269241
217126
57976
187342
153522
215566
146175
170395
177069
188530
81051
42402
172824
170908
151278
139915
139994
191896
228241
169312
17319
28873
141980
42319
174577
172364
253261
163239
166376
125213
225815
71939
43000
234572
192333
207383
4016
151070
58393
159032
252811
156209
116102
253900
221115
285185
128142
145269
41800
130461
139791
192881
162124
194844
77008
41475
178585
169066
162799
9857
182555
244174
103338
140724
233257
225761
207917
88090
99181
104321
86555
195388
215822
189996
176983
147314
120773
67302
39130
78046
204668
246400
70346
13573
115800
186138
118891
229523
219521
296384
103668
116408
210299
226168
205155
233906
201802
127318
48196
92351
115467
151969
161566
208776
224558
112390
214651
168603
181071
208148
140818
250678
267857
239664
567
159060
216643
24908
49391
147220
117295
121279
119748
101203
212847
209091
166679
156639
221547
177877
210130
168820
211812
39772
120332
141350
105435
172858
235365
228654
177147
167093
181021
140174
145142
282542
58600
195744
184924
231923
29966
157176
223080
213682
128739
43541
88245
265746
149288
135755
197249
203133
221720
240383
108496
3682
48891
158006
162418
142922
171411
26512
207231
237128
244124
222178
160336
179902
181949
224377
40253
98665
151200
29204
154057
219054
194108
245424
186431
156884
119107
131566
204596
189510
204301
302353
75160
77554
203045
188162
116823
95416
266293
101334
143441
212569
79163
288138
173669
201359
228515
187383
98668
189579
129914
278282
240828
174094
138547
228235
73885
197876
175935
141482
83735
23583
146598
132422
250447
7545
175284
209798
137326
201444
218607
246101
227030
156419
6484
42353
248658
202970
269025
223771
240005
283801
218336
228557
229230
172854
118041
208980
234369
260849
121730
78686
174170
46886
17942
224205
125007
151196
27873
63742
240041
155238
238042
175524
7592
187402
149816
228373
100284
282700
113332
205463
161076
216059
103933
154884
137692
101607
209941
272317
70144
82700
207953
165652
118790
36067
61250
86227
136653
206228
109501
136920
48957
93618
169038
190021
166164
32471
153416
212458
87333
137806
162554
169801
230595
174201
58305
202788
151352
44690
176119
147879
130049
214774
198350
267201
193660
215003
97923
117359
311254
185809
103808
196572
231541
204085
228902
244895
138059
217731
149719
202531
136061
136964
192149
226057
77626
215302
196410
38575
105371
75801
115087
86326
108324
133949
158544
6970
139387
53490
143117
95913
125006
163501
217799
229156
4234
66886
168408
132692
109007
171556
140106
3707
248082
215618
52773
151515
133384
234102
66077
48286
124275
236051
214612
181234
6661
237930
175465
208018
54387
206135
204798
94896
187652
97610
191018
29462
187392
181005
60245
203991
116615
28641
177800
230813
190458
213255
239168
48473
220921
224189
78085
172484
65069
155534
170293
209045
228492
61044
119215
126938
203282
218050
180081
103252
74780
138245
198196
218905
93618
129412
166028
190267
84648
169727
32574
211459
238020
135727
259023
253931
258828
83081
38267
193876
60462
194167
166022
208259
14485
285605
35602
18847
234743
159145
110928
122911
218426
225343
141662
198512
91584
135495
129520
82729
149549
188532
165412
127211
116503
98827
107052
71244
232630
1683
232205
289952
171990
79738
193270
41822
129180
182920
101489
203477
208128
100352
221117
201593
160816
156844
249570
151274
124220
209310
177710
173005
244180
92220
157772
203471
48140
208986
97107
190539
189483
139892
168552
221561
215074
51105
198443
274312
218638
83080
260488
12036
193924
99702
183351
19733
196485
130539
16015
209608
212215
184899
248004
142397
42826
178947
203767
206618
114827
193313
139909
112581
132121
221128
145882
200963
204647
9200
202840
93576
82363
55123
175928
280587
119576
177791
262591
176183
221510
76717
208624
117401
213863
154261
117666
22585
235811
141871
214141
81999
157051
187932
215510
62765
236391
76347
254221
101955
157552
254158
197254
219918
196990
92059
102428
197076
255265
192411
184613
207827
175067
206511
115520
172745
248107
52530
261668
212778
102267
19151
203014
257266
145878
179021
211913
274318
159894
245610
216122
51834
141032
115629
137289
315781
215052
140489
112322
121073
156475
187338
246179
38529
207581
249513
228010
39016
199287
149208
64433
239210
211299
116578
61602
178866
50562
15601
118171
148359
143902
192387
169255
226145
134698
203628
174182
69634
82090
141107
114137
200710
199274
216069
222281
190326
213574
155470
37125
43239
223868
94281
162529
225724
202530
148494
160616
96252
219026
29955
215580
22565
193206
216697
198614
182642
195662
156574
213954
198264
74170
158055
175880
175075
234317
171910
136946
111659
274056
168847
154578
161622
312243
197122
153510
96617
138181
201485
241384
86947
55115
205108
197199
248827
247191
162093
24406
92548
149477
258630
192587
173330
217963
197431
230423
81615
14483
159157
172216
192446
108101
201160
225794
208238
197396
108102
168551
52597
201704
101484
80295
194656
257447
52429
175653
166704
180323
27874
195884
167802
243286
120955
112332
102036
192528
229675
102605
263741
73305
81976
213874
88363
201217
207547
44939
213141
237455
49478
159284
278746
178873
14056
146098
198397
48715
215832
152115
229260
194645
83970
229720
218411
227044
210313
80423
170692
203256
230992
46041
115946
175431
61107
50282
55702
153104
164556
107789
20611
101244
138656
121342
221974
204308
100786
209638
14649
186288
91465
227440
132564
234467
95181
206511
251276
187250
213862
245815
24334
21018
203385
186264
169932
174244
231991
185014
179696
111127
164261
208338
124821
11289
163627
156622
241104
99281
144463
285148
113490
175072
28813
252832
115280
28896
84581
62850
231660
236942
262637
277471
164634
170889
220535
74527
197367
223092
176552
141962
223689
190471
69087
204747
212538
250821
185933
182199
172063
226160
230024
141837
216178
271191
175944
67167
115091
34221
115226
207507
166775
158167
220261
194765
34533
158482
199497
225883
79623
56152
155731
206360
197904
132489
131285
95164
210706
68462
122495
271169
7876
157318
63783
158759
199575
230038
18401
138652
111658
216765
54401
264683
135953
191542
197441
38801
92826
181377
102024
256055
130149
64370
16025
211326
95848
142027
232366
59506
110529
14625
119988
168819
252015
148206
189299
257348
5395
152860
135248
98341
141510
207720
91133
172555
168440
147328
270062
208681
213470
242783
107295
113085
25172
107331
168587
60924
29282
194039
148776
119468
31354
38865
275216
140590
128892
130422
139154
212474
103188
147018
50957
127756
130860
206986
122156
171247
79381
39543
240358
55373
112996
281121
190667
215309
216739
234174
85646
245073
121725
236461
163985
132894
210628
239148
38563
106269
258469
77764
171955
217505
67174
234300
280597
211380
198582
113504
121420
203888
30664
72719
255084
224511
210896
206335
18769
218085
198750
194495
9161
63408
154918
267450
217236
202306
54796
123176
171795
214196
167813
148265
187813
219204
214562
215171
248193
166383
268456
208855
210199
242336
47782
258220
81590
173472
278776
251024
192902
134315
239194
187264
216870
215325
227091
199206
63911
196087
77362
102076
217090
93230
102539
122767
240545
187520
164213
221546
180610
209730
210211
240971
11134
215379
179089
89992
228492
185262
166438
84286
59464
204102
150810
140348
144659
125741
83117
236481
186171
102749
235659
104341
211080
125803
227250
205330
194180
126912
185633
215595
59901
131445
186064
196995
189695
210878
96894
180318
215577
232431
226923
23005
180769
203589
174806
87880
190241
82057
312903
208680
261866
145810
210414
166859
121208
137111
138330
222494
211499
207181
110823
210334
89275
163989
223441
212749
154503
81643
226359
149605
86581
77271
195728
206451
214710
4830
16131
109164
176635
291748
193359
190546
164278
212994
87609
175985
37683
230231
5272
90571
217467
211592
212782
71120
27941
172522
32309
149316
250540
161648
13069
155712
214473
154009
148129
213170
158666
161469
40980
229149
44586
193192
102645
173058
133086
117613
202331
266916
58361
170683
5576
124978
116055
37525
98040
164959
221202
152722
239344
226155
234137
224255
20379
172612
239166
134481
243767
209579
109610
218346
101938
223646
230113
193523
143740
123937
167450
153515
295910
241494
89859
20747
247605
225773
198339
140925
68627
154498
139055
135504
123055
89587
216369
57256
217637
194818
122233
31348
200170
216040
99897
181881
13650
149600
247443
67304
189439
146737
46581
71794
52113
149001
36667
202175
237691
140893
91933
130249
170276
238292
61447
105155
66195
151394
227627
234341
204509
139008
42371
75260
167199
27804
235914
35936
187550
23271
81041
122560
174912
203667
229351
61500
99827
208678
179286
220791
118703
146771
62737
50101
123055
191108
82139
162236
176762
77358
112405
195705
158797
136058
187227
204482
161629
150303
76104
182975
6094
190620
234047
92773
68959
19448
130931
208881
94401
217487
212993
36433
203863
232882
153417
158898
135729
81549
172748
147468
199674
132212
205691
25646
147392
116304
108147
181603
14738
153980
3628
154701
180485
217868
85593
199797
210929
142245
70336
211538
148977
190098
163946
104179
105418
114359
26582
14785
209515
202106
172693
72974
76283
76756
94115
159261
185414
36633
89026
194138
170974
231583
234941
228285
114860
173180
142319
212113
188209
153221
62398
88664
132657
69459
88728
168961
124243
205093
155325
194457
76067
192774
55031
189348
235959
29606
39587
164242
216771
7649
124425
108908
211707
216614
202574
210645
207659
193680
134761
36665
167091
37410
171756
147625
227837
3122
222160
53108
164108
167839
73577
25667
258255
186455
164382
35518
224504
4741
55272
196813
151521
38875
25266
189129
88697
173698
144532
233386
135548
184734
186580
158947
171723
94506
207893
129943
24396
172883
90195
167124
178009
99613
55115
237428
67512
196251
107358
278650
77125
224683
224316
98654
180939
148636
45264
196236
160816
73407
108712
11087
44221
58716
117825
173607
250455
142869
26332
135612
295728
155769
218576
99648
83520
139838
183713
260258
25307
197078
48289
196365
218084
94252
191085
156587
177995
134537
171074
208636
114427
216589
33797
249357
49319
53236
188878
228316
205805
117846
161249
125143
14262
200584
149799
201818
140924
227534
179423
211982
123818
167688
174918
38057
182313
201992
11628
124718
58598
141953
199001
152331
4683
244086
210471
252353
140961
216131
158019
19779
205287
200832
207684
97561
149881
65398
279083
41490
237739
93443
85627
53855
125582
89688
17735
156162
194806
87376
225517
233669
272144
271144
236034
99846
167754
159051
170272
232414
168798
162201
32652
35969
195722
63899
215530
228150
129052
261211
47501
148108
7344
60979
105185
160971
6292
173083
151174
221578
144592
222702
208664
60999
198050
145775
63142
230648
165343
193889
61226
1688
58321
194444
97170
187529
162162
185169
133898
189720
154052
217089
177346
172441
222635
86680
15529
218280
131609
221477
172885
213702
215929
213887
22173
94799
33927
161105
112435
212630
222705
175614
64341
80009
86026
970
166958
202558
152200
258248
197160
151828
215580
179415
110998
93105
196549
122255
231116
31408
105350
38146
181594
190975
21125
102812
254862
193678
190268
132658
266478
126890
131931
200847
210659
150017
62928
165529
6043
214574
35905
177188
183735
49291
120044
208490
151841
162581
171330
142878
96783
55541
132562
242717
171307
240818
273534
184502
129056
276387
134302
152993
90534
81779
209986
221093
217817
179137
127182
181642
50493
6506
164593
100822
46034
279622
208615
42492
172258
175531
225794
47797
131233
73626
193504
168916
163625
91988
116187
56953
37248
197145
191335
226096
266638
183509
193253
51769
222308
138550
219067
18742
149053
93738
18124
184611
169726
71878
131117
115769
137439
71283
27289
262207
242160
68090
217089
133656
13289
192061
118441
236283
170383
178080
28751
199720
222166
147901
159204
64544
161460
208349
190802
137601
233790
242633
59785
136091
169462
189382
168364
246286
61772
86467
205553
246913
223074
126998
16860
245336
214488
213379
179736
219898
209040
178207
169734
198568
220613
202006
195409
206765
141863
235785
48036
208210
173955
176315
223553
108195
248547
45764
113797
156780
243706
211922
172326
211041
40869
115595
3244
1795
232803
84650
154327
103679
176039
131813
14392
177726
212411
158797
108986
113310
93591
232405
229052
145664
129222
29175
853
277335
168733
203796
56671
61416
207828
242925
105522
229555
166103
178738
84287
163288
249670
145449
222948
194474
51335
183840
47208
51879
229205
235670
196304
175260
265855
167064
77353
102559
96361
258678
173505
220727
176440
88636
127940
194504
196625
208339
135268
129528
201435
70081
12625
94890
186176
154478
226691
208774
217712
92277
197796
143141
218575
93752
149412
259337
226868
163975
109010
95539
261052
205765
165348
208263
107648
170988
212238
133748
150692
156320
139851
87892
163978
216721
242895
201167
181868
72825
143045
61545
144246
190404
90250
148110
199669
137328
75627
115553
213073
43685
183249
156625
32639
231858
10268
73134
210782
82734
156870
171249
222407
99801
242380
81676
239319
89265
169211
171632
104443
181030
80580
187579
226265
122378
148093
209682
170385
80207
141358
122925
99075
182298
173744
133995
172737
48976
89837
50556
113760
216139
166808
200162
133416
52455
230320
198651
157853
214860
105880
180891
222595
104049
183419
82780
244798
178502
273585
188088
81276
178973
251542
196504
242481
185195
276891
82294
203629
196791
56427
59724
247757
19409
95075
36777
150224
139899
270365
128773
6931
71534
291060
209213
247311
129894
205079
2063
206651
102055
67219
230355
8201
208254
117371
304271
33511
264653
193167
192437
273432
179451
215401
239453
170707
183833
298939
167819
207412
213072
207198
91942
14085
195323
167372
207584
185045
256479
108431
219271
225451
132036
135955
215537
249935
234564
266526
12000
208626
252184
246192
176862
147341
80109
185797
193538
176834
146092
198034
109807
220897
66930
217740
217209
93744
159460
2545
2877
135310
288061
151976
168316
220319
161765
144906
124299
182046
23737
111550
30572
62443
152357
182605
174336
88483
153690
3236
122918
177839
206700
251426
132745
187684
239380
128536
112322
209162
196054
3042
282939
44964
184721
197900
143488
183065
34836
104117
211573
91077
314531
213554
277535
190928
222282
10664
44158
216823
147585
160910
4899
240701
233204
171392
86776
162712
181652
230183
225938
119267
135748
231354
244441
244660
194348
165242
207974
155563
117131
69669
182889
120653
105330
177657
52160
99936
209509
200433
121177
117852
159312
131502
213324
286914
65268
234775
61462
147739
132496
245939
231331
173369
225964
143632
92299
192123
274716
113054
114004
128141
228349
83251
160405
27933
253152
158330
112950
204112
111550
215682
149375
144598
186511
50382
129266
168449
205442
68326
101849
208310
135839
173511
236583
225712
220100
111738
38976
208947
195032
102662
131833
128187
135549
201168
197909
101469
204544
214242
211007
143952
119427
129414
255699
221016
209923
166660
201820
188784
163757
171717
158518
209573
19794
114805
232524
118978
240514
229166
74135
127263
154288
220989
185683
153886
162371
116948
98454
235980
141200
223094
237956
93900
137934
175142
14253
95786
166830
228382
198577
142367
150681
174959
256795
154668
169914
250111
50370
172390
161686
212670
8404
6779
139092
174876
163824
195088
188161
183367
210941
82610
81910
190640
111860
105030
85029
104778
48911
208754
267479
67952
163185
96324
127031
61127
220316
208404
2038
139350
139135
36763
84358
44170
114913
253736
229621
108470
24548
175513
238150
155910
210110
177856
76777
115653
236841
237261
204803
166108
42372
247693
81304
183546
174309
213874
210976
205067
199274
126165
188572
30877
109450
229668
197422
285876
194175
34307
138289
136581
206809
130662
130655
99433
202747
121268
212871
173717
176033
231058
190364
169260
231021
196774
157181
155705
180883
64813
181938
157720
211378
226931
114336
234425
105721
22180
125428
246392
158334
75268
206454
189953
79658
199179
192733
256509
180578
193211
211490
216554
120231
2663
211967
275032
88965
218806
113513
202487
178401
80472
140115
91321
124986
172271
219120
98354
199007
47700
166284
276852
200911
214806
47077
167823
196987
223810
15959
47028
246023
237599
236082
218258
207088
173359
76779
156779
151933
209263
189592
210072
207797
49245
105536
117370
300971
154006
267590
212096
182604
200582
219587
180939
125623
143333
154054
234064
60360
12896
145712
131505
280140
168249
184216
169288
171114
102136
150458
145357
37739
209280
163247
183801
134686
91854
143453
238329
103672
100698
36509
78583
48429
188795
97884
117775
202930
181379
140455
186942
207788
211546
184980
127820
65264
112438
160040
94564
43838
55079
10742
146085
170830
128189
226277
64385
137461
229671
221154
253015
215203
119357
142813
184364
270991
227685
198611
221259
174692
52958
155972
102071
156906
209333
160419
157944
131857
187082
248538
238388
222603
200994
166647
122661
174727
9423
51910
128611
149259
220245
91486
101344
234044
154155
169254
182662
75445
271644
158024
302442
121281
96429
181863
207431
194188
104389
177181
310025
183200
293000
117349
278897
208996
140960
178455
172901
176107
171244
58494
114023
189896
217423
162478
14709
130443
92798
167634
44577
169282
221448
50142
226376
196182
233747
131530
217628
51460
199094
137662
144711
163626
265703
262296
165271
40392
189036
197610
211980
188271
118748
195484
118256
245993
151602
227631
150881
196728
230911
105817
253121
73862
87564
192579
196861
221270
205546
205982
210894
268886
161124
107223
241486
52039
99033
208356
55217
218266
225627
153754
214765
265434
66244
202332
190420
165642
190907
109756
235267
168132
225488
168362
185099
138438
129815
213880
207074
177787
147515
209159
211391
153748
191963
142954
144726
199390
160196
158271
212489
168155
100266
140709
197772
411
122862
133202
187733
289947
154536
97117
154515
107368
193822
29484
211178
206534
116660
139592
239260
183916
296915
147975
229226
41930
178112
138458
55693
167880
260200
181830
215741
39366
208192
196184
166576
185782
168641
233037
193199
228087
133709
207082
36753
199488
200930
37407
242104
44454
271740
214470
101561
137967
213789
227358
226758
116478
271017
192300
204002
253322
205009
226956
14677
193180
101042
229308
46847
47841
78167
177263
14590
64946
267455
108482
165972
22470
107018
64921
199083
209591
172170
190732
246276
179053
221950
265825
149341
62738
223972
226107
167006
220956
237633
231752
211603
101589
52132
198498
281826
182361
106008
148565
136377
116121
82516
32778
189968
128472
230391
139980
202767
139366
213421
208541
230017
107103
243583
235556
98539
264365
17718
97939
60717
248741
151463
154680
141546
200389
50490
55653
214290
221422
213409
235169
178160
139114
208326
76481
214262
216234
160633
213458
181961
169623
101436
231695
202335
209856
182443
32199
35047
94678
213625
184083
211116
179100
85821
130696
181930
186894
111974
108676
26039
204721
156032
186657
124144
181824
168750
144985
84562
174924
73700
90707
208940
101878
214229
10320
206023
163784
213623
187776
134059
204389
97389
227980
315321
215532
133672
121241
188977
35784
235810
174137
191373
190909
195297
90278
230864
250834
247857
9889
103170
224712
223096
247530
116412
205925
214390
43159
183952
214027
190924
37244
150121
67656
248639
168601
134667
75434
88395
131318
38767
254240
154130
44382
3557
212841
217581
35314
157876
269235
133606
251278
80572
118076
240833
221927
33566
276483
210456
69823
4099
41069
230496
274377
246163
44896
139450
240286
154773
211118
208928
205851
247600
107377
166238
228082
171307
75224
28703
228433
108612
191962
9019
157612
218360
223926
86330
199293
8640
63686
38971
113302
252487
151280
134484
197891
153023
165794
266446
90774
137462
26709
195749
280994
247798
96837
239555
145872
125468
171558
158907
120096
202312
57505
249364
136795
170531
44606
300903
173153
221482
146776
266101
130459
199936
146003
203401
224511
4581
5770
109046
180520
225830
188154
129896
184239
61275
55131
119987
217881
241130
7525
212712
136993
166167
197378
264947
195476
104101
28407
91845
205644
96181
218563
236186
57391
44709
119216
206125
117331
255916
169352
190926
196847
248593
107050
25147
219682
205008
191028
207125
116552
229675
226296
215536
233265
110084
210219
244532
50060
171778
131050
130719
278069
157941
24188
160949
196302
76028
187854
126598
94102
203055
191169
236195
227770
218532
241792
126816
222028
252379
176093
187062
161688
212267
131472
32243
160380
78194
216522
190461
243793
51852
179817
118402
33373
194434
62771
192862
283267
242615
207843
163916
224058
87531
252448
219254
215817
102191
157254
165757
77612
178042
207551
186271
45063
143260
158607
227320
236898
273401
150056
164727
153930
194363
149495
73229
216209
211429
248377
152920
287495
193005
236338
165117
10800
219307
223849
144425
157770
94933
275647
7057
186854
172838
141617
61247
143655
53811
265885
145706
70186
242255
144827
189308
76462
213576
113186
42516
157344
230413
225740
218191
146287
208597
136703
57351
115047
150801
83912
197801
91150
200647
179897
304111
176383
152649
139733
220734
191169
179594
162709
160109
203778
196324
275353
37546
145159
6943
30019
239046
135549
237166
100134
191046
221596
54440
221356
154109
230786
153549
253410
153288
201938
273685
246599
94377
233881
219107
157282
55513
213378
43575
137308
176740
206769
213186
169838
210976
101544
66759
155517
157486
130123
73604
163740
58561
233766
161057
162947
155648
220170
242382
131704
131710
137716
67091
198680
287020
246541
98690
134732
197977
235414
228651
236490
139609
170209
209312
237101
188216
71605
219895
48540
217101
283113
123311
224577
154282
166195
159078
178320
169273
186827
188871
109873
186430
292226
171533
141473
204634
245319
148511
166224
172380
55362
86854
190996
247326
153215
142843
224783
109542
198280
158124
13798
141061
161908
188454
135488
180994
201911
147830
93214
161587
8769
190682
200565
154739
233643
158283
15804
221341
203447
110326
47769
186273
139049
124583
168375
223935
156416
230687
211615
149746
88846
104755
128838
175908
104366
143044
245510
205665
238821
201543
209699
183790
173324
162205
33992
173639
161216
5873
269535
83378
138947
63643
103435
147697
105283
54553
113340
116215
213869
217981
176690
219235
136119
229158
157917
209336
134571
252332
64950
197948
209495
171822
220604
184381
148706
11527
133714
94340
190885
194873
165357
234303
214921
177283
241981
86747
128805
86528
189442
256504
47766
76508
148253
111693
199882
215150
164522
91558
188538
196237
194799
297566
44208
106427
231803
188371
122304
194121
212939
53859
101909
143697
180419
167704
139064
174739
203488
245302
181398
166687
52459
143167
157769
188982
188432
150248
64873
206973
249353
155965
281325
83986
99293
166097
74533
67215
252250
258179
52003
199233
229214
84689
48245
161704
231590
188683
213246
50246
129923
164377
165638
144619
120517
164778
189753
117023
149502
62484
118423
103299
185673
40042
218558
210968
69474
142436
148029
211101
216835
8504
192430
186707
119545
180585
177298
202645
107736
25495
261833
13255
266589
163325
163964
220015
241766
220113
162220
134065
44615
163204
214724
85705
203327
170107
199993
33987
178564
192753
166240
172696
233790
188494
208506
227754
231178
152056
87906
114674
253488
68422
231799
149572
205943
94800
99420
124228
281495
134848
95718
127567
138766
115622
229875
118298
98958
56900
159806
189817
112748
22297
213138
46701
45429
117731
125013
142304
1732
101654
219445
184437
128048
129923
203790
32412
127514
287261
120570
206996
207174
206026
218905
217135
99159
8279
188359
115866
68682
116119
68739
221266
127690
13030
223542
203585
17566
148302
83334
86629
227082
113486
188202
234572
140543
213973
81857
226699
129693
143810
111323
137519
189356
82508
108282
146144
201311
106242
211003
234276
123354
148937
179619
63345
224296
270982
172667
208297
77852
215378
236170
194179
164964
111303
287669
217120
196823
244730
23906
89785
53947
234395
185617
156802
43653
172683
183093
229769
105278
170751
210598
112673
244343
173257
128442
125953
111032
163773
172569
182943
215448
93204
180754
217323
88717
217496
259633
207660
193990
50175
35617
57735
112856
215938
31807
219668
73685
64237
183695
118788
135077
224797
167326
60528
153007
143282
45260
146810
231727
259799
218520
21725
149450
101492
205311
65058
155832
210884
242735
182426
178213
241738
23508
46038
156462
205111
173869
8362
151059
160583
144094
262130
221411
214749
150273
10190
140256
195955
158649
190520
265379
104634
90648
123571
147603
123317
101595
203476
231547
73981
219726
287012
122786
206911
110706
233509
209006
6784
246949
188221
16544
205494
68028
183250
164818
102105
191604
8189
172738
188673
29842
190686
180271
166848
159231
153032
41250
149969
164129
234452
64068
208535
197441
107438
142014
240673
202562
183235
116508
14064
162766
18499
104900
168644
47327
219869
75296
32191
239789
213946
220845
192782
241904
247982
159769
242198
185699
202636
186126
1475
196935
169585
135851
122419
225013
288551
156360
135167
271724
200491
59327
142030
220097
249119
33157
242822
2940
42887
214481
144156
157671
80344
229641
21515
28983
105886
170335
197801
103671
260835
130352
187684
259049
180096
230980
34889
191517
216815
160961
201767
151074
184994
92618
198239
243468
277439
4928
106448
133297
193138
44593
202331
182455
197280
84704
45272
143574
208668
114745
65187
212674
176395
113071
203162
116984
174212
144018
213792
99821
91267
234345
125371
175392
119971
248166
201053
158577
106186
91825
187753
194573
75574
123344
238428
250841
199491
168593
4082
182060
215628
220956
163089
146238
219365
116998
149162
137181
196010
171675
244315
58468
209636
108057
233311
180842
113325
223968
117114
31001
171726
232910
63509
195118
185931
236859
146963
78120
166805
81229
104607
101739
142427
226667
248025
132158
87550
218333
65039
92628
113758
208752
140133
206275
188017
51997
301521
209308
68880
194114
177832
163499
223078
158949
269887
227839
52022
103929
7529
189180
29153
168324
139048
99824
53387
84472
206196
258643
89682
56334
141171
213454
250299
166042
109651
232384
203342
153849
163735
150811
243269
238764
167861
109789
218414
126558
96246
133694
123495
145794
210396
197179
228358
180658
68455
122872
11467
135967
75562
210067
234885
244778
107665
216368
78435
200803
147057
239402
11592
198577
165422
88716
237404
156006
167795
206130
35046
14582
255318
170600
194738
57436
189342
128564
57910
112738
84299
220184
122709
161679
147039
125740
81459
166135
207221
185953
40962
178893
280834
97933
229778
255253
70705
90084
259451
107840
124833
208448
208596
106952
102117
70619
163827
66453
216348
175471
230454
288665
14946
160625
158509
101138
183779
243941
48755
121861
279832
139879
196729
137765
157438
225387
258882
43344
305570
129483
233996
77929
71543
240930
178852
188469
266615
225027
124857
218185
239196
32638
199266
100150
99672
101298
105355
130545
184486
162127
176861
129454
227496
150511
279958
179536
123716
177802
118536
206974
149509
215820
2188
177211
134175
129756
37727
80648
16172
266534
204774
79393
168834
9293
206239
202580
77370
190442
292213
229801
121809
159396
157030
131401
96586
168108
211499
51251
30930
88843
208492
159535
227633
204868
178140
74591
228114
202277
200660
197790
136380
233207
170946
156923
98178
149205
211399
58338
90557
243803
275875
165518
91114
202773
129927
150150
140492
127125
121986
101881
170312
142003
264859
253953
178393
15772
121542
151416
161673
203261
166049
246367
158771
146204
128230
12343
6524
190805
208246
169225
205784
222409
163672
141692
240782
38562
28301
117977
174006
154066
205849
227069
189885
110375
168683
224758
286187
53274
142084
76262
173449
166666
137735
64547
143724
232561
208131
206872
156294
216419
199662
111543
166715
206438
17968
216251
30468
231643
110872
90001
82119
84106
222037
74017
178480
132622
255551
277912
170228
183108
141561
214482
69434
122040
233631
206382
220041
5030
57721
179053
236120
228207
97779
55215
165599
179106
168071
263602
241836
38885
127685
120559
197112
91749
192893
122469
109377
140074
95782
123205
27571
140100
266045
160212
253085
195324
202568
31478
182312
200269
206830
207477
13171
52270
238537
202424
59700
204191
105285
115972
111426
240399
175477
19201
42401
31160
259163
229809
110330
154195
190929
2849
165834
214446
189362
57240
139916
216192
160526
265454
139975
212543
126850
146639
89503
128642
197800
263067
194036
209635
153182
153796
125466
102489
131243
165267
129794
119224
153004
153254
83537
102539
131674
190661
188679
175310
185771
128859
46466
181622
227999
216359
118220
223983
71574
105199
32498
208888
86595
196098
266911
138861
149232
49135
81043
124643
132543
92524
144528
183953
236146
139707
228838
218944
175294
56029
206405
198664
222904
14204
248870
31058
217576
216905
63918
214697
78379
249619
243745
240880
144761
120035
126675
166203
120775
102088
198310
118559
179626
225396
163657
62636
199976
135324
149752
265511
180922
86781
211274
109672
104026
157767
118156
78039
212266
163727
211729
144772
115761
7764
97537
170467
141745
261554
17651
231099
96296
239796
51636
139690
135135
86954
201131
55436
196960
216234
20887
265839
227391
251202
167943
249384
228634
206903
223067
118749
118700
228890
240474
200368
214982
193223
175723
194516
213054
183121
189535
166438
108325
199354
76495
130597
160440
231437
209984
251725
119992
210340
229485
112277
118027
225802
72877
55408
206963
146212
231215
58720
249106
95881
200744
187206
58123
196975
206584
170128
178146
215642
177896
110829
172835
145138
198860
237097
110626
86444
196217
145089
95771
182803
154269
164406
78225
159572
281512
206966
150909
139512
230984
221091
184709
265129
23745
182794
245565
132464
220804
161332
178758
162151
170741
198130
35652
118849
172392
221005
149795
271247
262868
159311
135317
8969
118418
15237
237507
206344
146596
194767
71253
242692
209452
177481
112440
47373
195213
151811
121882
23210
160167
130250
216138
134940
202806
24600
170142
150379
231473
134965
173558
160125
237952
155593
124060
214512
43602
292850
184393
30415
180982
294075
220016
283296
180393
52673
163618
219061
126369
210502
138473
176306
176390
192091
223091
222560
266036
127027
183578
226349
102203
168650
134428
139313
52299
182300
233652
247018
183353
242616
175079
112684
216680
218332
18378
135684
63335
153358
173611
88413
141550
214116
204308
207792
185241
139650
190823
206766
158531
160747
102169
221962
172342
249788
94740
74411
248915
169570
200773
130048
140424
214005
62606
290230
236922
161767
60313
113280
95509
206289
248520
13096
197826
45887
59023
44172
242848
64345
192771
163328
111940
150178
209387
76359
20583
94110
115630
202514
255923
204471
211296
48666
124084
227025
15006
153647
211120
176779
172794
149337
224167
142567
83099
121552
235381
221518
161126
165645
137226
139557
243480
251205
172072
175478
184134
170929
290320
191529
160937
199898
49080
211144
158572
166859
183432
88268
72954
34369
244022
256084
217032
123643
202627
166712
90901
140829
214415
261351
204064
272038
1490
124799
211512
99771
106211
266181
176395
50843
228029
216357
228534
231519
228281
148859
237547
194128
173119
97563
87331
45462
235965
124034
157031
163452
149228
222333
219083
107280
258416
200077
112727
239984
182742
217736
217097
217823
161195
98356
208037
11998
236756
270843
33248
165491
184924
223996
128779
195380
113396
238962
199628
162108
195790
190157
192783
233520
118363
161719
237857
260776
192101
106549
167256
112710
186625
118207
198628
89642
204255
44705
232193
220094
250495
31023
244970
147707
107485
135537
166817
198194
149437
24257
144814
29417
106704
206868
123405
234164
179044
111854
204765
185480
193504
200113
229293
72615
224285
64755
47738
93112
228707
230106
224489
156540
235958
167910
288821
196914
189277
137191
96009
172413
166502
105494
89190
66785
101255
234978
246108
72552
161508
213557
212191
136967
133770
209296
36175
81974
248309
148922
74710
213463
43032
91430
20819
114680
209737
98143
205250
160993
188601
52965
254745
110172
23403
124122
245869
138594
169260
175784
222171
187851
55485
149563
258328
187448
122618
167552
129924
145100
188372
167309
116935
131948
205838
171415
148521
205129
191437
159323
191519
128718
69789
217565
101330
262197
24944
86711
179003
253742
218343
214316
302370
171764
174332
198308
55566
150831
203176
232442
244387
211474
211387
236674
182254
157207
240904
244064
139207
36125
226330
37016
209422
156909
259991
86039
260248
81328
251246
185485
149646
237586
190356
153178
270739
100253
13083
55056
191754
156322
100889
244724
287717
224144
240612
32105
85113
206582
140060
178327
286076
71390
181751
129208
238504
27977
273938
172879
180093
178267
108506
99724
141543
121553
151068
97271
54653
68408
132102
207665
231914
173447
199419
173418
144198
172917
103583
80194
161034
245582
43312
168100
173226
167706
177289
171535
94436
121309
20421
99698
210976
48775
84289
181230
136152
143817
148857
173295
59551
212845
132908
100648
180324
135502
78507
75134
135215
126443
114464
98048
155921
235396
163271
74940
232319
204065
110108
197274
224460
177277
227269
221456
200260
149164
186749
101395
237660
37620
167971
198871
162397
127153
232830
14483
222181
277580
200745
89345
224251
196925
147740
204508
196233
197412
174881
20326
242274
124548
190350
212247
271769
73476
105394
116792
272754
256999
95881
299979
133338
106432
152199
123540
222084
57727
171959
174132
226178
16580
62651
135150
186908
198213
123239
200219
87557
148946
136968
19773
149511
64225
121974
222178
226602
114772
272136
127176
154266
184663
27580
66667
63024
67687
192294
54994
137773
136205
101893
33826
176324
75200
215270
227314
187435
216718
139165
257069
99464
207663
141958
189612
231816
103666
214626
245246
204242
159698
194595
274118
74077
185398
151900
167302
197896
233832
111096
123578
167189
181148
230179
165146
135777
224192
100927
158405
137979
169913
138728
166858
135039
251048
206204
205194
235489
271435
132616
185422
194515
126149
154862
173160
80967
220614
127795
194306
159233
187844
243363
112854
272190
205782
150309
206962
63307
231388
74835
13185
158806
148713
197739
37474
211846
186368
87650
181535
179053
66046
145992
47402
19325
110003
163386
230186
222221
73170
238705
231387
155574
104435
201727
211810
227993
42277
119211
119231
98386
225044
185286
193469
109357
245415
155944
56019
142916
201135
244668
79117
21827
217201
197634
147449
146513
130081
202122
210776
13200
215612
7411
173741
206438
238762
146828
162502
139372
230840
207364
191120
117996
84333
98332
145615
9148
177617
170580
192555
161802
268367
175161
213478
19110
95991
205830
195107
184013
160529
66632
236128
191364
75634
261735
269013
112413
231339
200603
149220
202079
189950
66371
203432
100548
198237
209907
196213
5316
149096
28707
263634
288624
139147
77374
103681
222013
165566
57015
211186
248624
162789
144736
233416
160379
152601
65374
207115
232196
174529
146824
109808
189938
109672
152365
270573
154326
121675
290291
293112
153608
91374
115379
140491
51558
232518
24285
135158
103414
151660
137997
119637
190217
208023
155371
71777
27943
120050
136672
144208
77694
17401
82860
170367
161770
7702
145455
212571
188719
225481
195566
245025
169139
203926
191473
253388
225846
205137
198641
208411
172413
152168
207476
72670
170408
69909
195759
215703
192018
50827
129675
72
14389
202984
224835
190067
199175
186255
86946
123669
118124
302958
171475
169126
150714
291205
296346
154991
184836
200372
232785
163590
75560
107250
9762
159670
220690
220458
120774
230419
147384
193236
298775
87021
99617
222971
175559
229629
120474
159115
278732
92614
136525
139526
154071
82990
178091
227795
166538
200259
57859
235220
188723
124373
63343
119902
216782
275455
195883
34595
252200
143836
136047
204624
66991
98073
244060
20641
188740
2984
247965
192847
42311
108650
241181
131872
132006
93804
237254
220820
246989
51406
39012
209016
100525
204717
35357
242585
207964
171762
199488
14083
227902
14909
89871
59524
219214
133520
18786
37882
113233
48997
278500
49969
10121
57737
173820
169255
162148
142896
240140
190890
200478
205374
216794
182676
76693
239492
234060
187380
194714
146896
28307
208856
143784
86522
7327
45225
133112
117231
77582
84120
268211
216130
220482
159924
201161
109716
216665
209392
288664
206557
218783
198211
55333
260040
231987
174784
87677
256791
265219
161699
59000
109948
172108
248122
91539
153318
81889
134894
47859
122153
221817
215467
94172
217643
86512
45741
149382
86883
21922
211550
78961
130634
95608
32476
27976
210921
127777
133540
171270
191660
237917
123445
176077
195070
274627
21017
213871
91100
33793
207414
274666
176084
233510
214411
238738
173423
260626
241144
243041
132396
119499
151644
15920
171599
224782
156903
208040
133932
210747
225057
200714
64487
239857
49317
112903
227818
153418
166101
163587
259611
238574
85619
181653
42860
204028
154231
189249
94751
171624
278490
166496
209370
170719
204266
183737
22168
203345
223880
188471
140801
217427
8273
206977
48612
5487
77018
196549
62759
76886
196927
92784
122818
177158
177926
216310
136683
146751
63442
50773
103207
7013
233460
122337
181488
228824
141642
205671
172762
62259
210380
172434
103315
238013
53189
16983
41200
208383
188592
113740
128812
175692
14694
168837
69007
137521
226608
237527
40184
109122
205608
43580
29639
172821
188605
170650
109767
157361
197386
107767
121267
64378
192497
186713
59532
162518
193536
65619
225788
147604
253738
39957
138503
17277
152697
174055
134106
101298
189512
61204
93655
239419
265953
227684
194618
190725
80895
7806
73956
115280
177956
135512
49822
126585
144022
162621
166899
106828
275638
125108
149356
192713
217182
249311
157936
126465
254393
185313
228523
148894
117618
85051
122853
28910
14132
4630
156354
82148
39760
149012
184174
139636
234723
107206
180035
118806
212559
64726
319648
103018
162615
93957
5256
224906
185487
140961
246011
181357
177003
159819
40561
127150
85709
167410
229039
202378
46969
247134
182810
219357
48066
68849
123582
165264
195314
83000
200247
237670
196310
267487
150269
146582
286489
228518
242643
267272
182032
136900
201243
11990
216054
286268
248587
141087
260769
172678
246526
116604
148371
188504
71683
186229
115439
232324
101908
263454
76048
71708
85432
250049
191607
218893
65285
268128
189354
180923
244650
133329
181098
137635
236187
234521
85174
81145
265718
218507
166668
69305
196105
207949
171073
229372
99333
225550
109185
174621
208364
156958
121065
216733
206606
261672
68824
144024
141012
213423
177880
39400
233438
230047
176688
85479
79597
127172
196032
190541
71342
56729
121735
156455
83096
95521
211075
103431
177307
278865
127367
190687
8074
136537
176593
253582
224825
89328
221944
183476
274766
154048
198020
103308
237281
194545
5027
141220
33482
13275
144944
203411
71399
285779
185557
121777
183774
224664
236823
148097
176733
40471
125663
198780
240801
224655
3030
216404
218566
155227
132737
305796
52813
279174
152496
133104
68881
60808
189173
255290
160701
261074
164617
194750
123670
250988
119829
189578
185495
152233
93736
132124
208025
120645
205962
200834
100050
32752
185163
167063
205778
203751
110074
142106
142650
126836
229903
197435
167714
185903
254292
36484
74521
53689
218938
207274
239210
160381
60351
159716
185554
180491
224483
201680
49918
187394
137457
156447
176932
186321
219306
156673
218809
171791
161457
208220
172245
227385
202171
122597
164657
120787
290312
247383
45092
9888
193946
174872
45797
222114
54529
179196
198193
228260
85999
94987
186508
240125
222882
267207
239926
227719
242705
263377
189686
121294
152626
167426
60365
33845
9235
150890
82290
164105
170100
158250
188477
216254
166350
216811
280304
197929
156078
139321
193154
204352
113083
230028
111607
197816
101954
236073
255441
177397
192550
186461
230988
165911
40446
200426
195222
138521
136824
194325
221476
136505
46074
168388
155424
197809
175703
82676
160173
176118
115075
222975
198763
191476
58917
93847
82036
226044
229532
126524
217829
198067
136870
135576
37326
103955
86995
207693
15872
276176
269611
194939
66939
142991
274785
131401
207686
190357
25100
145028
186827
201208
225277
112022
201266
177504
38279
274093
191544
186716
195632
27923
207247
40279
249865
202217
3854
155510
38883
205418
198764
104846
156030
75992
169557
130776
155795
167385
29168
103336
117630
270239
202953
195383
240808
218042
194779
191477
223416
94196
182588
161254
229763
82746
134181
186162
58301
214039
215017
153775
242970
182117
214834
183905
274512
115487
29170
150326
116854
122146
28027
273706
90805
197808
67249
173313
165076
138768
127334
222028
191475
98499
190745
105291
228328
52005
170169
93166
67154
114566
60741
120842
107265
211326
244852
281566
129123
173672
181076
192683
112979
192436
238715
266199
212610
179855
182663
146574
226345
160333
192338
43570
150749
198321
47964
38287
195855
198957
5408
90369
94062
132234
191143
8144
115017
24777
44165
240947
90704
148698
77493
54801
209633
62946
238395
130703
170947
203195
204028
128684
218807
199010
251219
224569
29530
195822
192027
57425
209922
119482
47140
160970
175803
168113
213689
186749
230047
66054
176344
127412
214741
39897
201428
180963
268849
113199
206114
40864
33566
71692
131122
116268
67201
80179
168018
34635
79986
7064
191095
172418
65320
112519
207460
161421
112935
101934
117225
190683
109368
162023
184645
146908
112036
133090
77337
89775
188360
140161
140849
196187
242740
137719
232728
237967
236731
259167
210428
164777
258941
213322
210364
176363
56922
165010
133559
228939
19903
155875
117879
235927
166365
41007
131371
141842
270470
155270
54032
148703
221820
126531
195182
116310
26342
119972
211911
204779
76807
194435
97881
6697
220599
96256
157952
109663
218970
101234
177992
128349
194533
70603
176742
199777
150645
112758
5411
194508
141180
135163
22331
114293
202006
136483
198924
203321
224838
207182
99381
179350
171766
199333
265406
178052
205882
271871
160416
110521
23904
179408
221780
134262
223026
83230
115036
213379
32670
156622
94503
166839
120634
164027
151814
58487
62464
253627
192484
148332
82594
144887
200137
136951
182690
60559
227659
143729
195998
218655
146970
255718
139864
222304
144747
165180
217380
169022
58509
172215
113254
117135
133291
188629
164607
206528
99349
220956
236285
171536
166191
237275
138545
204378
188054
250171
120771
134170
147618
239919
18496
38254
208425
51258
201847
156279
220106
177070
5310
158721
173309
20823
126006
235903
82885
208829
217322
185526
215989
211161
137675
104923
201368
29804
113423
131789
48847
207225
121719
18932
218401
45516
68528
91414
190117
258873
196568
256359
78865
14930
180449
211497
117512
278545
188620
128954
199529
220792
91297
183267
213579
91992
182678
212421
124169
137192
156166
238804
196409
200514
27706
152349
65973
81659
160447
185767
101181
129673
123758
175159
104747
210464
74002
239543
202167
161781
217410
19862
142401
223332
76189
115911
70645
125017
15031
231375
239785
88297
241263
179532
128042
130638
206447
185635
248760
116770
179240
225329
175868
118046
95280
6304
187723
270111
241732
242418
189422
159767
26527
115974
225745
229754
120483
42658
243137
85821
230864
66138
260328
190587
155765
161210
80410
133701
214485
104352
112831
57904
228955
134499
222837
1950
186606
159388
116140
138368
130549
94756
199379
231515
130203
238320
179258
113569
147245
164358
226544
81481
157763
118520
30782
179976
267714
151287
205619
186076
134631
205945
61136
81607
28578
182032
174310
152961
24650
204779
24096
163802
181234
236776
38942
243260
244711
120688
235005
161875
167154
159320
195793
164999
64385
162867
42158
232738
176796
237225
166675
225788
139434
220329
196378
161423
208386
126967
131303
143924
118558
115911
167586
237270
62307
230343
139391
198625
265113
177549
216089
220955
229700
33282
249668
171096
215200
105388
203680
21922
119081
155967
138436
236965
84883
100958
245765
205500
39730
277749
158003
239506
109751
193588
257002
56791
4142
106209
211525
66066
254025
154840
55338
88270
199107
29267
143065
234869
238468
267225
113169
229772
280254
190246
93330
144431
126379
132950
131842
45134
121857
215932
89751
179852
27445
39551
32496
169589
238891
162888
202271
223178
208723
123263
77694
91766
161365
182216
173538
187424
208660
215699
91353
199988
216154
59547
36257
102901
153760
170204
189470
182696
158450
64821
208918
100121
185459
185601
256366
182074
235599
173112
279511
219549
115514
193526
219394
132735
123872
33893
130469
104921
249666
210656
154770
205513
199999
174420
92013
62458
228835
189166
171415
52439
185575
73456
111950
166255
157555
106748
161548
47202
98719
148549
231154
111314
226663
206007
205692
170167
141332
154775
62169
167122
105173
218801
50211
120395
188263
210327
235464
193915
169799
149320
22099
219618
221899
