20940
22010
194626
36995
39848
42472
5267
6262
90336
24704
1601
27770
26110
40428
8125
167945
38753
7656
268760
193261
67241
85786
2031
178978
8081
22873
21491
8836
73709
117376
49299
47344
148979
51266
40591
36076
20074
26978
43642
92939
94815
130218
30955
773
27161
10365
40796
53572
7648
132856
96007
8839
13932
1675
83296
42425
46151
82004
31833
56022
21096
19180
51471
87786
115077
10873
219
57133
49581
78310
40174
40949
22531
218626
229711
7159
251524
141056
8531
30305
9621
5640
14632
14847
73814
51056
343
151983
63796
3454
112009
37282
72552
20370
12230
13103
10112
48123
74577
20806
49013
48421
52825
129070
61249
6974
102160
22218
1148
114701
49629
113605
117930
25270
6144
127246
9056
283
712
28277
3184
2202
91087
207148
31639
86804
222723
21916
1249
10596
8376
16693
9807
141794
23847
4973
2092
101438
113
2898
51800
36464
13824
12347
149053
93293
30209
3180
26597
23412
40788
99709
49950
181973
19673
192461
15191
12006
4672
37062
10813
8259
90354
20359
20792
32087
13181
661
52102
185086
213292
3776
10281
14265
55765
12111
2614
83717
70047
193935
177212
89720
1020
35044
114871
125240
50272
84274
16871
200918
12151
10724
2203
15706
207285
15518
844
34423
55922
43795
30162
81400
140842
62785
10028
27189
136129
270001
24514
1916
44264
27745
66517
501
4168
83856
203170
20432
145137
14326
220221
21371
133667
8332
6502
159152
259
62884
133855
148946
5299
61270
55731
2597
458
27466
66007
37539
106628
8737
64888
10388
78966
11108
6234
75338
27721
183238
3195
89776
2662
56054
48564
39644
3522
15768
37093
42607
16993
3368
48782
32768
21725
46322
60781
93585
3154
117092
120394
174904
20633
24939
19904
38059
13616
123385
14737
30934
100773
26306
14128
228125
88581
905
15946
17127
121188
19469
6223
171212
1801
24633
111904
2912
104603
233728
23333
10611
43131
23719
41561
58874
2143
2018
21829
58709
36214
141888
14706
33496
36341
187066
248566
58994
12264
249927
15910
3598
19609
599
63788
69215
6665
44117
14899
58383
19213
61119
144271
6947
6724
116450
40901
52274
593
82557
49821
197947
127314
176657
18939
15228
112828
103808
57420
1864
14975
5309
1630
91286
91751
84638
8762
5716
14019
56573
34351
122468
14629
5319
6244
121314
8779
21297
7455
100300
144464
2335
18278
39816
22721
112737
136130
55601
120458
11978
27308
41388
16845
4243
6344
24978
186856
33679
65198
32710
52718
156334
48596
70157
163634
44935
106331
1580
192364
403
51629
69628
100138
16370
8671
7267
4768
4842
227486
198335
17523
78244
40788
50796
72146
11745
12373
179846
10397
130775
27792
34770
24909
268780
69455
132993
5846
1147
37145
19551
24813
26398
51665
110986
36006
87236
1478
3289
41654
68836
204607
52030
65968
106963
79945
10603
5609
149086
35601
164806
163429
23907
26123
49115
17167
18536
5303
61663
7710
5489
28713
237219
22157
96970
79903
118720
13526
9885
968
9415
2394
68780
19450
12621
101627
60899
37809
189230
5763
44752
90486
13873
18998
93583
115126
18477
44530
58658
10184
90515
45112
789
3472
11324
32283
73075
46968
113887
119429
15547
27607
105079
35026
687
2610
26534
139591
8491
663
163556
44094
38166
130662
2313
31492
161493
22933
25163
11411
253
21375
35738
172130
20715
67790
67065
117884
46640
3963
148683
116721
122923
204
68245
13528
22220
189568
128730
73380
1746
8226
22175
23010
15910
38302
79929
8841
53916
28789
1439
122326
4175
17474
2590
208786
36707
5762
12423
16679
34837
163293
213661
37181
3010
9515
23151
215902
7013
117577
79823
34432
54470
6750
8639
155820
7769
5572
108200
55706
51241
46831
169118
25835
77632
7288
7263
219474
122172
5190
186520
125573
123864
63765
317
16944
38680
142
171569
6859
40267
44749
197370
83927
2258
1183
4364
65725
46177
31208
71812
2314
25262
11733
8592
81841
75185
43924
7270
6610
83028
39504
42194
63002
44058
6806
12217
17599
106828
18302
189654
207915
86441
70130
39619
170367
54552
253
4969
161706
117194
204757
12195
14638
65305
49756
199615
13079
3633
34087
25988
139919
2596
67264
44900
61455
10651
62912
47036
10312
28677
19663
29638
131620
78748
50741
46640
79839
82325
42727
4833
58594
85401
11023
7479
47197
26027
23658
95191
23532
97603
52320
76883
63318
155799
104276
43432
76715
13473
128051
97068
9746
12757
20233
107333
106187
69447
9287
176640
71049
297002
6661
59315
3070
167978
79752
95663
186423
300643
20598
6717
47404
140413
17720
76457
37234
62497
17770
58660
163689
35352
77933
5098
55490
32964
106580
171259
492
4201
18788
83429
56115
11081
17673
34231
53948
6819
151772
45370
6126
8264
10791
108989
4077
3361
18545
13342
17631
71069
86576
6584
24061
161410
12730
50751
165172
8585
144206
53038
10684
19727
106421
1128
37181
109047
49356
116761
14758
54294
37806
238004
15970
5784
175293
169845
123634
15376
32832
30256
12845
26625
137273
23150
14955
95866
8920
57656
118375
404
22599
157512
2462
95342
47203
68815
96355
4645
198987
7785
6019
54006
150498
62325
175917
26228
87682
21579
51482
17292
35686
5767
34421
113840
186950
12126
22729
95990
36211
833
182935
40613
70849
109263
3567
2185
126900
194935
127577
1919
71392
172007
8782
17117
72231
53868
18287
78386
10710
11321
165203
130471
19603
4838
86792
65733
28975
32760
103583
112560
84196
101054
26363
51859
24881
17430
73863
87070
91758
3116
40468
34143
63430
29052
1120
1307
3925
168505
5465
92857
50392
84258
211742
58483
163622
16898
98511
218695
10775
5121
5904
25277
16758
97103
104706
53558
355
14382
3340
28804
17995
14777
154160
72293
20888
29399
124797
2219
245165
12905
62114
81886
5772
81870
10754
7464
43306
60867
215597
12104
23606
40062
47573
1954
32805
7862
53368
126949
572
52013
22112
53174
2955
5763
232515
170319
27596
24708
144624
19710
5481
59774
790
131107
89802
163788
111585
80595
27312
82005
24532
93685
13809
225631
140095
4747
146801
65055
91070
94970
9014
81173
74382
3172
11162
12017
43677
8590
11759
83022
67330
77784
23432
2582
23693
52101
126404
88798
644
53797
18794
76435
313161
27891
38071
49356
16488
184321
8948
28058
18198
90
65907
22896
172470
49441
107011
10269
90734
156148
152527
133130
16401
18924
118803
2016
43740
5642
5291
1374
9778
17649
28719
141928
19662
16396
143400
180482
21592
125325
65984
37084
118940
2960
3877
77856
31554
97733
6629
21885
85150
43948
8842
67539
164562
13493
37546
144660
21255
487
12323
1975
59257
89887
24050
2277
18436
4009
99282
63134
185082
138727
11911
70344
123448
1963
7435
1687
25414
9934
89506
8624
7239
5258
62566
1377
13844
41555
13208
2610
109839
107687
2725
44009
28407
105284
58097
111834
47680
9115
46856
18688
45292
11054
146309
10077
65432
62910
251704
71289
65537
135432
37765
85638
19887
36789
61116
8285
202013
43915
56775
142250
16
137438
117954
23575
23360
18457
79443
10928
2724
92546
98806
97674
10954
68079
67528
22675
153206
58836
223200
94392
16886
62481
63090
50328
32482
20062
45384
19673
28187
115714
2307
90837
132006
128949
12874
57282
13440
180727
10864
2209
161992
179830
13248
21091
42795
34089
77723
51410
152980
10263
138158
21681
3636
96131
14396
5339
149091
32025
26345
3790
715
217014
42984
150659
143124
9881
178476
4747
63509
15110
22044
15268
8457
80689
18583
6512
187602
11819
13238
103612
1448
126140
8956
210476
36154
26984
123331
75523
61046
7719
149159
2207
26916
45091
48589
47374
65753
5466
11417
12556
40500
43826
5089
75020
3734
175779
13466
57352
6879
9934
104008
78160
12564
62846
9040
88868
148288
4956
88796
7062
6592
58488
135499
184535
38505
15513
103350
6834
111041
17549
8976
164187
19687
5410
161040
163652
128259
37190
223845
37699
78734
22491
5575
173162
75315
74182
141296
18027
7564
24832
11062
993
12544
37335
189585
3194
112298
73747
96919
12642
9944
679
30380
110730
51685
3903
153872
58579
94655
96204
240767
122902
99239
3877
139025
33726
25851
141105
13280
17830
24008
103265
109328
27138
58345
91740
11569
42587
5178
3269
21831
179217
200848
6223
1991
14104
19868
36962
39554
40349
17103
194830
135454
22466
272219
22295
4141
23914
4516
24773
6074
39575
72495
100819
117577
154204
3010
9226
175826
111193
887
18315
33940
17507
6138
1626
43041
7970
42014
137915
28716
80987
186818
4112
27952
37944
114567
33931
102282
160648
19492
3595
250648
30797
128798
25952
123407
24043
131965
864
21073
33572
11838
100932
197378
104081
41132
344
18546
35991
27678
13887
4210
16428
160664
38929
185181
126839
28584
10086
81363
7274
57740
16426
65734
9351
13894
52445
14936
60383
136146
29106
111970
7589
40069
143329
42831
222183
105916
84689
39692
56843
2452
203793
152781
20310
48242
1263
10
24445
25553
86968
141178
43913
20490
8469
11574
70388
67638
60157
6226
5147
3378
23212
49390
17418
22190
1972
47660
28906
39903
40797
100005
50370
24335
7358
10854
5708
22544
7254
56230
55571
1833
40289
1841
73611
41352
123858
26886
23543
154780
42186
13249
241597
40714
1859
1268
116154
5281
12029
182589
124867
52061
44060
20766
25247
12786
5514
3795
39640
44712
141143
43546
4883
79
22875
230012
13183
39724
2847
55743
13718
49528
51360
14472
47959
252343
31234
107371
23825
9484
108097
31308
7774
14410
8
13146
35703
141
39888
280371
190694
7875
19438
2368
54840
164846
34603
3569
54707
74271
5083
90506
31300
827
18028
19830
2165
25788
17011
60955
267341
70119
14267
66614
128165
4501
14665
50383
38946
78635
236902
50805
42768
37672
27362
42128
4041
118780
128859
12200
4714
15460
165381
51367
289755
14513
56667
38708
11654
43064
91352
56051
1737
27434
7769
154
7737
445
29290
155133
34312
27245
31375
66894
86332
15521
13568
15896
29972
190690
68874
24631
66527
67986
46133
8016
36358
5973
135782
16921
2113
63183
107534
2073
48915
121294
18643
1946
20938
61552
228003
75490
131473
37646
75478
61735
5766
18144
1993
32788
146456
2621
1123
37328
47181
11352
36734
978
32124
30980
934
122960
5325
13295
18083
91682
28857
1411
124642
45061
188794
137838
35291
152724
40359
116244
28202
81872
1895
28834
4312
262239
44447
103846
20826
558
30271
13503
105984
50573
53577
68619
52
116402
134729
86716
7479
12686
25919
510
3094
513
12491
40338
53505
14228
77490
9375
34407
78548
94103
1030
79565
12867
94932
131151
21192
106264
106590
3129
4591
7181
199459
109115
76055
12607
34570
56198
77025
58451
86722
10401
297
232145
23434
16764
12132
50155
117253
183910
141988
92240
59717
57244
209878
104254
36458
76299
4875
125821
90814
186730
24283
64460
26319
60043
7057
19893
4786
44604
189906
1283
264404
206082
16363
3816
16032
63375
223146
47870
30246
85511
89390
126629
12642
175763
59743
16933
149613
10450
256
22695
113568
8338
40057
12913
5486
18764
32794
102491
83351
24463
19572
5858
59710
99255
119984
6663
10132
45686
24728
4190
11930
2074
16811
22817
45626
9829
3032
112920
238484
19033
28194
1256
14427
96723
130802
3862
55861
97348
37849
12426
8093
118236
82315
26651
101203
36769
7377
49251
10203
95095
19391
68903
64613
80661
186315
41543
101992
66083
23325
2946
41269
22565
285478
116293
693
25213
220720
3338
37698
172175
6458
103047
135359
99276
26219
55583
67727
187
4220
50604
122
93575
94851
4984
59510
126934
2127
61273
14184
39755
6985
121117
69905
6224
53928
9539
25926
10918
1593
40744
138725
145692
116480
113600
58195
109600
7128
4325
60787
23989
19314
1760
6952
2032
48279
29879
22537
70552
75548
65319
11274
4700
83942
133108
109558
39449
37596
66078
70045
64942
20217
11015
82525
65337
54474
35595
11592
26145
17587
29884
115429
8633
12910
659
6997
3080
22096
32469
6177
6560
4951
29059
35989
65365
155091
10130
1591
99
96142
874
38385
25986
23248
30036
2629
10958
30166
91322
27057
40560
29113
48974
46948
16077
67455
4467
50577
1696
59905
67771
64963
3136
13032
112833
6605
2983
7145
7545
3115
72379
172850
42714
12519
183661
9327
6355
73909
37210
89732
15380
16004
74374
753
29456
65795
106743
8720
34380
51856
145823
5111
67738
2508
132522
23028
936
31496
42380
17676
75461
14034
38611
52156
58993
109786
98256
41643
4185
3036
107132
58084
727
20347
75752
3765
5351
63675
306
70240
18196
15789
5527
79722
21312
93470
22235
22706
208452
32743
60173
141361
11674
47649
6745
81243
4225
29560
20388
55626
70793
126431
149988
7564
75060
94070
89366
79494
128742
60720
34574
17839
169798
12536
58061
8550
33000
92881
95360
2216
41635
79096
1373
20866
32128
120520
23090
49430
114967
36920
30960
164913
115208
1405
2514
49916
74226
33280
82691
115224
15921
22066
18480
72679
9305
962
90519
55771
118591
57191
129464
13194
71885
109735
15493
191817
45927
11981
43536
100024
116196
48733
54699
50531
205156
116279
11125
25824
3223
5489
53264
101267
96
44626
10253
162394
44247
3873
82197
186963
11936
30424
25276
10420
8575
104963
83941
4458
103
24445
8213
130816
12975
8797
200
35931
19683
24343
57176
13436
216324
62181
68932
87550
1119
24706
31177
67556
189400
56746
24292
23476
89481
14241
8931
82471
154624
118384
211279
35391
9197
64933
1734
76967
50176
76950
11031
198229
113267
4344
70408
55408
67427
104049
10
37590
6499
59717
202900
173025
4122
1247
10394
1925
57427
72777
49457
48643
108587
72587
61769
11169
23094
151675
30013
7123
30018
113790
12218
1358
132202
216410
5545
431
118950
8383
139595
58445
23010
22858
8937
15332
12794
87929
79997
18923
19682
58278
60789
11440
58623
912
5112
18515
35037
9202
82597
2919
5692
195758
13037
22627
31125
123569
72786
55397
46566
179189
16
37593
252610
180894
1317
2723
131719
66461
197856
20922
169364
126081
29119
45926
19588
48992
26801
5219
684
7184
4464
107552
27441
2128
100116
25920
1174
98944
71344
32751
76201
21860
52999
170704
27407
797
36991
61840
95637
189791
67972
50233
41972
29797
34581
225823
4970
61969
29865
6380
204446
18977
7461
94833
2672
114513
892
87525
12605
8207
133844
46807
5636
78
21508
32512
20364
14268
39049
15949
180051
99268
96834
10466
46007
2664
18581
9764
25814
12145
54804
69505
7856
97900
8060
206824
55164
2507
46521
152180
23192
3661
37695
79092
37934
64415
39727
25613
103355
44317
37018
33560
199290
13021
33899
67035
11531
5367
12339
13580
11731
78739
67451
166080
286365
57291
6080
74335
11590
204698
92472
11241
64380
24627
45907
126478
13602
44874
123493
95398
40785
9184
20573
6344
75139
12211
88094
3310
151028
118672
40321
57938
35812
27684
1962
10740
122220
44582
258024
65909
217473
4489
15138
155957
42295
13645
91693
15023
3315
92335
112116
109282
9548
6683
53867
125405
3837
5180
24378
51481
9064
41193
46905
20171
983
446
62819
40833
93647
78367
61473
120831
3552
82567
21813
732
22057
1727
5248
2803
73669
131982
35388
10574
137669
10416
91331
9226
19220
31138
6292
113258
35914
40790
109991
2657
4616
220815
100006
148581
13436
170325
23339
15670
330
11189
68909
145810
7144
50308
31515
75986
34761
15546
15451
27611
9867
7454
44988
107842
23471
71873
36062
41342
13000
102293
143654
9457
4586
8568
72278
4165
139391
229944
6261
29357
56304
3611
88676
20074
162666
180187
48542
14199
24531
44879
6953
9453
28020
66277
4168
62381
5553
250748
182991
84187
72473
79022
23595
5546
30506
1351
47070
34217
96633
16990
2055
88549
24842
23481
20815
285469
8942
76164
20810
57207
43067
1752
9313
82888
44552
64853
11989
31075
23283
7128
10166
4597
97475
218878
3377
11673
54058
155562
22529
11443
63012
11304
24586
2410
232870
2440
81871
156457
37499
9007
17359
85863
45746
51456
123384
31753
3753
32674
399
37955
40385
8543
42675
70276
48956
66091
183167
235477
1599
22336
44640
8183
28387
76720
1788
194432
16615
97658
61569
12096
7021
162220
40892
42099
31776
26008
36185
48455
561
32857
20016
8380
1367
186103
11563
6751
3327
20140
68419
7656
189319
96436
30507
145556
3394
15189
18967
35148
7246
202809
8149
44811
97870
19317
16662
98498
12777
4091
119741
7959
55231
71622
69055
3021
18774
31062
41470
3515
30299
1576
34539
153093
2403
157289
1217
94848
15936
197782
57688
7218
330
209329
47418
67656
165073
16219
8652
20193
122164
33642
25091
39072
56231
1088
169733
31720
114414
66086
65311
4223
90555
3343
2454
172317
88808
749
157603
114635
15725
54217
27333
19700
3645
581
49977
16689
2756
4808
3416
64744
224790
42
187
1157
40467
7260
39574
6736
43511
84296
1035
187299
51552
24224
3076
41395
76203
34347
100540
114713
61396
30511
67122
154797
57608
85704
31514
10674
82451
99312
75079
27129
21966
114688
131200
89530
1823
163289
85992
101906
27517
182528
54340
75544
33841
66207
49576
97611
94380
54103
63739
6867
12416
36508
2220
24233
283196
772
124228
28264
4922
90297
125888
97
50126
39891
16900
841
24886
88721
4107
32350
30653
156756
1130
24544
113542
31828
5405
55533
45437
3605
64752
1270
40409
75187
29272
26041
1516
168725
38056
126362
1645
2050
37601
161006
31071
66554
5667
8635
14800
47
2538
92620
38260
92925
164875
25189
51279
21499
11937
65436
45216
3347
8346
22560
5147
26138
33089
11335
121469
18790
95
4072
57137
988
144837
44914
126309
70249
8068
149866
10160
2396
321
196264
244279
152094
41320
73385
33448
6614
2708
109223
13659
30522
43884
14777
57600
57044
26433
1509
121100
5612
189141
5016
18888
34739
16468
12208
72865
139822
27719
54400
59860
46214
154257
59159
33846
74449
189774
4894
109493
10529
64049
145232
14736
27617
33085
21209
4146
23847
109913
52703
56728
35714
24897
25322
105165
187425
33505
10438
166991
507
13258
46443
259467
92876
93303
51453
51950
45570
11873
874
22090
39433
28087
68997
186901
4512
4437
12729
32020
60548
70388
35912
138207
10470
37616
29334
461
42173
23869
78519
39986
29550
4465
2294
3729
98800
19761
29969
27268
82434
2570
54662
94836
149925
70289
23731
79010
44258
265014
61800
42867
1133
48093
125582
151070
17281
5107
9356
68100
20621
9619
14871
3783
57749
107983
79687
184940
13824
74800
34275
60325
26011
188104
17226
44447
218345
518
17921
59512
200878
33153
474
53461
50733
83186
5874
80885
36843
12723
38106
282
27562
2119
19988
1110
54223
81147
109535
23949
5359
8182
13898
356
61596
178734
26505
39494
1505
58914
40425
160818
31570
121399
44980
81685
6664
78810
61913
45732
60609
167465
32649
74307
206972
102665
44178
4307
28147
218740
15376
61855
4428
1904
23618
40570
102955
5244
26007
1781
78825
4082
1037
59962
3413
109620
930
24988
14650
48576
17497
249773
1776
85
25302
15786
87838
40791
66504
5408
43
786
185656
210102
167358
3225
47724
124
30911
98056
1332
19414
39631
42156
22547
23141
40141
1
204280
161121
29515
162780
50634
53718
39864
1762
128033
39253
31965
143006
29730
6377
163233
2623
66905
61026
47149
13627
7654
28154
80407
81656
65819
234442
39682
27895
2606
18653
52881
35403
48303
21080
39716
59199
43674
15086
43011
52605
4212
6067
14267
46267
189007
3175
74438
93565
204703
46873
35562
68141
8584
1435
58277
387
32717
210490
51430
77703
23811
166287
981
34978
9146
50037
35505
8960
6338
143511
57445
2638
5138
79782
151796
12426
31623
432
2509
30326
19595
64908
46238
51923
41387
177801
28164
76548
115494
36776
47171
6014
76733
62400
5814
37867
228062
20662
29672
32717
5203
53118
21718
7197
76062
20865
24760
223
9413
7659
93721
61288
37065
43720
108974
5927
29920
11987
55274
22340
48291
52485
2356
4330
60407
59834
163903
63787
95545
46350
6315
120461
135183
97
2333
166056
271
34709
188822
120793
220559
203926
2630
17524
157540
56281
41415
163021
31870
55189
1765
109732
10179
29118
80280
51346
186051
24491
12927
30178
33383
58594
5659
85560
4119
33797
28626
176544
3061
154391
33615
42057
23937
28841
46146
207402
15469
108046
2562
3205
4856
2229
52839
4928
49932
1203
50528
7201
74118
18986
11042
18511
35012
8854
30000
27261
155
25218
90517
45732
35129
30381
130905
6626
16863
51002
128071
155683
3013
6436
1711
278464
352
97816
98098
27650
10523
82366
25565
794
2982
12558
3359
7591
13202
79689
123773
2974
105457
53830
93543
28170
10597
15816
61360
31513
150053
12167
842
100455
41569
161515
8805
11432
160971
91265
35237
2204
20862
61763
10006
53065
558
54652
35302
24077
3406
61046
26512
73212
90260
25629
53348
143121
60976
41645
31840
19754
51925
127402
7902
33285
287040
3215
152423
63444
192188
95999
5431
41457
206891
18038
69634
167880
35266
68988
23472
101692
61758
8655
59699
55890
24324
212580
59122
26561
4884
134468
166568
130
166444
120158
8532
190318
35851
80293
34525
22424
25046
13602
6178
11393
1611
113084
101254
15506
144346
102193
48057
174365
8595
17142
1792
1646
2039
293721
152075
53327
30582
96662
148397
134059
68393
56791
50645
48610
187554
35642
208236
101687
21332
2386
57061
33528
6261
90558
79161
6065
60023
34361
62695
151247
6715
298959
9023
83378
56109
41372
11232
604
4014
38998
12387
7926
43574
8493
65630
7572
54453
4300
79206
12151
7106
62031
5622
57044
26000
295764
46435
19020
21733
8848
4849
30352
217035
23896
110818
19066
34559
112719
80593
11530
91282
105947
1835
35098
58215
40546
57
41718
926
37431
10169
167116
70899
181156
9329
26407
8730
2060
11300
101771
60570
26664
4588
2468
47214
85130
18487
75460
22055
12752
1764
11730
187841
1886
69654
3223
9286
32807
106997
54629
33234
125075
43671
58375
55966
37223
27641
204230
55387
5216
17743
5596
49852
1738
2013
40330
53957
20358
33222
81548
7649
43216
89185
8867
126562
28021
12468
25267
5947
5921
2887
93448
46454
39821
7126
2201
122757
194734
20369
2949
18478
39470
31721
57081
40927
47014
47620
126214
27846
235996
73328
36221
6774
57464
84315
162217
15575
8697
20080
42931
32437
46559
16723
446
19123
13247
4026
204784
62045
19179
15743
15937
1051
65306
13134
328
11019
1569
147364
3894
165987
1996
22144
221622
99198
113011
18291
166135
15962
1132
1742
164143
49890
38107
35201
100883
142622
5891
86574
36531
37322
11085
96996
108940
2721
26783
64908
7679
24976
28053
12685
200164
107528
10023
157364
4632
60698
141264
20741
44909
14576
46640
5004
2088
14297
82438
55648
41638
9422
59258
34988
86656
87286
18808
128635
23119
1461
5186
66584
5540
2200
2255
119332
18954
27088
14600
157752
25444
87656
10655
202428
3740
11319
156659
1521
51338
22542
21785
13745
14695
311101
4583
99332
105025
61180
36853
53524
119271
24497
15227
64118
48593
6247
69643
132
48358
935
49564
66079
4800
78295
193011
9278
154784
8601
1214
108069
12540
74430
42297
213973
459
10900
38693
89448
128097
9788
41699
710
132
8700
13511
44484
96568
35273
20031
25257
19043
75301
2704
37851
1944
249043
45972
722
76258
175112
10629
21961
127486
25462
31217
13292
96183
4540
121352
89499
178002
153929
178178
75633
51200
25803
47494
73393
132831
3530
119105
142745
52640
67974
42222
10374
121492
200418
114929
29998
1225
26904
98856
86578
46202
10715
7928
121011
16054
68738
92571
70627
98981
182546
3838
4616
4432
119801
97990
183568
27413
58076
45670
215499
175640
12825
121314
23757
189855
17025
28620
70393
93575
61241
16884
25645
4722
10799
9763
4471
54749
4864
55950
10074
145555
16791
55245
104519
6392
874
10149
5267
6669
835
77679
28914
41041
57877
1537
127310
48634
240
36012
3846
94255
113290
14539
159146
39903
75946
4011
20589
48120
27386
201956
18578
1530
66668
11511
67652
3440
39205
35534
52938
57587
24720
47228
14787
184372
29650
42833
3432
20485
205545
1913
4201
16396
15451
234108
34312
63374
88142
648
54570
83745
46679
115365
2449
127806
87672
20375
11756
50833
2930
45153
4967
112312
6705
1087
10549
6356
104274
17156
2483
98457
14885
185696
50260
33544
7240
132468
2030
45921
7352
166057
79349
143021
678
118030
20522
552
4671
129054
1002
178666
71224
116624
60074
62012
94107
34626
64429
3342
62161
31953
4810
21309
18979
69864
20501
19301
15666
128808
10570
38405
91978
16143
7638
27638
93712
27583
4120
10742
8771
13725
144309
25651
206086
166603
3778
3688
5788
37583
222267
39874
592
75723
4261
88976
4910
12295
70835
176039
10592
19825
13422
20201
14676
8270
47046
153945
25139
33038
46722
291
183829
21876
43061
173446
15
238707
14839
113408
130259
67791
94562
144110
122754
1011
53413
47833
4180
70929
133351
16651
39381
159527
111157
38179
1737
49642
7241
18610
73288
133653
81797
52537
42183
167385
63773
134438
21051
90159
10579
41565
82491
133221
85056
23045
55232
57831
74524
50050
50
78509
38470
180841
77984
31094
24401
158934
18908
45049
16319
8031
27679
158333
19998
15328
291432
120308
27328
103039
62115
2825
55435
39007
67479
27571
58787
141176
34388
82458
3412
2015
935
14197
33086
32647
28399
14371
993
20890
80239
301
70023
61777
51739
98150
6937
690
66022
54486
77850
79189
165353
85649
127168
5422
118525
23067
34363
29728
8627
21857
61636
37673
13975
270968
11840
27965
4624
31326
42952
17316
251402
15963
124722
2632
142519
160589
9224
44442
119491
47880
92687
78
617
5323
840
81457
10461
70935
1506
111846
68
47730
6917
5419
1171
10038
202381
74743
3762
34897
628
7996
53193
15027
121135
238997
3646
159909
155615
45091
180652
7094
38227
822
2549
76746
134834
101164
78023
23774
56697
7785
51244
9539
35719
6042
1826
57832
86511
123598
241796
39868
99016
327
47934
12585
229830
45470
39528
144043
3867
140779
3333
110692
90183
67638
25896
18174
100380
124059
60714
12235
22496
1411
63969
2472
161144
145159
197691
139143
12081
71638
13581
20170
58996
3427
5029
4428
30900
82636
24730
32172
561
2302
17961
35818
3274
5802
22512
47167
122571
40887
113369
82583
67223
15162
28358
37431
8899
11344
352
94418
118194
241
135274
56496
137640
155471
49078
29702
42774
70857
41184
31156
151899
269063
67153
60655
50049
95929
122
32523
114055
26534
24880
134550
235023
4155
240973
11153
125127
174762
7100
39439
107921
24968
105989
79439
19198
3185
22074
108938
147191
19846
39676
36369
59007
22809
41690
4630
81842
13013
17555
97283
4217
239190
777
811
15786
83851
128220
10748
33588
31024
121253
83397
2280
3810
10933
148353
44918
197111
18413
27627
36622
83723
68910
210816
700
89836
27555
29915
8756
138141
73329
4947
51840
73362
22763
181047
5973
75415
9497
75745
84842
238430
27651
32481
104416
3484
107703
79100
7665
1803
131678
20340
23503
64230
56293
152595
52875
35693
77492
91903
94546
53244
38547
218322
132763
8704
70698
4279
103596
40675
1578
5876
25420
115097
89860
38866
56997
52689
21762
13450
8699
145954
21412
7303
184698
14192
55743
13814
75107
4383
103973
53693
3026
7599
132847
93394
4780
14350
43734
11156
43000
6096
8300
42024
83014
2539
22757
155
62208
101681
9710
107421
2579
246921
5461
675
10559
20356
231172
16943
191859
9900
157169
66227
37209
108086
57560
11214
130
33032
16879
4856
227734
9046
44570
7691
153732
67672
3785
146142
37523
181367
10231
1547
11172
25423
5449
29062
11778
46750
2181
5251
969
33107
32675
152427
3886
103893
3850
32834
111965
4026
5371
5049
24871
83792
75280
10596
63493
83835
11959
11242
26208
20828
13178
69463
7744
60410
3862
33796
85121
100697
15118
53793
67903
109572
66141
4543
6259
146912
107801
36143
56812
71655
20037
22607
10902
100574
230513
1038
14190
45550
114992
10050
91169
143448
48425
573
130443
30057
6208
8300
76705
62919
67759
32215
174396
96204
15081
11311
8570
176784
2904
15422
9349
93414
209850
28502
7819
93438
109475
3020
100179
119941
620
139871
193105
21538
57741
38231
35729
28863
17019
95827
7441
272729
66265
160687
25782
53989
29320
47080
134786
848
16376
69939
115275
38034
28372
62190
18516
138132
93667
23481
238
174965
86623
46372
1304
83926
106922
12650
808
1683
53752
19290
11499
117946
14143
66
42217
175800
33364
14771
13894
29262
37459
34315
27656
149323
89051
12609
4875
1580
43687
136116
35880
2470
35017
146224
152875
61558
24923
48509
57756
13717
92150
36256
96011
4592
198744
5574
6899
143105
10970
40322
12729
15813
10353
13045
8320
167277
17961
247370
137417
111573
17737
114229
4709
1228
9719
77905
40949
56650
58887
10391
15420
183800
92286
35515
80626
5391
65202
173225
17766
61954
20790
49591
45515
13292
86908
14514
14949
30050
12865
34546
8296
8447
1327
171811
41727
8111
159612
244578
7218
24367
9117
178787
96951
36608
156723
54101
50027
43997
13939
112
5303
27049
84764
187682
243
41729
35408
54931
48064
162996
58441
160576
121546
3070
37724
1349
80780
66624
89203
518
51548
14306
36770
5387
71044
18171
228690
32072
193020
37337
2081
55228
13205
18240
7934
11153
1597
44186
35253
136692
9640
65102
55264
11644
109608
68754
53077
17997
4880
39177
49032
124267
60500
200579
8373
8991
93343
10585
104463
164104
7130
9251
2255
25270
148678
3332
73791
26321
5441
126303
2814
97444
12886
70480
66600
35335
3280
222600
199709
22625
19115
8588
590
6858
39801
1723
32243
3798
20517
21254
142343
49607
24626
30082
16406
108797
155864
29573
308
31539
113317
47202
19333
4065
90098
142590
38015
115803
9383
68508
224512
32578
25695
33632
32166
27921
910
63211
678
81393
3696
149283
122320
91520
127003
46342
24417
118215
42934
11424
6401
4201
83311
1835
32181
25333
172496
62532
21306
6830
3439
234535
85252
4118
14441
45686
27911
56105
31113
62721
3018
54154
127298
23611
36020
200509
164932
38
17512
14509
123158
71611
38164
44759
103765
10748
23872
9027
1672
56142
83858
19758
50101
27464
84824
1416
124128
11269
38831
7709
102174
16764
18843
28116
139730
43050
149741
26863
163636
8060
9134
76441
36546
22125
21830
52058
78325
105874
42735
869
2201
17759
1957
107267
6586
129168
4421
20333
8764
64867
2678
10084
122453
3237
26010
155194
6657
96153
2181
3360
68404
11556
47720
28752
156826
178110
99687
16521
85954
59011
7324
77762
66459
13765
4005
24135
10794
18054
93815
37946
30842
170704
943
77865
44103
25907
16989
22105
177491
3900
144569
168337
15857
64327
119833
1624
17277
54986
20920
54612
145769
25395
79198
356
57275
85531
1228
10395
47125
154929
6961
16031
79279
5488
14656
1813
81150
64306
73169
68465
73940
19572
72744
192560
2688
108938
130514
86694
9469
38622
173824
19768
17163
12095
12056
20658
11378
24707
23766
18243
68772
17873
5856
2317
32296
24317
4093
205275
6163
75960
92065
45009
104205
19218
11793
16433
55569
60821
45291
421
35835
4630
6218
123138
17224
134928
79024
80223
87667
23866
2633
33457
60629
12027
18714
7308
12645
145742
1293
46232
67309
1113
29401
65293
202386
48080
32772
44788
88363
37016
17972
8811
227209
53032
33094
471
41675
45054
43352
167939
45946
9125
147183
59441
19859
23361
20909
29262
5629
44745
21799
41551
150695
190274
163208
40094
24799
57209
11504
43614
184101
29356
311
35661
111513
37884
3231
132734
55443
89427
11658
230181
6030
3175
86770
101
9521
18241
174169
14081
4610
455
33470
64948
6614
35557
901
16933
21898
16268
8211
20294
217909
2643
4281
62968
1450
110236
13194
15986
135475
11941
12708
13204
60204
68286
58378
7048
89912
17904
9081
25910
30588
44926
9679
9996
19547
10412
47503
1364
1865
150349
3601
10219
115725
45487
190241
6191
972
1761
11952
71344
28122
61
114882
3882
125914
142989
61279
122509
137828
79226
122929
12358
91088
42671
190776
144835
13808
30366
13250
11297
73572
37737
196385
4538
48117
21424
14947
139846
115958
9043
113983
5652
2602
3775
9185
229700
13498
8252
12710
1394
17649
33633
223293
358
2843
118224
7028
1390
189637
12209
169560
181667
105107
35472
34526
46826
185330
45777
105156
106054
65529
11428
30969
40161
682
50118
119170
9298
13562
125226
59967
52342
48991
80137
98738
1211
25360
149688
156797
22329
93997
44183
22926
21212
6896
10346
17926
31091
35442
9469
195378
162311
1952
17114
170313
44768
53331
81368
13405
106214
110217
10961
12225
9174
60904
258800
116894
44803
136009
56408
209
70189
46654
2841
48026
42551
53053
138013
105387
98887
113770
6033
22240
57844
70465
90124
21598
57492
4456
7380
12660
39306
105855
98461
117762
17986
69770
5576
27518
119962
34575
63450
2199
71188
22361
3434
253818
122548
1931
206100
56940
42498
888
32263
92584
20971
1131
28134
25081
65832
28410
195792
6846
25237
93648
102250
71350
765
20227
99235
104679
37653
17685
9741
37466
2768
60042
496
10528
120172
18495
81325
15766
86374
43665
95763
61594
804
18723
42402
131072
3758
63535
69201
100605
3599
29357
29068
96208
72321
33642
7602
2099
138
34424
38232
911
27884
5008
38418
0
64480
36797
362
21077
12777
51800
49227
73
81776
53014
108100
46810
80251
22972
20330
14343
8729
1888
24387
56970
127703
86561
25393
15600
2709
118531
44716
241520
1018
15829
12304
40791
21554
141733
12869
88415
137092
82169
23880
32863
13776
15108
76323
52416
15578
23077
75137
116315
575
109386
13262
64862
30572
84750
168198
30701
59710
62074
13154
150631
57109
66660
47814
110822
29420
321
55923
17351
134926
62058
26532
93342
240070
4579
13888
9103
13912
35295
62186
1420
163179
164887
228572
146417
19046
29566
70133
8459
68244
224135
102777
227510
12357
90974
31045
35645
12774
599
15194
25054
19
42488
12069
23499
119480
2574
173722
45142
22734
73946
9142
37971
98101
1073
7040
15932
89532
45081
30278
39583
27053
19340
7031
68751
114831
90038
72114
51126
53249
1119
4879
6225
20807
2372
10372
50668
72691
49636
1570
25594
154417
24437
94105
49198
220843
131771
31183
59681
113972
81447
16448
187032
8587
242241
11346
38329
16693
103815
166920
178368
18131
30365
193559
193251
590
9544
212
175828
63190
63575
224765
1459
196403
40432
28737
123213
87703
26262
120928
15556
121831
222107
7125
13043
4241
74821
45375
86288
58761
76912
68584
141682
32146
26789
54220
1216
17762
28425
49764
46916
13981
156
105713
55478
20992
46438
2386
128640
97874
23198
14827
79846
76
859
37527
71525
47977
30332
68737
122652
20213
58297
99401
98105
33743
32019
3913
131565
7375
17389
4632
55049
41845
66557
2535
13206
184397
18704
29870
199462
32172
24867
90690
4379
12
79519
19027
67137
63586
14422
1282
13314
53153
6672
112130
67621
6511
64334
13182
50278
18795
19508
47739
44829
2325
175840
246223
2225
49133
84348
92666
84623
28626
11969
99673
51470
58929
24222
84446
12219
4000
47434
148
184108
16592
47702
65390
3063
53147
4401
33028
87372
18358
156146
42191
35597
208153
141529
13311
1054
101015
9703
96518
27154
8313
90952
77739
18979
179374
31427
232367
9016
12730
22027
5676
73656
29919
138995
250728
30114
47443
100370
2383
21842
123403
37314
62829
143652
101299
31057
97566
2292
15740
84299
55937
297773
133904
19417
109718
28638
58332
118169
5749
31943
30187
61326
46129
114424
58388
111022
45984
200617
113688
4385
76028
1455
57539
118410
21738
235949
537
14277
16731
9136
30304
91591
60508
3068
104675
34129
38175
5734
110498
81985
123491
23124
114337
37050
104186
36137
92245
216609
28773
2736
41702
2702
70607
30918
32441
53882
77030
42374
123166
24110
51893
224922
21410
17852
36632
26172
83853
78399
41127
18285
161345
36758
76933
112766
71376
75837
101908
27061
74999
62792
41960
11231
38884
43130
15940
94180
62358
236902
609
21243
161007
122628
48183
83527
144784
13641
211103
187192
32102
54198
153999
38913
59167
44739
9002
215461
13214
126476
469
36063
3229
67920
99780
49853
23866
11407
4639
57084
97820
21060
48551
202413
146018
383
1242
121210
4344
91476
14713
403
18582
44501
29390
24429
88579
132344
13884
22048
7810
7416
88162
157046
15196
140038
55256
6744
6430
11512
138389
44427
89828
6850
50541
29074
17006
148
24682
156743
79645
12094
30330
2088
30691
53
12009
15996
1788
157012
40947
5067
44651
9476
7044
19556
37451
84439
39953
86089
116608
31468
59327
93919
109128
13982
162480
30720
12512
67002
230189
116966
37484
1789
244569
19332
169524
13932
17223
94382
232
63037
118476
70675
21670
48498
48121
118405
658
22736
105453
80252
68294
12549
147719
2413
18300
3508
86203
45466
25685
42283
24262
124689
177019
17208
85912
20961
119349
59550
18640
21907
115850
154050
77245
263
25369
97662
19746
51576
2431
108292
40539
73910
139033
208583
5935
112075
3353
20250
8557
5587
130981
170081
14269
19523
28734
27765
30142
78145
7833
63134
8319
163048
159248
30439
17948
188782
7288
214168
6506
127691
23127
284020
46695
142273
24146
119854
28862
143636
29837
700
10832
3284
151392
140634
47828
5362
131518
47495
256169
21015
4543
19514
66065
36982
1333
43104
35170
251418
471
1454
161119
158189
154149
234037
72169
77048
188067
159515
2643
135874
136804
90654
79592
25732
60606
4922
29275
37401
22100
3490
6363
76674
19981
1341
4661
51289
185565
8357
8612
3055
29892
35145
4812
768
4866
107868
204471
32515
64884
126355
106714
23472
13101
94917
4144
13240
19919
73948
113619
105122
218075
177354
21960
15677
8683
95016
31383
59582
26699
75140
8239
2850
13649
37269
4472
107635
156556
17981
22923
13192
81391
69543
243679
5779
31512
7747
164273
16504
14059
27365
36479
16928
72194
547
4529
81875
113874
154785
77700
1152
7100
94845
91386
36189
8473
65306
111426
20610
180795
7057
4
77178
3694
204738
1358
7976
72289
69589
6705
33416
66564
3089
86536
100011
188410
3153
11535
15448
26526
100437
122984
55427
76390
286375
73635
104374
15195
115631
17542
8656
40281
51602
105840
24017
22052
1644
170274
126814
21673
129026
193884
20693
77285
5829
32564
1090
46122
101253
83666
3651
80503
19666
10919
28607
12529
9565
15009
21442
30119
55958
131204
31369
88722
34125
16383
91596
11945
121495
96892
70266
95254
1644
20605
45223
40693
1885
21941
27775
212
104244
1287
15754
4073
147014
97285
59825
10760
169084
155987
30426
9395
54115
120634
10328
26521
23063
46086
6135
74488
52095
384
221922
716
43725
184229
2294
2379
179679
3877
232750
35566
13226
14131
306229
17090
3039
13045
45141
32444
22759
34846
161900
50984
62159
35329
10370
52679
11163
35470
65520
49032
10258
86227
88449
35517
37718
966
26812
14101
201261
6935
906
9460
3866
55086
22107
166049
1939
40408
53192
17329
86782
19678
66267
5751
75958
30094
34514
4614
723
3977
55764
211572
51286
6514
105756
61450
124720
13152
103616
58777
175820
22400
217440
22107
58365
148168
29719
45845
9805
37796
25579
17061
836
1855
12937
12621
169461
139283
47344
48998
7932
1403
38274
211937
83543
26005
66673
54099
8262
29334
10224
74275
20772
200240
34861
84204
6497
235126
13842
3188
19892
97292
45785
3685
72532
65988
22816
17730
4034
65973
40198
216946
15885
242812
27682
244723
77290
169114
8470
4373
3798
8789
12883
24962
91995
20842
5970
6813
34683
112658
103328
120805
129265
4410
68170
137499
74776
39832
168564
75626
94683
17561
76869
28040
14904
44604
97284
205
82763
34771
11998
902
35478
187761
25417
107388
151659
31925
888
48506
4357
35379
174937
94950
88474
69
229641
195627
3993
26155
51990
1332
17898
54837
45608
6900
13315
65719
2623
158783
935
58335
14156
17078
210677
43976
25953
151793
46994
57632
143848
26962
98468
49972
63325
38793
112974
26716
32124
14650
4183
70707
92386
16401
4397
24710
45417
8600
173136
42495
12465
126951
12722
32
20739
2491
140067
8224
97238
49337
35085
68270
132325
38590
44453
14605
46186
8355
23985
71635
129744
73156
2922
10358
60396
7451
6749
15847
1157
24901
16030
10536
5807
12622
39000
30569
126270
9509
199879
90742
55444
47350
66476
9553
13783
56534
1456
10272
145564
14513
34869
7837
3185
88031
3706
1416
10997
36623
2753
79887
821
3655
22813
10413
83472
55848
3364
39413
121584
4312
23239
20378
80093
90735
237192
46378
57720
85099
17579
32657
1799
3489
4689
12436
33772
4438
49893
48443
38854
102851
33996
36607
1508
90294
24935
11121
4360
10191
4972
183592
33965
3817
5426
1787
60657
50787
117663
22637
14131
31295
19774
75098
22853
67901
149638
26865
11174
50677
1817
2416
72486
46265
11899
21799
9141
120
18940
40340
70385
24246
64227
163498
40862
161232
1574
46297
217077
50783
9807
49045
1445
86514
14449
70126
62912
123858
111609
87497
52704
89877
5109
11320
30241
151
146256
5004
61219
50154
6336
281014
82649
181776
110130
3747
123979
1890
43175
6888
36395
103259
99803
131620
917
31838
65084
6027
12689
2794
94308
84191
43856
3942
9163
135551
14864
13653
45684
103201
11814
108527
21260
116653
174119
32271
7359
5834
72174
32282
47123
181207
1391
2051
151509
84873
24783
8641
106169
58184
22008
3532
31600
53309
9628
3200
207258
91279
6805
98976
57745
39965
11857
11703
9695
29677
89812
32715
21776
22691
799
19525
49294
93954
190660
19155
130061
89108
144532
151196
11986
4169
2925
160889
109331
2673
9366
18232
26889
166622
123190
97325
357
32574
12720
43682
142101
208731
75397
2765
222527
13095
38978
18130
36357
14646
287552
47773
49675
43469
39514
88327
52390
14311
82086
15218
24027
48271
1657
797
63731
78637
109516
23521
73241
43442
41106
152420
9757
22013
75039
179060
215997
6183
2197
9722
103953
274165
15913
8950
80998
59391
11431
77870
94669
18245
94868
28786
52589
26037
30214
43542
2324
26156
24246
19700
32045
17779
6183
14367
23583
36302
26670
80120
14537
150510
6420
95804
2528
171888
78381
144512
51614
216207
96703
20849
30380
150479
140991
278777
753
19231
7313
19470
81861
79504
52055
32851
3724
67131
12202
20842
58660
217627
21996
6958
101228
48017
3191
104593
8884
6435
12595
105929
177189
15059
48657
16925
172813
4878
129340
163387
43767
15462
35848
78998
114745
30682
532
14755
24983
9604
648
63569
10203
162325
4334
4470
1843
39907
20041
14914
37620
90985
73306
216332
111807
37412
56633
21016
1419
15272
17485
18614
78949
43576
214186
887
8200
45095
2506
73779
129351
70272
111244
42414
25287
5511
21952
85118
58383
100261
21834
68271
25846
80792
25197
8654
15938
16421
988
86025
37806
20215
167693
27394
4168
152331
48111
3003
81095
49669
127104
75023
9613
26912
31007
69998
22344
180654
12070
23360
222479
42246
267295
10497
11798
33225
1873
9033
36093
308981
6988
17334
30151
48107
52952
48219
9631
42005
10159
36018
40982
7136
79591
5156
88189
35144
18125
4360
78279
25728
49096
87299
49439
107547
174018
18923
24940
140425
24207
59735
32319
45625
18307
35901
1203
3711
19161
8578
44782
36349
73778
263063
13392
6142
34010
37
21916
4745
72036
48144
98912
71776
70081
79051
49760
119770
16148
53214
83289
26602
26055
14321
4798
285626
13830
131927
1300
16115
46812
9237
8738
35895
189514
40775
102724
2765
48583
15386
36
57489
131145
57933
12217
37322
282844
12355
19766
55217
56114
27313
92112
19688
48371
31164
28732
197
38041
2493
5173
36382
59708
36923
126017
108656
198089
55152
74787
43713
111654
13284
113966
952
58043
11078
7445
50886
137083
99397
4915
239674
13588
10660
22722
54072
24623
11991
63790
92855
5077
63797
406
17889
80592
12065
76515
14884
7168
12694
135045
18005
124790
1194
74229
55885
11150
11487
59382
109757
193047
25788
1093
865
231072
19695
22298
17266
66805
23967
11075
23851
64956
55293
1172
48761
35573
4310
10908
63207
26309
3083
7322
1177
25715
59380
38323
59609
101109
179933
5466
4476
17024
32187
133348
21517
7262
16259
75318
138849
68071
22491
114
33584
691
32578
75642
46655
110636
47924
87168
22154
82466
26681
12689
54000
197384
1154
45910
38542
131751
572
27793
15610
257209
2293
118633
30383
13598
33455
27393
7355
27059
567
2162
20366
39155
4048
30210
8940
29155
26756
132675
4493
2383
6486
986
9702
108473
100456
20523
61088
1203
4420
224814
48108
2826
95120
10454
55385
42242
57909
55971
21027
5897
13085
76032
129620
33414
79151
4034
199777
61757
80605
7435
23460
3677
87259
4274
8176
44586
142203
9292
31222
10780
2325
32301
15963
10225
61587
101714
173719
100311
91082
74196
16942
69017
12250
14992
40719
22406
54043
27426
171193
29340
71883
54091
47680
140945
53508
15848
40621
63033
65147
1080
106353
28250
92523
31689
81966
159817
28524
23121
990
1707
9863
59399
26884
23386
13100
2672
30878
11451
71282
14330
39165
169596
166781
74892
67765
17488
3323
233831
192678
16642
2165
11693
16515
203868
4532
14482
35441
9655
69406
21997
213676
3815
13304
28270
29824
782
115918
43258
56346
61260
912
2377
329
12254
1241
14775
28555
27699
39630
75537
173796
223328
37474
14103
44088
4037
41800
34088
43155
5097
115237
102572
5029
19208
151168
111831
698
86063
21531
91431
59218
2327
42370
14254
51403
19112
59811
16245
2561
39614
4808
9449
11257
11099
32446
73123
84571
15993
181010
17469
28188
30902
42054
9872
3760
29627
248568
75192
71522
193239
95496
13011
172159
18031
136960
82442
76165
59953
82364
5449
1429
40910
37941
225742
72028
8029
52426
38200
9462
143653
20014
2452
29805
9537
47157
27340
24783
12091
107128
78085
46724
49042
3790
80447
55710
110706
111727
27481
1828
63210
3396
4548
27396
33376
11235
169976
9585
37129
130760
87035
128662
119618
4063
188365
54041
32870
31184
12120
15185
117293
71170
60231
3001
211572
83459
113843
116170
83163
38667
89013
232034
222313
24277
21287
205772
33292
40848
8290
60681
9272
114623
8144
23726
47375
3194
18570
7275
167769
4964
3091
54192
3748
66820
13102
857
61081
8830
2776
218258
12921
14847
30130
83077
77886
217898
5679
4083
14390
97960
89720
77001
31785
34183
838
768
68965
3159
27327
5910
88749
147755
63421
12369
81543
149167
48534
32920
22255
78989
91066
6068
147584
76912
1775
102704
93551
4748
206942
67295
151776
189287
159940
154914
66276
2192
49652
43051
20680
72609
1063
3292
9200
119506
20214
94294
24238
70531
24935
31737
6546
30231
232108
130768
79594
87698
1588
119613
50828
79803
48848
165573
88229
35834
46175
43531
3537
79012
277644
190001
47318
96879
12780
48838
3001
119127
29560
101287
40670
37923
4110
138759
5555
17402
596
86766
58199
22411
201665
794
9943
105534
74073
11076
1002
49798
142867
21495
75093
39299
61801
139216
13628
47816
36395
42279
27796
103132
2500
3358
69744
79430
3875
130832
11674
32601
180977
32656
320
196498
44212
27039
45000
112610
175680
24041
26441
33760
8662
15778
34789
26335
125853
28343
72025
11714
7901
89063
17760
20402
20330
180490
2375
112255
5811
14718
64621
89050
72876
12693
51352
49012
79326
37003
18634
52592
73995
50303
12779
23709
74218
9785
6800
4150
8871
228864
26743
148069
2757
251578
3230
9586
53528
282859
54026
57138
16818
67208
15684
67357
3519
111246
34774
23248
31493
4011
9478
188875
5387
148885
122658
58136
3451
35559
2658
6286
268615
67302
47064
48514
10192
25628
1774
11716
77462
27769
7394
230134
130062
102761
630
104690
198346
18439
19752
6727
191065
212550
71884
66321
15548
10288
121627
43633
47942
18930
40319
19850
46321
81439
721
167417
48820
5632
24424
22483
50251
24451
553
80518
81305
164907
77678
4387
86210
22630
175128
1388
6554
5563
199223
2122
98865
2141
10443
19429
5162
88514
30478
189832
65972
243910
31979
44199
21911
93643
222
73102
11891
105668
11314
166629
206710
85595
71920
16393
116836
10132
23440
34864
10624
51124
125688
9060
10911
23261
33068
3328
101387
49468
130040
40417
17656
76349
17728
21197
103200
187249
4934
121874
117875
61520
91878
25263
210927
244915
1059
32684
139017
100024
143380
72567
5028
12448
9931
7682
14280
22355
38658
40760
74919
94068
11466
123481
15159
9848
298536
35499
53682
6343
80160
24871
9212
37410
596
14651
82351
15011
8422
10611
29439
1110
3925
8480
2132
79289
77255
15219
116844
6480
44787
7444
97658
66759
24028
52803
25320
35854
60904
515
5035
1235
68489
41154
15176
303661
36341
101973
41828
108864
18559
150049
2795
9661
11232
13565
23205
72806
2833
22544
165575
54098
68223
72039
235903
126029
84819
171160
113480
38130
48948
11338
34578
11131
45132
186876
58529
3383
2610
15325
129979
64521
93937
24058
19395
81233
35995
134197
3640
3264
43872
242964
13257
144256
100369
77798
165206
40780
91856
19588
95036
73987
1366
269613
235481
24382
64819
1088
3762
22060
22413
16149
201900
32141
93780
146283
36889
20595
116240
61750
52365
72404
25826
4254
97617
1794
45712
11660
124486
27825
65264
192218
22630
87851
16052
11199
104913
31313
97328
159561
58728
94520
117027
55741
11529
38733
6510
7972
10475
80754
12300
237723
49780
67924
43774
122075
21508
173296
430
2166
198273
8676
81060
32548
7029
426
301498
24147
5093
81573
20600
25843
63256
113480
80061
171385
25168
30035
7740
54422
18919
28145
114482
8401
120211
93496
86369
19577
3033
72177
2703
69596
2799
192075
31652
86690
12310
21139
16362
74353
28240
172758
1809
21684
115665
1627
25143
82880
3960
2898
1531
22847
121271
228147
9836
1263
42829
109143
89027
26226
