346284
346215
346265
346214
346208
346214
346257
346264
346233
346249
346212
346248
346208
346257
346208
346262
346301
346344
346208
346203
346217
346217
346211
346293
346320
346221
346211
346218
346195
346299
346265
346233
346208
346235
346245
346303
346259
346277
346194
346219
346212
346254
346267
346200
346356
346264
346218
346332
346268
346211
346264
346208
346285
346266
346319
346221
346211
346250
346218
346261
346195
346209
346268
346245
346245
346356
346246
346334
346208
346233
346257
346303
346218
346261
346212
346252
346249
346264
346265
346284
346247
346195
346291
346226
346209
346212
346281
346265
346243
346245
346269
346209
346236
346281
346284
346245
346241
346245
346245
346312
346195
346309
346204
346210
346195
346332
346212
346219
346195
346220
346271
346285
346235
346284
346211
346332
346233
346226
346211
346238
346290
346210
346285
346284
346212
346216
346211
346290
346337
346266
346253
346252
346215
346265
346252
346236
346212
346221
346285
346197
346215
346311
346250
346214
346211
346210
346246
346249
346214
346215
346318
346265
346332
346202
346233
346211
346332
346261
346248
346248
346250
346211
346250
346226
346216
346260
346266
346248
346216
346202
346264
346195
346250
346208
346253
346281
346204
346211
346233
346212
346309
346249
346245
346351
346320
346217
346271
346214
346267
346215
346212
346324
346212
346269
346252
346208
346195
346195
346264
346284
346202
346321
346275
346195
346265
346211
346304
346253
346286
346261
346267
346265
346195
346215
346266
346241
346226
346233
346271
346245
346202
346212
346195
346200
346233
346290
346233
346214
346299
346268
346197
346202
346320
346212
346271
346218
346344
346293
346336
346233
346265
346257
346195
346336
346286
346202
346197
346253
346227
346221
346269
346326
346195
346305
346211
346219
346204
346233
346211
346261
346275
346210
346195
346257
346267
346267
346265
346252
346214
346219
346294
346221
346230
346284
346212
346281
346332
346195
346229
346245
346252
346265
346249
346208
346211
346219
346236
346264
346284
346271
346262
346264
346211
346195
346216
346215
346294
346268
346211
346210
346271
346218
346203
346211
346209
346226
346281
346212
346255
346267
346200
346267
346203
346249
346245
346344
346248
346321
346204
346246
346249
346307
346195
346211
346332
346285
346316
346229
346211
346195
346215
346266
346226
346197
346261
346195
346265
346321
346264
346323
346236
346218
346195
346233
346247
346227
346233
346204
346264
346268
346320
346285
346280
346212
346346
346257
346256
346224
346252
346265
346195
346307
346253
346253
346218
346216
346202
346265
346226
346265
346217
346195
346257
346221
346265
346359
346344
346212
346257
346236
346257
346211
346212
346202
346246
346257
346283
346284
346195
346316
346236
346257
346215
346208
346211
346245
346236
346212
346233
346214
346281
346224
346265
346211
346290
346320
346304
346264
346208
346261
346343
346245
346336
346216
346265
346211
346212
346248
346208
346211
346257
346236
346206
346319
346218
346353
346264
346265
346195
346252
346210
346241
346214
346344
346214
346245
346217
346265
346200
346320
346195
346264
346286
346214
346271
346245
346265
346249
346304
346284
346211
346250
346221
346211
346269
346320
346335
346218
346206
346332
346304
346254
346218
346246
346248
346219
346332
346250
346264
346265
346208
346299
346218
346284
346356
346218
346249
346271
346320
346211
346195
346332
346265
346226
346256
346202
346195
346241
346264
346221
346202
346248
346221
346351
346241
346202
346281
346245
346217
346250
346202
346248
346233
346197
346204
346211
346284
346253
346226
346252
346265
346245
346257
346284
346284
346245
346226
346236
346202
346284
346211
346303
346265
346211
346211
346351
346249
346226
346284
346211
346212
346208
346214
346224
346290
346250
346351
346212
346208
346261
346277
346321
346271
346236
346211
346285
346224
346214
346195
346204
346248
346288
346337
346212
346245
346208
346265
346219
346211
346197
346292
346245
346209
346226
346226
346265
346291
346322
346208
346195
346212
346241
346288
346216
346235
346236
346257
346308
346241
346254
346246
346241
346249
346290
346299
346208
346256
346211
346265
346212
346215
346226
346257
346210
346197
346307
346204
346267
346217
346215
346208
346208
346335
346247
346208
346260
346233
346241
346246
346241
346284
346303
346214
346217
346271
346264
346212
346316
346253
346247
346245
346226
346241
346332
346228
346216
346236
346304
346253
346195
346253
346208
346195
346250
346265
346293
346257
346236
346351
346320
346284
346226
346264
346343
346211
346195
346226
346250
346311
346226
346249
346332
346293
346195
346264
346197
346286
346253
346211
346329
346250
346264
346257
346250
346252
346290
346215
346337
346326
346260
346340
346284
346352
346203
346265
346216
346267
346245
346321
346236
346216
346269
346195
346271
346210
346311
346245
346221
346215
346211
346285
346212
346211
346214
346284
346211
346279
346195
346337
346304
346208
346268
346261
346248
346204
346246
346211
346265
346286
346337
346265
346248
346212
346299
346211
346264
346208
346214
346307
346344
346233
346281
346216
346221
346208
346304
346353
346334
346217
346264
346265
346204
346266
346267
346265
346195
346252
346195
346268
346249
346308
346235
346211
346265
346208
346195
346248
346311
346204
346271
346241
346265
346243
346247
346195
346233
346250
346211
346261
346252
346214
346271
346265
346252
346281
346202
346245
346277
346236
346257
346264
346267
346299
346208
346264
346214
346271
346332
346211
346215
346299
346265
346211
346265
346212
346195
346195
346202
346211
346214
346253
346195
346212
346301
346294
346303
346294
346268
346267
346265
346208
346261
346252
346264
346211
346314
346265
346195
346253
346351
346265
346359
346269
346265
346247
346264
346304
346248
346265
346245
346208
346264
346215
346322
346226
346195
346248
346337
346359
346212
346266
346212
346265
346359
346271
346211
346266
346211
346246
346218
346241
346314
346211
346294
346249
346204
346252
346271
346212
346259
346197
346212
346208
346246
346252
346221
346214
346279
346245
346233
346273
346241
346212
346219
346256
346211
346304
346265
346326
346277
346265
346324
346265
346354
346212
346204
346250
346250
346290
346265
346241
346248
346248
346245
346219
346236
346307
346283
346195
346211
346208
346210
346212
346320
346248
346236
346293
346332
346211
346205
346283
346195
346226
346214
346211
346195
346311
346243
346252
346219
346226
346265
346221
346299
346200
346290
346234
346245
346208
346233
346218
346265
346214
346265
346304
346264
346233
346245
346319
346299
346221
346267
346265
346284
346212
346195
346214
346219
346284
346212
346308
346206
346257
346235
346204
346284
346210
346245
346250
346216
346265
346265
346212
346235
346211
346208
346286
346197
346202
346308
346284
346281
346252
346246
346248
346241
346236
346254
346290
346260
346362
346208
346226
346208
346265
346195
346245
346195
346265
346335
346241
346327
346236
346268
346221
346303
346284
346286
346257
346210
346226
346265
346344
346208
346254
346274
346271
346276
346252
346281
346216
346214
346204
346241
346214
346208
346369
346218
346266
346265
346214
346245
346215
346202
346271
346211
346284
346208
346233
346312
346216
346230
346246
346212
346245
346271
346257
346241
346219
346211
346286
346317
346241
346337
346211
346312
346224
346221
346265
346233
346250
346241
346265
346264
346265
346267
346256
346329
346212
346264
346284
346286
346233
346266
346218
346245
346268
346211
346226
346303
346260
346246
346296
346284
346265
346208
346271
346284
346335
346241
346211
346332
346214
346245
346246
346253
346303
346249
346226
346267
346267
346249
346233
346257
346359
346265
346195
346320
346281
346212
346348
346336
346257
346204
346284
346269
346293
346233
346195
346293
346320
346266
346250
346214
346248
346233
346264
346320
346248
346256
346303
346250
346320
346218
346332
346271
346264
346211
346241
346245
346206
346219
346214
346208
346265
346279
346215
346254
346222
346211
346245
346221
346248
346299
346218
346308
346257
346236
346253
346284
346281
346248
346255
346359
346320
346359
346293
346215
346233
346271
346284
346250
346264
346234
346226
346211
346285
346321
346241
346264
346358
346211
346215
346348
346250
346208
346245
346211
346215
346211
346215
346299
346230
346233
346233
346208
346225
346211
346319
346264
346281
346224
346304
346211
346336
346304
346355
346245
346236
346233
346337
346267
346212
346265
346324
346204
346220
346211
346250
346265
346268
346293
346211
346212
346241
346281
346265
346245
346218
346284
346245
346312
346303
346237
346338
346265
346195
346264
346233
346351
346233
346248
346356
346211
346284
346252
346253
346233
346261
346214
346256
346265
346269
346204
346213
346245
346265
346290
346226
346211
346235
346245
346226
346250
346212
346336
346293
346202
346218
346211
346214
346202
346211
346211
346211
346269
346211
346202
346284
346209
346283
346208
346208
346294
346249
346200
346320
346285
346214
346211
346281
346269
346281
346212
346308
346253
346304
346245
346271
346284
346284
346214
346271
346252
346265
346264
346254
346284
346212
346332
346263
346204
346253
346344
346208
346233
346293
346236
346211
346293
346285
346284
346305
346215
346195
346250
346326
346248
346235
346304
346246
346284
346345
346236
346264
346312
346233
346299
346333
346211
346214
346248
346266
346245
346224
346252
346211
346333
346321
346221
346248
346265
346257
346233
346202
346220
346216
346250
346284
346226
346290
346265
346219
346247
346304
346247
346210
346323
346211
346208
346236
346211
346208
346252
346208
346208
346290
346206
346212
346283
346248
346245
346289
346195
346216
346195
346212
346332
346211
346266
346226
346253
346268
346299
346345
346303
346336
346336
346319
346197
346248
346218
346253
346256
346214
346233
346233
346212
346233
346216
346284
346250
346293
346343
346259
346308
346361
346221
346265
346271
346268
346208
346308
346214
346211
346304
346284
346221
346214
346265
346211
346208
346218
346267
346261
346284
346241
346267
346261
346250
346284
346233
346195
346241
346265
346249
346286
346363
346241
346228
346241
346281
346265
346214
346215
346284
346264
346266
346247
346286
346211
346208
346265
346249
346332
346215
346211
346250
346210
346319
346241
346231
346233
346203
346218
346211
346212
346218
346320
346241
346284
346269
346293
346256
346202
346211
346284
346218
346215
346290
346233
346284
346271
346210
346257
346211
346241
346215
346236
346212
346211
346267
346320
346238
346322
346258
346266
346312
346212
346320
346293
346303
346269
346252
346284
346216
346248
346241
346226
346214
346250
346214
346212
346214
346246
346211
346265
346238
346211
346252
346326
346250
346289
346241
346259
346337
346268
346267
346281
346226
346321
346252
346202
346236
346241
346241
346265
346235
346211
346202
346212
346256
346252
346233
346215
346248
346233
346208
346197
346211
346195
346249
346321
346331
346208
346299
346261
346281
346257
346261
346246
346266
346206
346320
346250
346265
346255
346241
346241
346195
346261
346256
346215
346315
346304
346212
346218
346260
346303
346233
346246
346269
346245
346360
346195
346211
346215
346215
346250
346207
346299
346197
346236
346265
346326
346208
346271
346285
346229
346212
346238
346266
346368
346202
346284
346211
346248
346215
346253
346344
346359
346319
346211
346206
346243
346220
346230
346253
346214
346241
346241
346265
346216
346212
346248
346236
346212
346285
346261
346245
346241
346284
346249
346249
346316
346195
346265
346303
346197
346245
346317
346250
346214
346208
346294
346252
346233
346226
346256
346337
346233
346265
346308
346275
346211
346286
346233
346264
346211
346212
346262
346268
346334
346293
346211
346202
346245
346245
346215
346197
346248
346219
346249
346270
346252
346293
346265
346195
346212
346241
346304
346265
346248
346269
346195
346211
346226
346211
346337
346252
346247
346322
346268
346215
346264
346241
346214
346233
346216
346344
346220
346211
346245
346276
346214
346250
346246
346253
346241
346317
346219
346238
346293
346245
346195
346329
346226
346197
346208
346301
346293
346293
346247
346211
346233
346211
346265
346211
346211
346195
346245
346253
346212
346218
346345
346219
346216
346233
346358
346212
346214
346197
346265
346265
346264
346267
346284
346202
346195
346214
346215
346214
346195
346265
346305
346250
346250
346211
346265
346210
346281
346203
346265
346284
346284
346305
346254
346321
346241
346211
346252
346211
346303
346291
346265
346195
346324
346214
346212
346234
346253
346337
346208
346332
346348
346284
346311
346214
346265
346214
346317
346326
346248
346208
346348
346265
346233
346333
346226
346204
346359
346233
346212
346218
346247
346211
346214
346284
346294
346219
346204
346267
346210
346195
346237
346215
346284
346233
346216
346332
346271
346210
346346
346265
346215
346211
346195
346281
346284
346195
346284
346269
346265
346335
346233
346206
346303
346235
346299
346316
346195
346284
346284
346221
346214
346256
346249
346309
346340
346204
346215
346284
346212
346326
346208
346344
346241
346307
346305
346208
346233
346204
346195
346233
346294
346226
346208
346236
346211
346241
346236
346265
346264
346344
346213
346370
346195
346247
346214
346202
346249
346209
346257
346245
346195
346217
346324
346319
346308
346216
346212
346211
346351
346264
346252
346360
346212
346245
346304
346265
346204
346263
346221
346320
346221
346265
346267
346195
346195
346337
346299
346246
346348
346212
346249
346208
346259
346220
346265
346204
346202
346320
346208
346208
346324
346265
346245
346197
346195
346284
346265
346293
346299
346309
346249
346195
346212
346215
346211
346212
346233
346273
346211
346234
346232
346248
346284
346233
346355
346264
346337
346255
346290
346303
346212
346226
346202
346284
346215
346247
346204
346215
346332
346215
346211
346255
346245
346291
346336
346248
346320
346284
346261
346211
346246
346248
346211
346268
346261
346241
346254
346241
346195
346195
346257
346267
346253
346351
346265
346304
346197
346293
346265
346218
346271
346308
346217
346257
346204
346265
346267
346269
346294
346257
346299
346290
346257
346204
346245
346203
346271
346332
346233
346216
346248
346249
346215
346248
346304
346250
346265
346248
346226
346198
346249
346299
346249
346208
346303
346221
346271
346245
346211
346275
346219
346320
346265
346210
346294
346284
346271
346212
346241
346208
346284
346221
346257
346264
346212
346299
346212
346202
346221
346265
346212
346254
346337
346233
346219
346296
346208
346257
346241
346245
346226
346320
346211
346249
346210
346281
346366
346312
346195
346227
346241
346249
346284
346212
346358
346248
346226
346284
346212
346204
346247
346296
346212
346241
346268
346285
346250
346248
346281
346303
346250
346254
346195
346195
346284
346266
346291
346195
346229
346208
346293
346211
346321
346236
346308
346201
346290
346267
346204
346303
346329
346261
346248
346206
346233
346203
346208
346257
346215
346195
346195
346334
346195
346211
346215
346231
346202
346215
346303
346258
346269
346265
346212
346319
346266
346233
346362
346246
346285
346226
346215
346211
346202
346214
346212
346303
346218
346245
346293
346265
346320
346281
346255
346215
346219
346195
346271
346284
346221
346245
346285
346287
346241
346215
346264
346212
346359
346264
346253
346264
346208
346195
346226
346219
346265
346339
346321
346212
346360
346204
346214
346247
346248
346265
346265
346265
346219
346248
346263
346259
346241
346208
346271
346237
346215
346211
346211
346216
346249
346290
346256
346211
346238
346291
346211
346218
346235
346226
346246
346257
346195
346320
346195
346195
346250
346212
346356
346255
346243
346249
346250
346265
346284
346245
346215
346261
346248
346197
346222
346285
346252
346208
346248
346211
346307
346233
346212
346267
346226
346235
346214
346202
346241
346241
346249
346261
346195
346211
346269
346299
346265
346233
346263
346214
346214
346226
346243
346212
346369
346211
346208
346195
346286
346211
346216
346218
346212
346275
346216
346264
346210
346265
346359
346208
346284
346257
346246
346221
346233
346202
346264
346303
346233
346331
346250
346211
346211
346195
346304
346241
346195
346215
346202
346252
346252
346208
346228
346265
346252
346253
346285
346264
346303
346212
346208
346266
346211
346316
346211
346249
346265
346271
346311
346247
346250
346250
346241
346271
346233
346216
346263
346202
346227
346248
346211
346265
346248
346264
346266
346319
346261
346322
346266
346284
346211
346248
346235
346236
346204
346219
346233
346211
346226
346265
346212
346211
346250
346197
346329
346290
346216
346238
346219
346225
346226
346265
346195
346195
346319
346322
346284
346211
346252
346236
346233
346264
346211
346265
346212
346211
346254
346219
346226
346271
346236
346268
346284
346265
346226
346284
346212
346267
346271
346212
346337
346195
346275
346368
346252
346281
346247
346257
346253
346203
346204
346211
346265
346216
346244
346211
346233
346252
346214
346294
346299
346211
346226
346225
346233
346245
346232
346261
346308
346214
346211
346335
346212
346226
346322
346211
346230
346265
346248
346303
346247
346269
346221
346265
346195
346215
346211
346208
346214
346250
346208
346241
346211
346293
346211
346235
346211
346241
346248
346320
346211
346265
346221
346241
346211
346208
346264
346233
346241
346307
346267
346226
346250
346284
346347
346211
346219
346264
346309
346344
346257
346264
346271
346195
346208
346271
346218
346226
346286
346312
346214
346247
346253
346320
346264
346332
346219
346248
346212
346241
346215
346208
346224
346212
346211
346237
346214
346211
346329
346195
346281
346285
346293
346291
346211
346203
346309
346226
346284
346202
346257
346284
346243
346267
346233
346212
346346
346215
346284
346233
346236
346248
346324
346250
346208
346211
346216
346211
346281
346290
346284
346241
346238
346211
346271
346265
346363
346253
346219
346250
346211
346344
346212
346245
346256
346241
346211
346236
346265
346265
346212
346320
346252
346224
346320
346305
346214
346217
346235
346214
346273
346266
346220
346246
346324
346208
346265
346208
346212
346195
346262
346284
346218
346195
346290
346286
346255
346195
346208
346286
346265
346337
346264
346307
346246
346211
346215
346219
346250
346219
346245
346214
346304
346322
346226
346214
346329
346208
346246
346265
346236
346233
346261
346204
346281
346252
346212
346214
346303
346215
346286
346215
346214
346241
346264
346252
346245
346264
346245
346248
346212
346233
346321
346217
346218
346204
346219
346212
346251
346212
346245
346233
346261
346208
346252
346284
346252
346250
346248
346253
346226
346253
346246
346204
346218
346303
346221
346265
346219
346204
346256
346267
346359
346209
346271
346195
346265
346214
346204
346250
346233
346195
346246
346269
346238
346211
346214
346307
346211
346233
346245
346214
346245
346281
346269
346197
346212
346249
346215
346248
346220
346211
346209
346254
346210
346271
346236
346252
346215
346200
346204
346271
346252
346248
346301
346269
346291
346204
346305
346285
346248
346332
346218
346208
346211
346212
346266
346248
346284
346214
346248
346284
346217
346210
346208
346221
346229
346311
346293
346253
346265
346254
346212
346320
346265
346214
346241
346308
346241
346283
346218
346249
346211
346266
346265
346248
346286
346269
346203
346216
346245
346215
346266
346286
346249
346265
346195
346257
346320
346269
346248
346211
346208
346241
346286
346261
346304
346214
346248
346212
346215
346273
346269
346243
346204
346250
346304
346236
346238
346266
346332
346265
346204
346233
346319
346221
346293
346205
346321
346265
346252
346321
346233
346332
346212
346269
346303
346320
346271
346203
346336
346211
346308
346359
346359
346250
346271
346304
346251
346211
346228
346343
346355
346248
346365
346319
346265
346250
346249
346195
346226
346211
346248
346261
346319
346204
346212
346202
346265
346233
346240
346269
346208
346290
346226
346332
346221
346214
346211
346257
346322
346254
346252
346304
346226
346210
346204
346257
346211
346214
346236
346269
346215
346216
346249
346247
346202
346211
346271
346248
346214
346206
346247
346284
346281
346265
346212
346257
346246
346245
346293
346211
346266
346211
346246
346216
346265
346220
346265
346284
346304
346265
346271
346335
346214
346271
346293
346266
346216
346235
346195
346265
346305
346255
346208
346216
346219
346265
346247
346241
346284
346266
346268
346243
346208
346265
346195
346248
346208
346236
346265
346212
346324
346264
346233
346313
346218
346269
346211
346320
346249
346226
346265
346265
346248
346337
346303
346267
346250
346233
346284
346241
346337
346307
346226
346304
346290
346252
346263
346241
346218
346212
346245
346211
346320
346226
346257
346218
346326
346332
346284
346218
346216
346211
346332
346210
346250
346284
346304
346211
346284
346277
346211
346195
346220
346241
346265
346229
346208
346265
346212
346235
346233
346202
346305
346245
346320
346252
346212
346228
346211
346253
346241
346246
346245
346245
346245
346206
346299
346208
346277
346211
346322
346233
346208
346214
346256
346219
346211
346219
346257
346245
346213
346214
346195
346271
346216
346233
346247
346250
346248
346285
346252
346219
346226
346265
346256
346234
346241
346211
346299
346248
346264
346265
346214
346211
346265
346248
346204
346332
346305
346262
346252
346267
346252
346226
346226
346261
346250
346266
346277
346196
346219
346316
346208
346226
346214
346246
346253
346254
346248
346245
346241
346202
346208
346226
346257
346265
346247
346290
346250
346218
346215
346271
346265
346303
346265
346248
346195
346246
346195
346266
346218
346221
346312
346226
346218
346233
346231
346210
346311
346211
346308
346261
346351
346221
346221
346211
346224
346320
346253
346265
346214
346284
346222
346252
346211
346284
346245
346211
346211
346265
346254
346212
346211
346211
346208
346226
346212
346253
346245
346214
346247
346277
346214
346265
346236
346233
346299
346264
346214
346233
346245
346195
346337
346235
346250
346247
346271
346299
346236
346200
346245
346337
346258
346241
346341
346269
346211
346264
346221
346265
346284
346337
346294
346248
346269
346215
346208
346271
346293
346293
346266
346202
346212
346226
346356
346249
346320
346245
346261
346332
346233
346255
346198
346267
346335
346214
346284
346305
346353
346245
346265
346291
346204
346195
346318
346198
346202
346245
346340
346252
346307
346219
346249
346245
346233
346257
346203
346211
346320
346303
346246
346241
346299
346261
346250
346269
346357
346307
346212
346289
346284
346249
346284
346281
346252
346247
346210
346246
346233
346320
346235
346233
346208
346204
346202
346264
346195
346216
346246
346265
346252
346258
346252
346214
346267
346246
346210
346226
346253
346211
346219
346226
346238
346204
346265
346265
346344
346208
346245
346245
346236
346265
346217
346214
346211
346265
346209
346202
346266
346232
346195
346208
346221
346210
346250
346265
346241
346195
346241
346226
346203
346226
346265
346265
346211
346284
346319
346212
346253
346195
346236
346211
346216
346228
346195
346265
346204
346210
346202
346267
346243
346219
346312
346293
346212
346221
346265
346267
346311
346261
346253
346202
346226
346212
346233
346250
346284
346336
346241
346257
346208
346294
346304
346208
346265
346202
346248
346304
346250
346195
346265
346211
346289
346208
346332
346285
346265
346256
346257
346265
346250
346208
346215
346221
346281
346206
346195
346215
346265
346215
346284
346250
346281
346284
346226
346247
346286
346233
346211
346219
346264
346219
346233
346225
346308
346212
346236
346247
346269
346304
346256
346241
346222
346284
346255
346241
346212
346268
346265
346250
346252
346324
346202
346212
346226
346247
346284
346337
346226
346241
346294
346202
346195
346257
346320
346284
346211
346260
346202
346288
346305
346252
346226
346233
346264
346256
346214
346214
346195
346241
346332
346265
346281
346265
346265
346218
346203
346211
346264
346262
346241
346284
346344
346267
346268
346320
346265
346249
346281
346284
346211
346214
346208
346253
346198
346236
346241
346285
346221
346195
346204
346351
346317
346236
346208
346281
346269
346195
346265
346233
346304
346209
346284
346257
346241
346226
346241
346284
346245
346202
346212
346266
346249
346265
346307
346221
346241
346311
346211
346224
346248
346261
346269
346265
346210
346337
346307
346311
346266
346197
346233
346233
346332
346253
346252
346237
346264
346247
346215
346214
346263
346232
346248
346293
346233
346256
346214
346267
346265
346267
346265
346245
346332
346226
346303
346217
346265
346211
346310
346217
346264
346253
346336
346284
346284
346258
346243
346226
346245
346215
346284
346286
346195
346336
346217
346211
346249
346322
346257
346211
346248
346215
346241
346208
346216
346195
346293
346208
346212
346211
346241
346265
346202
346220
346264
346277
346326
346233
346259
346195
346226
346211
346211
346253
346322
346303
346250
346211
346212
346208
346195
346257
346211
346235
346236
346251
346264
346344
346248
346321
346271
346286
346220
346215
346333
346241
346211
346359
346216
346246
346269
346245
346210
346229
346367
346195
346212
346253
346304
346284
346212
346208
346333
346241
346219
346248
346355
346265
346265
346195
346215
346195
346305
346226
346291
346284
346304
346265
346275
346261
346216
346205
346195
346233
346214
346225
346233
346214
346214
346208
346218
346250
346284
346226
346236
346249
346211
346247
346208
346303
346253
346241
346322
346212
346266
346247
346284
346248
346293
346211
346211
346220
346321
346284
346204
346282
346252
346211
346327
346266
346281
346327
346233
346233
346277
346281
346301
346226
346245
346267
346212
346320
346332
346208
346316
346269
346284
346249
346248
346208
346233
346261
346265
346214
346265
346271
346211
346219
346246
346245
346284
346246
346212
346208
346211
346284
346233
346293
346219
346284
346233
346202
346211
346212
346322
346219
346195
346236
346215
346212
346281
346285
346245
346215
346332
346198
346241
346253
346316
346202
346329
346218
346250
346211
346226
346208
346213
346271
346232
346245
346214
346215
346264
346319
346245
346252
346211
346303
346266
346249
346265
346277
346305
346233
346265
346277
346216
346319
346269
346236
346247
346261
346218
346211
346226
346265
346248
346320
346256
346266
346195
346211
346264
346265
346245
346211
346195
346229
346299
346208
346277
346299
346208
346348
346264
346355
346195
346221
346233
346246
346247
346304
346261
346208
346241
346212
346277
346261
346254
346208
346290
346265
346211
346271
346195
346244
346249
346211
346215
346241
346256
346289
346254
346265
346211
346208
346233
346233
346195
346260
346249
346326
346211
346208
346241
346208
346284
346337
346332
346195
346303
346257
346359
346204
346195
346284
346226
346247
346204
346281
346208
346211
346250
346233
346195
346286
346303
346308
346301
346284
346264
346299
346241
346321
346276
346271
346265
346267
346215
346248
346247
346245
346211
346344
346261
346322
346226
346211
346210
346213
346284
346241
346348
346220
346226
346252
346245
346250
346303
346256
346236
346337
346246
346269
346221
346257
346265
346320
346241
346252
346212
346236
346249
346320
346312
346212
346284
346265
346241
346225
346226
346250
346319
346195
346285
346221
346211
346265
346271
346261
346214
346344
346285
346206
346250
346241
346337
346265
346319
346214
346241
346266
346249
346267
346265
346329
346285
346284
346195
346226
346206
346214
346245
346303
346208
346303
346197
346195
346257
346254
346215
346230
346250
346217
346236
346308
346225
346265
346256
346214
346312
346299
346303
346277
346264
346195
346195
346253
346218
346275
346236
346233
346249
346222
346248
346208
346261
346312
346254
346267
346303
346252
346303
346250
346308
346216
346333
346257
346304
346256
346330
346195
346257
346235
346233
346294
346243
346236
346212
346233
346211
346257
346245
346266
346250
346250
346350
346265
346211
346245
346304
346221
346252
346245
346319
346241
346294
346212
346284
346337
346265
346330
346215
346208
346247
346356
346211
346250
346224
346236
346224
346226
346268
346221
346215
346304
346241
346220
346293
346246
346311
346246
346291
346211
346294
346253
346215
346304
346247
346299
346265
346211
346284
346307
346216
346214
346249
346215
346319
346332
346211
346208
346195
346197
346299
346241
346226
346286
346320
346257
346253
346333
346253
346219
346312
346195
346233
346269
346220
346208
346241
346241
346337
346351
346271
346210
346214
346248
346211
346226
346281
346265
346236
346200
346233
346247
346303
346329
346281
346195
346218
346293
346212
346355
346235
346286
346355
346229
346216
346215
346319
346321
346269
346269
346241
346256
346248
346299
346305
346264
346226
346307
346241
346284
346315
346226
346197
346215
346257
346226
346208
346246
346226
346346
346211
346195
346203
346238
346249
346333
346212
346336
346236
346261
346351
346195
346233
346271
346265
346275
346245
346281
346252
346195
346208
346333
346202
346249
346208
346226
346233
346265
346233
346264
346221
346245
346249
346312
346284
346333
346245
346211
346219
346211
346265
346351
346215
346351
346260
346264
346211
346197
346265
346250
346269
346221
346236
346212
346281
346265
346212
346219
346202
346233
346211
346245
346195
346212
346267
346208
346218
346290
346212
346304
346214
346265
346208
346219
346211
346332
346241
346197
346257
346233
346293
346211
346230
346338
346252
346211
346243
346233
346238
346211
346333
346248
346245
346245
346265
346266
346271
346248
346281
346321
346265
346235
346211
346286
346250
346229
346277
346264
346265
346211
346334
346195
346261
346214
346233
346256
346214
346343
346348
346265
346233
346246
346319
346253
346320
346257
346208
346303
346208
346252
346327
346258
346224
346256
346264
346241
346226
346241
346264
346221
346253
346265
346271
346252
346219
346337
346214
346221
346255
346211
346275
346211
346214
346217
346214
346253
346248
346226
346250
346211
346284
346211
346366
346284
346204
346285
346320
346284
346233
346225
346319
346271
346363
346303
346195
346217
346257
346195
346320
346281
346221
346304
346265
346308
346252
346208
346284
346195
346285
346265
346281
346245
346215
346265
346265
346284
346226
346320
346257
346274
346195
346224
346208
346211
346212
346241
346218
346293
346281
346248
346303
346208
346257
346265
346211
346241
346246
346344
346326
346303
346307
346202
346203
346218
346252
346204
346211
346252
346202
346214
346290
346262
346211
346212
346233
346233
346195
346261
346252
346241
346250
346211
346195
346312
346208
346267
346203
346293
346261
346241
346241
346265
346216
346245
346212
346252
346211
346271
346210
346245
346264
346261
346215
346214
346204
346216
346214
346252
346271
346211
346233
346269
346211
346208
346319
346224
346195
346252
346284
346265
346208
346250
346265
346243
346197
346233
346241
346267
346350
346257
346299
346226
346197
346241
346200
346303
346267
346218
346284
346249
346212
346212
346269
346345
346233
346344
346241
346195
346195
346220
346218
346204
346248
346284
346246
346265
346267
346284
346252
346266
346257
346203
346195
346257
346265
346248
346286
346233
346241
346252
346265
346248
346264
346252
346211
346290
346236
346351
346197
346206
346215
346252
346312
346250
346344
346216
346211
346233
346233
346211
346286
346344
346355
346195
346293
346211
346245
346212
346269
346202
346204
346303
346309
346216
346314
346238
346267
346246
346195
346281
346268
346211
346241
346241
346249
346211
346209
346246
346257
346195
346253
346241
346195
346245
346261
346324
346195
346219
346293
346235
346241
346271
346195
346247
346206
346206
346216
346247
346304
346265
346241
346247
346332
346236
346271
346248
346254
346246
346202
346246
346206
346265
346226
346211
346235
346256
346246
346265
346271
346195
346269
346234
346204
346271
346208
346214
346221
346265
346253
346197
346265
346248
346233
346288
346264
346236
346296
346309
346336
346257
346235
346284
346245
346284
346215
346212
346271
346226
346208
346264
346281
346257
346254
346202
346217
346307
346266
346233
346211
346221
346208
346277
346264
346271
346210
346322
346216
346224
346320
346211
346200
346208
346215
346245
346203
346233
346226
346211
346224
346211
346241
346281
346216
346195
346218
346271
346214
346245
346267
346265
346269
346281
346265
346309
346284
346253
346236
346245
346285
346284
346264
346245
346271
346195
346215
346195
346269
346356
346211
346305
346321
346320
346335
346245
346337
346252
346219
346219
346250
346226
346246
346246
346257
346216
346249
346211
346264
346265
346241
346253
346267
346320
346211
346233
346245
346320
346247
346246
346284
346254
346284
346332
346284
346210
346265
346265
346203
346211
346250
346205
346233
346284
346303
346250
346290
346256
346250
346271
346212
346214
346195
346332
346332
346226
346214
346366
346204
346304
346259
346241
346208
346265
346281
346216
346266
346267
346210
346275
346216
346212
346241
346322
346233
346265
346214
346211
346195
346355
346351
346241
346200
346338
346219
346267
346332
346212
346332
346320
346355
346245
346266
346307
346343
346219
346211
346233
346334
346211
346214
346265
346284
346250
346322
346212
346265
346216
346245
346204
346216
346212
346265
346241
346211
346202
346208
346254
346265
346208
346195
346214
346208
346284
346235
346233
346214
346332
346245
346212
346218
346219
346248
346281
346233
346252
346240
346267
346326
346241
346312
346263
346211
346248
346305
346241
346196
346211
346260
346265
346261
346214
346265
346252
346284
346226
346284
346328
346214
346256
346283
346212
346194
346265
346337
346195
346211
346211
346293
346303
346219
346241
346238
346256
346268
346264
346241
346266
346271
346252
346257
346265
346266
346211
346247
346360
346195
346215
346249
346208
346284
346284
346265
346236
346290
346214
346202
346285
346320
346268
346264
346246
346241
346210
346233
346214
346257
346304
346264
346335
346284
346303
346219
346271
346241
346203
346269
346211
346206
346203
346265
346332
346215
346247
346211
346215
346204
346230
346284
346203
346286
346208
346268
346320
346241
346285
346265
346233
346304
346335
346219
346236
346211
346219
346245
346250
346265
346250
346195
346204
346333
346294
346322
346335
346245
346215
346284
346268
346248
346195
346265
346211
346256
346267
346250
346195
346195
346225
346260
346217
346208
346211
346266
346281
346245
346252
346219
346212
346195
346269
346254
346238
346195
346211
346222
346212
346271
346203
346265
346219
346233
346265
346265
346206
346241
346241
346194
346211
346215
346353
346208
346271
346233
346212
346265
346218
346261
346290
346253
346241
346221
346217
346202
346215
346210
346208
346248
346212
346320
346241
346216
346332
346246
346214
346217
346211
346203
346256
346249
346208
346299
346256
346248
346201
346217
346233
346245
346265
346212
346285
346248
346233
346204
346219
346264
346212
346267
346213
346257
346195
346225
346226
346268
346211
346204
346211
346247
346233
346265
346210
346204
346219
346326
346245
346265
346351
346319
346236
346333
346211
346215
346265
346304
346265
346214
346241
346195
346233
346265
346254
346212
346211
346285
346221
346250
346304
346326
346241
346284
346208
346195
346233
346200
346252
346211
346245
346195
346290
346290
346253
346233
346248
346215
346211
346306
346250
346216
346284
346221
346221
346241
346271
346245
346264
346266
346233
346284
346256
346224
346241
346212
346214
346214
346216
346233
346214
346261
346294
346226
346233
346211
346264
346254
346304
346214
346241
346217
346254
346211
346202
346216
346211
346284
346285
346332
346204
346290
346195
346195
346218
346195
346211
346211
346213
346208
346211
346247
346211
346195
346245
346195
346326
346241
346290
346296
346195
346268
346211
346220
346359
346217
346219
346197
346250
346215
346224
346284
346241
346250
346212
346216
346241
346221
346344
346265
346336
346284
346321
346226
346269
346247
346264
346334
346215
346271
346322
346351
346211
346271
346257
346267
346241
346265
346211
346219
346247
346265
346233
346264
346218
346264
346248
346208
346195
346333
346316
346216
346303
346195
346332
346221
346271
346265
346211
346245
346264
346268
346211
346218
346195
346285
346236
346269
346195
346282
346286
346214
346265
346241
346245
346252
346265
346247
346309
346256
346245
346212
346230
346320
346294
346340
346208
346233
346253
346271
346235
346245
346308
346240
346224
346253
346286
346336
346271
346208
346246
346250
346301
346248
346208
346241
346271
346212
346208
346320
346304
346215
346284
346303
346216
346204
346221
346234
346284
346321
346204
346220
346208
346217
346216
346236
346264
346211
346219
346265
346233
346203
346332
346241
346241
346221
346245
346208
346275
346265
346261
346215
346245
346211
346246
346211
346209
346279
346212
346245
346312
346316
346253
346249
346265
346284
346254
346284
346308
346281
346265
346196
346239
346231
346208
346233
346211
346224
346290
346218
346252
346253
346284
346226
346211
346303
346246
346329
346285
346245
346307
346332
346281
346269
346329
346202
346299
346233
346208
346211
346219
346284
346265
346248
346259
346214
346202
346312
346211
346267
346284
346241
346266
346195
346261
346246
346194
346236
346218
346236
346285
346211
346219
346353
346220
346226
346248
346195
346195
346304
346262
346252
346265
346195
346249
346211
346211
346236
346248
346319
346203
346211
346243
346234
346219
346265
346265
346252
346241
346227
346299
346226
346202
346235
346299
346221
346316
346211
346211
346206
346321
346265
346241
346261
346212
346265
346332
346245
346266
346211
346264
346303
346195
346295
346236
346256
346308
346253
346329
346303
346248
346271
346265
346197
346355
346208
346245
346211
346239
346211
346212
346233
346332
346257
346224
346235
346265
346265
346211
346247
346246
346211
346204
346271
346265
346241
346271
346320
346250
346234
346195
346215
346267
346211
346266
346215
346250
346281
346248
346212
346214
346265
346248
346254
346304
346204
346253
346246
346230
346216
346304
346269
346212
346269
346195
346195
346211
346211
346208
346277
346290
346214
346307
346202
346202
346261
346241
346216
346211
346236
346336
346265
346214
346265
346241
346284
346196
346321
346345
346336
346364
346215
346226
346212
346195
346253
346203
346257
346202
346256
346252
346195
346286
346265
346210
346208
346202
346265
346290
346299
346291
346248
346212
346215
346286
346261
346284
346267
346215
346249
346285
346241
346293
346326
346218
346245
346257
346324
346241
346194
346249
346195
346265
346209
346208
346316
346271
346271
346265
346241
346233
346216
346332
346202
346208
346211
346299
346238
346356
346245
346293
346271
346304
346327
346265
346208
346322
346247
346212
346250
346281
346211
346212
346195
346264
346320
346265
346245
346221
346284
346246
346233
346195
346219
346245
346249
346211
346211
346267
346245
346290
346265
346257
346333
346241
346208
346265
346208
346344
346293
346248
346264
346214
346246
346214
346303
346344
346288
346212
346249
346294
346256
346245
346257
346216
346212
346291
346332
346212
346233
346218
346271
346265
346247
346307
346195
346220
346356
346266
346265
346265
346248
346265
346348
346247
346195
346212
346211
346284
346271
346266
346265
346304
346337
346208
346264
346208
346281
346362
346281
346266
346253
346334
346265
346235
346256
346246
346215
346281
346212
346337
346212
346269
346195
346241
346284
346266
346211
346216
346211
346269
346202
346271
346195
346243
346215
346236
346252
346336
346215
346233
346195
346252
346327
346256
346208
346220
346208
346268
346257
346256
346284
346212
346241
346233
346241
346332
346286
346250
346321
346204
346245
346299
346265
346235
346212
346208
346220
346309
346320
346293
346241
346334
346211
346211
346211
346255
346252
346218
346265
346241
346234
346204
346233
346265
346265
346229
346212
346326
346220
346211
346267
346268
346216
346281
346358
346214
346219
346303
346241
346252
346269
346212
346254
346211
346211
346241
346248
346285
346322
346265
346245
346320
346246
346195
346195
346211
346266
346303
346236
346253
346195
346211
346248
346304
346218
346253
346311
346221
346337
346217
346247
346329
346256
346196
346245
346319
346253
346284
346264
346265
346264
346219
346208
346195
346215
346265
346219
346329
346307
346264
346250
346252
346208
346290
346284
346264
346265
346305
346284
346214
346219
346234
346284
346195
346250
346284
346232
346265
346226
346211
346284
346195
346257
346250
346267
346360
346252
346303
346224
346266
346354
346319
346264
346208
346240
346271
346246
346265
346208
346283
346252
346195
346320
346268
346212
346217
346209
346247
346195
346233
346344
346316
346265
346214
346217
346214
346359
346267
346277
346299
346265
346269
346220
346233
346212
346299
346211
346206
346202
346202
346271
346303
346261
346215
346329
346224
346195
346277
346234
346253
346275
346247
346245
346351
346241
346212
346254
346271
346202
346248
346271
346241
346238
346284
346265
346219
346216
346197
346195
346248
346246
346245
346220
346214
346303
346195
346337
346268
346204
346337
346320
346195
346220
346332
346216
346284
346303
346221
346332
346320
346252
346211
346299
346320
346211
346211
346230
346233
346233
346233
346216
346211
346212
346195
346332
346248
346265
346314
346211
346337
346268
346308
346267
346219
346335
346211
346241
346215
346210
346245
346216
346204
346265
346195
346337
346202
346326
346248
346211
346303
346248
346359
346265
346283
346212
346225
346226
346284
346334
346322
346195
346253
346284
346197
346233
346235
346245
346211
346236
346277
346332
346195
346195
346208
346348
346299
346241
346211
346233
346212
346241
346243
346212
346263
346245
346241
346312
346252
346265
346264
346208
346265
346284
346257
346264
346241
346332
346284
346210
346215
346211
346214
346249
346286
346208
346219
346265
346195
346211
346359
346252
346320
346332
346233
346248
346245
346233
346293
346217
346221
346258
346211
346195
346214
346197
346253
346204
346250
346337
346241
346265
346246
346216
346208
346253
346219
346332
346254
346236
346226
346245
346303
346204
346329
346359
346232
346320
346212
346264
346211
346284
346271
346226
346195
346208
346211
346304
346250
346241
346241
346246
346284
346241
346216
346264
346215
346220
346226
346246
346215
346219
346211
346212
346250
346344
346195
346233
346263
346241
346197
346366
346195
346241
346245
346250
346215
346214
346247
346319
346195
346250
346250
346204
346316
346210
346252
346284
346210
346241
346218
346211
346211
346195
346212
346284
346226
346304
346241
346241
346320
346261
346264
346265
346256
346257
346263
346235
346245
346285
346299
346215
346204
346269
346320
346281
346211
346199
346284
346269
346257
346211
346202
346299
346267
346265
346301
346208
346195
346293
346320
346320
346241
346245
346214
346245
346252
346218
346293
346252
346281
346271
346217
346252
346212
346304
346202
346211
346261
346336
346320
346322
346208
346211
346195
346195
346265
346359
346329
346241
346305
346245
346267
346211
346320
346249
346246
346253
346204
346336
346214
346214
346281
346241
346226
346319
346246
346215
346337
346212
346265
346211
346228
346233
346250
346268
346195
346261
346246
346196
346271
346265
346266
346291
346257
346337
346254
346284
346257
346269
346284
346252
346245
346208
346251
346271
346210
346320
346241
346271
346211
346252
346233
346233
346204
346252
346226
346247
346245
346196
346320
346246
346211
346214
346284
346249
346293
346263
346211
346284
346216
346212
346319
346250
346264
346219
346267
346208
346211
346266
346208
346265
346261
346214
346211
346316
346247
346245
346239
346265
346215
346212
346226
346246
346233
346322
346320
346261
346211
346334
346304
346250
346266
346265
346197
346309
346234
346250
346233
346241
346252
346316
346195
346293
346304
346284
346360
346248
346255
346257
346211
346198
346281
346253
346264
346265
346219
346211
346233
346266
346294
346214
346241
346254
346252
346245
346233
346197
346303
346195
346211
346202
346304
346257
346212
346259
346320
346216
346231
346246
346283
346337
346246
346271
346303
346202
346208
346214
346215
346269
346321
346304
346264
346219
346208
346322
346204
346215
346252
346337
346265
346233
346202
346320
346211
346241
346212
346285
346215
346214
346214
346253
346195
346195
346286
346247
346321
346204
346264
346275
346195
346204
346307
346266
346284
346241
346252
346208
346314
346224
346276
346208
346336
346284
346284
346235
346195
346248
346203
346284
346320
346269
346208
346203
346269
346281
346203
346249
346293
346252
346254
346241
346332
346197
346197
346216
346202
346241
346202
346208
346215
346233
346265
346243
346226
346332
346233
346236
346245
346241
346224
346229
346233
346221
346319
346268
346309
346266
346264
346250
346359
346332
346275
346304
346290
346344
346265
346211
346266
346261
346219
346245
346286
346265
346233
346241
346345
346195
346245
346225
346208
346226
346195
346299
346264
346200
346211
346286
346321
346285
346243
346269
346215
346211
346250
346214
346195
346271
346252
346246
346245
346284
346250
346214
346284
346351
346261
346195
346245
346267
346211
346204
346362
346293
346265
346210
346214
346245
346284
346211
346281
346255
346320
346290
346195
346259
346277
346212
346215
346269
346195
346284
346264
346213
346246
346319
346305
346246
346250
346265
346337
346211
346195
346195
346266
346197
346226
346246
346211
346262
346226
346320
346307
346195
346326
346195
346211
346215
346284
346305
346332
346284
346284
346211
346333
346271
346233
346248
346215
346335
346281
346226
346208
346208
346211
346206
346221
346252
346252
346284
346320
346208
346269
346336
346212
346254
346325
346197
346197
346248
346245
346321
346304
346219
346211
346214
346265
346265
346309
346252
346261
346263
346248
346248
346337
346265
346212
346264
346233
346248
346227
346233
346248
346319
346245
346249
346211
346218
346285
346206
346252
346218
346210
346246
346233
346208
346195
346195
346249
346275
346219
346207
346211
346214
346234
346208
346214
346250
346212
346259
346360
346248
346215
346197
346245
346261
346246
346235
346267
346261
346195
346299
346208
346200
346264
346212
346212
346254
346248
346211
346284
346228
346221
346257
346257
346197
346257
346257
346195
346319
346284
346233
346265
346265
346221
346211
346271
346218
346219
346290
346221
346253
346233
346252
346252
346265
346226
346214
346279
346256
346248
346267
346214
346214
346211
346211
346208
346275
346284
346334
346351
346241
346208
346290
346250
346261
346204
346249
346312
346245
346303
346257
346308
346261
346236
346326
346218
346265
346208
346212
346288
346248
346216
346215
346208
346268
346252
346213
346230
346264
346208
346263
346212
346220
346264
346233
346211
346245
346252
346248
346320
346212
346265
346356
346305
346281
346333
346211
346211
346303
346214
346218
346267
346211
346257
346311
346211
346261
346271
346299
346253
346241
346214
346254
346229
346212
346256
346320
346249
346284
346219
346332
346218
346204
346265
346271
346214
346248
346243
346332
346258
346271
346264
346210
346215
346352
346284
346212
346257
346212
346241
346253
346241
346233
346224
346215
346250
346220
346248
346286
346218
346284
346233
346211
346198
346208
346226
346211
346236
346285
346284
346248
346245
346214
346261
346299
346277
346284
346256
346214
346216
346220
346293
346233
346211
346211
346200
346265
346236
346218
346249
346195
346247
346195
346215
346332
346265
346299
346265
346195
346225
346212
346241
346253
346210
346271
346202
346208
346202
346332
346222
346264
346233
346212
346266
346290
346233
346208
346252
346211
346204
346224
346212
346308
346266
346253
346195
346265
346212
346233
346209
346252
346241
346263
346214
346225
346245
346214
346216
346203
346243
346226
346277
346241
346265
346269
346215
346320
346233
346320
346248
346293
346211
346208
346265
346226
346363
346210
346212
346212
346208
346212
346265
346253
346266
346259
346264
346246
346304
346206
346211
346227
346277
346221
346212
346215
346245
346211
346212
346211
346275
346286
346208
346202
346303
346284
346250
346271
346320
346271
346293
346290
346241
346241
346285
346224
346250
346211
346252
346215
346214
346215
346195
346208
346221
346271
346241
346211
346241
346221
346281
346261
346281
346253
346332
346284
346269
346202
346304
346195
346252
346208
346245
346236
346264
346256
346248
346256
346316
346265
346233
346232
346319
346211
346266
346195
346327
346195
346266
346268
346309
346246
346265
346281
346208
346240
346214
346250
346332
346208
346216
346252
346245
346214
346208
346214
346281
346269
346212
346264
346214
346214
346202
346354
346284
346271
346256
346211
346323
346335
346294
346202
346252
346246
346212
346265
346320
346204
346262
346214
346208
346253
346303
346215
346271
346286
346221
346212
346219
346236
346326
346214
346245
346220
346336
346299
346216
346241
346249
346215
346208
346334
346211
346267
346268
346257
346361
346284
346332
346284
346217
346226
346233
346265
346214
346248
346324
346333
346210
346257
346216
346265
346210
346265
346204
346307
346195
346211
346213
346211
346299
346236
346284
346304
346226
346284
346208
346265
346221
346212
346229
346226
346303
346284
346227
346208
346245
346214
346208
346214
346204
346217
346211
346204
346279
346265
346344
346241
346265
346264
346195
346219
346241
346215
346293
346204
346284
346320
346195
346324
346310
346236
346299
346321
346249
346208
346211
346351
346212
346283
346286
346285
346212
346253
346351
346265
346225
346254
346261
346351
346281
346246
346250
346293
346253
346351
346249
346241
346214
346208
346211
346214
346332
346241
346261
346218
346326
346211
346248
346195
346248
346204
346211
346217
346195
346220
346214
346195
346284
346209
346332
346356
346281
346237
346212
346211
346211
346212
346265
346216
346336
346338
346284
346308
346212
346284
346233
346265
346215
346246
346241
346236
346352
346248
346265
346271
346257
346288
346332
346211
346264
346252
346236
346245
346254
346261
346286
346215
346252
346206
346257
346248
346281
346257
346265
346265
346303
346248
346216
346293
346211
346195
346261
346284
346269
346359
346246
346299
346245
346336
346257
346265
346286
346265
346324
346303
346257
346285
346290
346247
346254
346215
346211
346247
346332
346252
346208
346319
346265
346209
346195
346195
346284
346212
346211
346233
346233
346314
346208
346265
346265
346197
346214
346254
346291
346284
346344
346214
346275
346214
346208
346291
346256
346304
346261
346208
346216
346337
346284
346233
346304
346262
346294
346322
346284
346367
346271
346285
346344
346211
346262
346304
346266
346318
346218
346241
346264
346256
346245
346195
346245
346250
346195
346265
346241
346255
346286
346265
346202
346233
346195
346236
346211
346252
346236
346287
346236
346304
346241
346219
346211
346208
346257
346250
346265
346305
346293
346221
346267
346235
346305
346212
346257
346348
346238
346353
346246
346250
346208
346203
346202
346305
346247
346281
346284
346329
346312
346245
346212
346284
346320
346248
346195
346265
346208
346216
346195
346284
346233
346277
346202
346344
346211
346224
346257
346214
346268
346211
346252
346233
346214
346265
346252
346204
346250
346284
346241
346217
346195
346202
346236
346212
346218
346262
346211
346219
346268
346214
346304
346195
346301
346286
346208
346256
346265
346226
346236
346252
346285
346211
346195
346214
346254
346229
346233
346195
346304
346216
346233
346261
346337
346233
346264
346208
346212
346221
346265
346291
346248
346351
346269
346230
346293
346201
346294
346195
346243
346271
346233
346261
346203
346225
346268
346281
346332
346245
346284
346221
346271
346248
346219
346245
346241
346259
346206
346307
346279
346281
346211
346265
346195
346265
346264
346211
346221
346247
346275
346250
346316
346250
346245
346264
346233
346265
346195
346211
346264
346307
346253
346198
346332
346219
346243
346293
346257
346252
346236
346252
346261
346264
346265
346267
346226
346319
346208
346212
346284
346267
346286
346320
346340
346212
346200
346221
346204
346264
346269
346337
346245
346337
346195
346284
346266
346343
346250
346215
346211
346241
346271
346252
346320
346211
346321
346233
346200
346284
346213
346316
346215
346281
346248
346236
346208
346267
346203
346304
346206
346208
346214
346241
346284
346254
346320
346264
346284
346219
346284
346282
346226
346337
346284
346294
346214
346320
346321
346249
346211
346343
346245
346198
346215
346212
346284
346284
346214
346254
346320
346195
346284
346246
346233
346211
346235
346208
346250
346211
346241
346257
346337
346304
346285
346241
346265
346308
346281
346211
346218
346255
346225
346250
346326
346344
346271
346203
346210
346233
346290
346284
346249
346332
346197
346275
346248
346215
346257
346233
346265
346245
346236
346265
346214
346257
346277
346248
346208
346264
346208
346252
346211
346241
346252
346208
346208
346249
346216
346320
346248
346304
346284
346294
346218
346233
346214
346221
346245
346241
346214
346275
346265
346208
346344
346284
346233
346245
346307
346248
346212
346252
346236
346216
346202
346246
346241
346284
346203
346197
346286
346284
346241
346256
346262
346267
346211
346250
346216
346208
346261
346284
346261
346211
346214
346211
346305
346290
346250
346245
346233
346211
346264
346261
346215
346356
346211
346258
346195
346214
346221
346226
346319
346218
346285
346218
346214
346312
346245
346208
346248
346250
346284
346197
346252
346311
346265
346218
346233
346195
346249
346211
346332
346261
346253
346215
346293
346304
346195
346214
346315
346248
346320
346281
346249
346236
346212
346215
346197
346233
346211
346219
346290
346252
346233
346215
346233
346303
346285
346247
346214
346212
346249
346255
346271
346267
346265
346241
346273
346261
346269
346214
346210
346214
346235
346211
346212
346269
346247
346214
346195
346265
346266
346294
346261
346254
346211
346211
346320
346241
346316
346233
346267
346265
346215
346213
346249
346265
346209
346264
346211
346236
346326
346195
346216
346254
346284
346286
346319
346219
346214
346249
346261
346267
346337
346324
346275
346250
346250
346284
346245
346241
346269
346202
346252
346214
346344
346208
346241
346212
346250
346284
346263
346312
346266
346241
346236
346208
346264
346262
346211
346265
346226
346304
346281
346202
346233
346216
346262
346303
346226
346304
346288
346215
346257
346204
346195
346212
346233
346271
346211
346255
346211
346233
346226
346216
346264
346337
346208
346332
346341
346308
346195
346316
346224
346253
346320
346264
346284
346204
346208
346245
346332
346250
346230
346277
346218
346250
346294
346226
346265
346211
346335
346249
346249
346226
346326
346214
346294
346243
346241
346267
346226
346241
346320
346250
346211
346233
346195
346195
346265
346202
346253
346284
346211
346243
346301
346221
346208
346195
346221
346348
346264
346326
346245
346218
346315
346211
346248
346320
346322
346219
346329
346250
346277
346261
346307
346264
346218
346253
346245
346208
346336
346241
346320
346281
346233
346267
346265
346284
346284
346257
346211
346320
346245
346195
346304
346257
346320
346271
346266
346195
346337
346236
346266
346195
346284
346216
346241
346269
346268
346322
346215
346241
