391
0
79
130
507
337
32
64
52
150
45
383
504
48
135
10
51
202
315
462
275
7
562
165
448
184
75
421
21
152
503
0
105
119
14
27
132
8
529
3
2
0
154
98
326
28
69
22
105
112
5
528
385
4
241
61
188
4
2
495
0
33
517
66
190
127
43
113
290
2
309
18
178
215
86
722
8
33
221
29
138
165
75
103
53
186
54
2
3
105
133
42
254
112
61
123
228
4
2
277
70
646
337
21
14
71
59
39
40
14
16
466
171
117
23
3
12
421
117
186
92
174
108
17
203
6
69
233
98
96
2
1
250
367
459
348
9
395
10
115
298
61
98
32
37
232
54
15
4
110
10
180
49
14
118
194
335
314
23
289
45
44
258
49
184
560
56
408
396
7
128
130
36
94
9
77
382
76
349
204
8
3
101
618
79
188
0
144
138
340
105
134
1
9
387
424
90
9
229
193
97
91
0
263
70
418
162
13
331
175
492
97
511
159
47
62
136
482
20
63
39
41
338
252
131
243
2
1
2
89
1
176
235
0
21
79
430
353
21
63
76
445
73
98
106
319
468
316
27
153
0
0
142
5
354
264
113
51
71
53
118
618
17
199
571
4
580
84
147
8
3
553
522
187
117
368
414
379
8
45
1
98
545
123
526
115
314
338
491
166
0
152
72
645
92
144
2
525
405
31
15
12
137
64
110
285
7
513
65
487
465
2
95
375
89
619
765
118
253
0
32
16
646
28
125
57
1
10
71
81
19
11
1
18
87
218
0
42
254
66
63
458
171
9
142
570
42
7
328
120
91
225
5
194
0
232
571
58
460
43
111
370
437
135
36
91
78
61
259
633
288
46
73
148
23
220
54
615
134
76
149
63
162
71
11
10
674
3
93
111
585
383
32
446
348
66
256
147
105
104
22
376
5
25
34
367
3
306
431
13
172
116
0
17
507
562
253
0
117
205
77
206
38
351
530
3
696
469
28
122
60
10
37
111
282
375
303
578
133
216
188
155
113
58
164
390
6
58
688
232
513
2
108
380
284
8
17
73
259
68
14
39
334
30
107
256
574
149
167
311
128
454
246
12
46
180
1
545
17
3
405
11
206
240
5
93
19
491
256
324
36
11
215
93
329
514
0
266
287
8
173
18
0
26
250
14
182
164
5
54
241
374
147
82
487
53
10
12
372
240
432
2
135
182
30
13
133
183
53
46
16
15
14
264
83
4
0
477
111
75
11
177
12
513
139
12
55
225
218
647
671
103
90
139
23
129
20
326
4
523
0
13
398
70
3
105
228
10
101
451
57
57
99
36
238
11
199
9
204
2
523
242
275
408
33
28
135
147
480
138
354
305
146
81
364
335
171
325
2
489
2
278
313
86
644
72
52
136
207
53
447
58
233
101
407
27
326
41
87
95
25
454
522
289
21
233
104
116
106
256
5
188
37
254
9
82
23
37
7
384
27
387
1
112
205
130
663
267
131
384
9
70
249
161
533
380
53
4
48
9
14
58
333
18
28
461
107
28
4
10
156
116
156
15
80
219
508
73
114
234
285
115
293
91
36
75
21
100
30
1
63
380
410
690
57
156
15
67
105
534
325
26
456
264
490
501
8
72
741
470
272
122
49
2
182
57
71
371
200
166
633
0
162
2
16
65
296
13
339
24
0
26
124
713
82
10
264
91
6
46
498
587
122
159
223
25
16
17
72
30
104
6
228
45
7
71
82
211
50
1
28
143
216
194
164
331
5
321
0
50
68
42
6
374
129
76
101
22
91
0
139
95
4
335
104
76
6
86
18
50
29
7
96
421
4
64
259
317
32
154
125
367
82
182
596
67
129
126
533
380
42
125
138
143
0
164
133
54
446
111
383
47
153
72
213
197
162
130
31
702
2
142
9
417
103
352
172
42
12
220
126
68
11
96
357
324
122
0
48
53
44
90
109
34
88
4
293
37
77
182
322
33
177
33
281
181
168
362
16
155
184
171
0
30
29
161
334
56
261
11
42
108
33
72
148
33
151
250
210
86
1
37
298
57
158
350
6
452
323
2
10
2
117
48
58
27
116
54
100
67
205
17
100
212
90
428
249
177
239
44
25
329
76
443
383
2
24
5
44
29
11
51
273
84
23
416
47
148
151
411
41
282
113
15
36
58
0
17
21
2
17
71
331
37
231
86
12
26
0
153
137
403
243
57
18
28
0
80
397
44
561
264
35
142
65
138
244
10
470
104
276
125
122
13
4
192
67
79
357
92
12
66
353
299
82
186
57
14
720
190
106
36
4
80
152
628
72
111
95
91
187
2
147
0
485
120
384
93
734
485
4
126
196
23
486
95
76
76
21
230
41
33
139
316
15
35
440
15
124
57
35
24
85
172
519
585
135
371
28
0
19
4
130
79
119
10
9
45
198
12
211
18
267
1
79
485
5
458
52
215
4
3
136
1
390
44
173
200
106
0
290
8
8
159
107
295
34
12
283
154
70
122
154
2
15
195
14
31
423
27
70
206
101
33
289
40
189
158
6
120
38
374
395
228
9
524
102
44
83
221
256
8
117
140
23
422
24
30
448
305
7
228
124
305
136
299
27
62
55
1
523
29
98
41
45
233
4
300
150
108
248
358
74
337
23
15
3
71
4
244
388
82
481
183
677
538
182
100
109
5
14
21
133
25
27
23
27
101
71
34
1
137
75
277
118
114
5
136
15
637
129
12
106
355
14
306
63
444
93
121
76
353
37
3
92
5
221
75
204
260
36
233
401
22
97
0
80
25
73
203
177
188
432
169
288
14
67
24
424
85
485
225
260
22
4
47
95
59
326
16
281
4
176
32
556
46
17
376
65
66
4
94
1
122
65
38
57
33
273
122
622
125
17
51
14
305
60
78
29
521
261
231
373
161
341
301
19
134
106
228
114
27
1
9
30
159
95
1
132
64
107
236
3
101
111
338
177
46
221
30
4
127
41
32
12
41
0
78
22
350
127
34
295
127
434
136
28
6
12
279
40
370
20
209
471
117
462
33
202
109
124
20
26
12
67
201
464
155
278
168
13
247
9
0
221
16
231
106
107
176
114
157
103
461
75
273
64
70
452
1
229
0
18
15
30
295
231
43
1
0
87
72
3
129
375
11
107
0
0
22
244
13
63
257
142
352
308
600
375
3
75
63
33
29
22
124
3
85
11
267
194
1
23
10
176
114
114
43
64
337
204
475
396
50
49
4
38
12
191
459
37
40
103
152
43
121
435
268
58
342
4
15
434
116
358
17
29
86
319
97
134
122
224
202
30
21
60
161
95
268
141
261
28
10
115
238
225
5
85
277
32
327
184
108
156
103
41
10
36
108
84
121
366
88
0
155
209
112
279
336
107
186
487
446
198
14
262
38
146
489
58
18
119
140
29
201
301
42
123
53
240
32
36
423
28
35
232
202
104
432
129
32
441
395
3
8
122
78
101
407
430
58
626
13
24
273
697
54
367
293
8
196
46
230
700
200
126
78
46
630
7
41
418
239
59
263
45
351
17
505
241
231
24
126
9
34
247
176
248
439
413
256
550
19
28
51
4
232
168
17
183
73
489
117
397
218
8
304
292
49
9
403
27
155
493
10
6
96
156
82
6
432
58
485
260
514
28
56
5
299
144
349
52
164
137
0
138
30
148
112
88
231
755
135
15
167
111
48
13
85
38
139
123
77
0
610
16
335
517
23
5
80
3
536
12
240
2
35
118
135
54
93
308
50
0
248
9
593
379
121
4
253
204
295
154
184
25
59
213
477
132
8
159
115
19
48
229
217
285
12
108
66
13
383
31
125
142
46
0
182
588
188
5
116
55
477
105
18
60
2
54
47
12
100
2
215
0
157
8
212
350
121
208
58
71
405
5
31
377
175
58
410
178
145
41
90
834
452
5
137
89
93
157
53
33
68
26
423
77
76
211
525
18
43
13
59
32
153
95
202
90
52
24
421
46
182
2
1
98
366
308
9
219
110
192
9
275
30
3
4
112
127
135
203
142
338
331
353
12
271
138
439
98
254
100
3
47
145
23
453
47
117
365
105
438
123
591
337
71
47
289
129
47
71
111
56
42
526
283
292
32
1
173
433
491
715
429
13
151
488
131
250
382
231
46
149
314
119
18
356
7
129
21
49
256
20
129
20
9
114
100
192
238
98
206
0
261
42
101
35
81
22
135
69
135
122
84
39
542
292
102
129
216
92
257
27
126
214
27
82
7
275
86
579
184
95
11
42
251
335
356
476
29
31
489
97
41
103
55
125
33
126
10
282
374
381
257
12
99
371
127
7
79
410
360
47
23
74
89
26
27
330
77
215
340
98
97
51
86
0
24
342
279
21
106
9
21
29
6
519
232
410
372
6
20
329
0
155
215
32
212
266
228
37
160
64
322
215
8
50
262
34
402
365
61
6
126
6
309
218
44
3
267
599
300
12
8
17
40
420
46
9
423
21
22
18
12
247
113
222
375
54
57
615
164
385
431
127
130
57
133
58
134
151
114
280
10
54
109
362
352
54
146
25
147
43
61
239
5
81
287
133
15
27
177
146
330
182
137
15
11
31
217
133
31
29
0
63
97
377
102
677
120
9
19
345
384
39
248
545
623
104
0
487
158
84
0
8
188
56
347
207
0
61
61
8
516
125
453
35
376
396
57
72
186
71
438
255
203
147
263
92
9
8
0
637
131
127
8
105
92
376
491
93
123
264
3
235
88
40
483
251
6
106
11
26
96
31
424
241
354
186
115
196
32
183
122
53
206
55
15
107
242
262
177
126
305
349
225
30
96
43
262
21
53
93
12
237
417
42
12
205
21
151
325
456
291
137
2
165
126
37
78
275
23
52
565
101
167
152
362
616
436
15
71
88
63
79
137
83
12
17
82
341
150
118
8
8
251
193
627
145
17
27
8
531
146
505
125
129
18
413
134
266
17
160
146
251
105
2
382
122
106
57
192
1
12
0
2
5
208
75
145
120
307
7
337
12
40
128
19
48
0
14
512
375
38
213
165
240
172
554
682
115
230
35
269
94
4
88
370
32
193
0
23
100
189
412
103
229
311
174
115
21
217
37
80
74
122
226
257
267
38
40
213
79
53
344
453
14
48
124
166
95
35
25
87
160
85
238
23
371
411
8
15
403
10
205
244
25
203
80
41
119
120
69
662
124
237
16
317
319
0
70
501
190
37
22
96
76
87
273
68
95
220
421
453
49
228
130
26
91
64
285
63
431
77
159
261
19
8
57
263
65
449
17
19
177
420
18
145
10
405
20
28
159
412
135
178
21
370
79
40
565
145
141
39
267
178
297
95
12
94
35
545
403
29
54
99
447
40
253
89
22
39
52
150
39
18
85
12
2
412
107
162
335
124
670
104
186
76
77
107
153
26
430
18
105
159
385
123
130
6
0
12
17
174
40
751
433
119
330
297
434
328
572
82
248
175
373
52
7
7
122
512
279
419
136
698
75
85
27
312
26
141
2
325
224
89
149
360
17
95
108
227
72
0
97
62
79
11
569
243
271
249
161
783
278
3
649
28
228
45
121
240
163
80
149
67
190
118
66
24
116
248
21
0
62
129
3
18
96
40
0
682
104
98
602
356
15
330
169
215
431
124
20
5
718
62
66
116
43
69
10
3
112
525
21
77
46
13
122
101
16
18
21
9
124
111
319
56
169
144
124
19
41
147
205
341
170
139
350
95
57
203
5
7
140
410
64
19
14
120
32
81
100
361
69
211
13
13
100
131
74
264
69
15
141
119
234
114
107
520
109
6
182
375
2
127
3
78
297
214
48
136
125
8
202
21
8
21
7
22
78
438
359
9
22
8
80
74
250
484
156
147
2
525
144
114
65
39
231
51
224
147
107
507
103
72
17
79
103
357
292
223
5
32
512
87
497
96
112
480
7
25
154
207
123
106
350
152
397
15
473
104
56
467
263
23
192
53
138
43
3
18
135
508
199
133
57
128
4
378
51
594
5
106
132
1
228
225
86
25
52
3
84
46
86
83
113
606
152
32
3
137
220
454
152
57
5
4
14
34
323
31
105
146
7
150
259
39
26
521
3
95
93
51
217
161
149
296
14
75
334
91
38
88
12
137
98
8
298
12
44
34
297
10
22
26
130
83
0
244
370
597
57
527
38
2
169
100
202
18
129
0
152
22
105
20
12
40
7
205
38
22
67
115
21
115
66
430
388
85
39
25
12
42
56
543
5
30
37
113
5
7
177
42
71
35
216
482
284
12
563
209
102
2
8
113
47
195
127
382
226
0
426
57
210
14
77
81
1
33
81
665
145
90
63
3
358
0
542
372
89
345
32
87
196
13
50
300
262
352
276
89
366
37
0
128
147
0
151
54
12
0
14
240
55
397
335
73
58
520
48
50
249
260
0
170
122
63
3
232
25
569
409
205
126
1
46
186
374
45
39
17
191
27
171
103
49
204
552
38
23
253
171
15
0
126
204
23
20
116
422
404
85
92
200
144
12
31
205
160
177
367
154
5
111
9
12
0
0
124
10
1
66
135
137
7
77
461
60
36
268
54
453
11
54
102
93
369
511
318
109
131
191
56
4
33
43
428
255
11
37
12
265
51
207
92
548
91
35
38
58
169
161
139
333
57
106
4
289
115
1
8
397
246
271
2
151
134
329
106
4
394
116
143
147
0
354
108
36
24
4
2
293
133
65
242
95
18
0
66
68
211
328
8
219
126
10
38
108
435
165
63
122
32
22
30
201
84
197
41
0
150
156
63
13
15
127
209
135
153
600
46
264
114
112
454
463
73
53
106
101
127
128
263
274
211
135
10
223
237
83
376
9
121
0
2
441
57
60
145
9
72
33
220
179
485
81
366
183
122
80
24
272
9
111
285
450
195
119
263
77
373
84
33
65
6
45
65
104
32
6
34
0
87
622
60
21
42
159
79
58
352
140
196
344
28
33
1
275
78
569
241
226
39
14
76
152
219
354
150
14
73
0
20
12
157
85
224
280
361
106
187
61
105
236
4
66
91
47
230
8
123
49
370
170
400
382
3
545
383
139
264
61
13
125
8
43
304
26
112
327
217
115
36
15
105
318
84
171
2
214
203
138
124
181
284
268
82
285
312
3
187
226
39
52
201
100
58
155
71
160
88
199
6
227
24
166
28
520
94
55
147
155
20
139
370
2
231
58
29
73
65
15
90
116
1
180
202
440
186
7
0
83
586
344
196
3
51
3
497
40
231
445
61
409
41
259
287
45
6
263
49
319
163
24
2
362
33
153
80
234
0
237
524
57
129
297
316
168
103
260
13
204
433
461
162
12
17
284
25
156
47
248
2
13
19
337
211
73
91
381
253
594
66
363
14
259
508
27
105
23
43
2
211
207
226
93
85
46
6
45
347
0
39
32
10
24
380
12
421
3
17
29
68
118
57
110
150
581
139
128
116
224
129
361
81
545
2
462
324
28
147
78
43
213
97
0
31
40
49
69
179
129
32
14
322
5
181
139
116
299
87
154
24
199
11
89
222
83
22
293
756
50
56
50
619
153
4
0
60
167
67
45
154
419
86
15
35
72
192
34
94
484
0
208
275
5
193
353
39
75
89
29
448
127
125
81
15
52
68
184
589
240
182
366
153
125
37
342
94
1
49
243
33
203
105
15
125
153
38
9
237
53
220
8
53
53
375
427
337
56
70
39
462
15
249
135
76
90
55
206
14
105
52
62
5
480
303
23
147
30
72
45
42
0
154
235
412
20
134
16
0
86
66
105
28
10
866
14
1
101
79
49
6
424
109
412
22
38
339
53
23
61
158
45
0
461
44
141
115
262
118
99
249
50
474
45
56
571
676
73
398
445
1
240
23
363
73
122
144
74
123
35
122
55
95
61
564
124
104
323
9
140
637
485
65
340
127
200
634
53
462
218
18
105
180
29
105
38
41
111
107
258
34
260
30
171
67
231
8
130
65
9
56
89
36
15
168
7
264
91
10
62
143
58
111
393
37
18
333
31
2
104
83
132
22
155
209
175
184
151
39
163
9
544
58
0
295
77
427
223
2
414
560
311
1
354
139
286
462
495
84
181
534
215
39
437
13
574
143
358
20
11
132
14
102
79
99
2
90
15
118
219
74
121
149
1
234
7
42
13
1
80
212
14
364
6
8
300
151
6
129
126
0
53
82
16
71
446
274
110
211
52
258
233
30
4
22
338
203
0
31
3
555
20
40
151
122
348
6
298
379
123
52
33
292
281
504
15
120
415
42
220
447
39
481
259
526
373
25
55
235
43
360
52
299
302
173
0
279
88
563
339
200
171
344
5
23
169
650
515
28
16
199
263
183
84
2
42
611
82
2
28
42
331
32
108
69
106
164
137
3
17
3
288
23
221
574
37
133
48
73
12
78
409
413
104
35
14
87
31
125
179
77
62
1
47
21
486
31
349
161
36
28
84
98
66
359
9
29
358
3
9
374
100
113
111
334
422
178
62
41
298
110
296
159
143
5
31
373
419
25
253
29
62
232
82
71
153
30
276
80
232
173
504
205
260
95
74
547
114
166
200
8
282
28
108
386
372
21
6
9
31
60
61
179
46
288
30
7
106
237
139
130
390
16
415
44
172
18
39
78
75
31
269
16
89
518
507
43
28
9
3
9
136
13
548
16
502
73
478
2
69
206
364
29
16
0
37
160
269
21
170
179
136
42
100
283
272
0
37
499
69
176
153
331
569
452
46
401
95
3
127
309
89
27
59
101
132
30
330
171
0
277
59
0
363
345
83
6
29
24
138
179
18
319
134
345
9
133
49
18
4
488
51
51
53
392
57
155
68
331
17
385
151
7
108
111
119
142
22
13
112
262
10
200
169
24
101
0
87
161
1
96
189
245
40
93
507
251
11
93
46
57
20
130
176
615
273
243
4
132
30
18
404
356
84
154
130
243
0
24
14
14
31
510
360
64
593
125
29
228
6
68
135
17
381
383
20
62
5
14
41
48
272
351
0
62
35
57
600
49
31
76
306
2
387
123
13
2
41
415
22
20
52
121
654
166
36
31
5
11
265
9
711
3
35
0
288
124
59
257
88
240
30
16
36
120
101
11
11
61
344
20
249
334
22
364
264
222
586
1
0
56
7
2
47
34
226
21
126
520
351
387
32
2
12
492
21
96
242
358
62
18
2
206
266
321
133
90
47
564
444
109
139
146
560
3
142
38
48
105
627
199
82
195
59
48
258
547
29
363
4
440
46
0
173
74
48
175
5
125
18
299
55
120
82
55
263
74
272
509
64
48
7
0
137
0
18
152
10
148
274
72
25
96
107
75
9
16
158
418
107
95
4
334
392
20
121
20
145
172
17
292
0
458
47
341
75
109
29
20
177
30
25
50
180
248
65
111
132
304
139
321
137
294
681
56
55
577
95
222
7
2
17
153
0
1
130
331
231
307
326
63
258
154
27
191
44
447
93
244
349
325
59
98
212
285
223
63
293
382
331
583
426
0
0
5
52
28
298
303
14
140
180
96
45
44
0
152
236
13
547
333
347
94
78
85
353
96
7
47
2
153
13
369
135
102
480
194
678
8
118
22
56
91
393
331
183
5
124
53
75
9
564
17
28
36
242
332
152
28
191
576
238
257
573
118
237
40
272
125
29
103
14
65
42
363
429
340
350
139
137
52
480
0
136
80
2
9
307
505
277
137
201
23
114
92
9
299
129
128
26
638
20
63
459
127
243
16
23
108
49
0
264
21
109
20
302
242
85
20
34
333
20
1
21
22
130
195
96
224
146
83
138
109
31
152
53
154
54
486
233
186
382
0
4
253
249
125
48
195
251
281
539
297
226
146
328
41
60
163
0
54
14
0
14
32
90
422
123
150
382
21
231
39
308
280
8
278
117
9
160
137
31
48
2
7
419
206
42
3
21
195
8
380
0
14
236
0
558
3
170
18
186
30
73
8
515
402
94
663
351
59
125
39
52
287
91
47
12
0
2
149
9
338
29
3
0
46
31
229
154
726
13
73
274
103
11
64
107
22
18
147
11
158
332
239
122
249
261
235
463
27
216
117
0
3
100
319
287
197
317
407
0
127
592
176
7
78
12
44
9
27
289
111
330
278
14
206
71
96
3
37
3
21
6
205
189
25
17
142
162
357
419
16
143
503
98
171
0
114
388
357
259
682
502
128
21
256
383
201
340
75
148
12
45
67
22
0
88
68
16
190
92
179
198
49
93
50
552
145
162
283
331
75
263
0
286
214
767
39
18
232
57
41
142
499
19
5
79
135
66
362
156
10
111
29
137
8
565
236
271
209
113
4
443
402
273
275
347
105
131
91
51
77
127
16
161
475
75
49
0
20
20
79
113
175
23
8
384
654
115
205
567
461
15
18
175
70
3
361
191
135
389
444
8
91
430
159
36
109
225
362
6
40
179
79
76
323
10
111
106
174
58
26
6
0
162
5
62
180
59
130
260
40
10
2
366
127
105
205
109
3
67
62
20
160
39
13
55
22
281
58
48
278
153
4
262
144
108
28
17
228
586
288
89
87
126
509
144
364
33
157
255
1
405
463
352
160
84
4
44
436
509
148
20
227
92
73
38
67
182
30
278
199
96
137
13
28
93
57
167
0
2
487
274
208
73
140
249
14
334
47
12
211
37
147
205
193
227
211
378
106
49
1
72
12
69
102
20
221
147
162
306
15
99
434
5
274
168
34
65
23
61
317
105
129
68
78
91
437
46
21
400
345
422
9
0
50
170
138
419
21
102
561
315
22
44
71
513
0
1
247
71
119
19
227
8
47
211
241
502
152
323
5
8
35
72
9
117
547
61
14
427
12
71
557
62
56
504
182
380
437
25
426
299
142
335
600
122
11
66
106
4
343
1
45
76
20
693
362
186
272
69
261
135
136
268
327
109
0
134
240
17
10
64
9
14
0
9
29
511
43
40
56
366
105
30
70
12
32
383
93
41
81
34
611
39
123
290
384
148
60
3
240
286
124
142
0
91
60
137
102
220
44
197
95
12
126
47
14
266
26
437
471
341
56
336
237
282
46
90
35
105
12
42
8
71
113
728
5
105
512
504
346
476
557
382
246
124
140
203
497
19
201
617
0
245
53
90
92
107
248
9
4
206
76
48
41
1
721
33
328
3
80
335
30
81
497
586
168
4
136
411
57
9
211
113
14
575
1
29
324
273
34
399
11
44
621
163
46
89
27
346
203
11
234
297
460
2
93
36
630
333
170
3
30
1
85
71
358
6
59
168
155
42
8
53
309
134
34
73
210
191
432
306
438
252
14
456
71
273
265
168
3
3
92
17
12
286
156
450
1
58
198
142
159
124
111
90
9
101
93
225
12
280
209
213
23
354
2
505
5
348
224
72
2
144
0
130
9
214
157
479
372
52
95
372
103
169
70
485
49
353
0
293
85
354
242
21
621
359
79
255
511
16
127
28
594
101
154
58
204
10
333
30
0
459
0
143
89
58
245
107
35
145
73
14
0
325
463
24
110
178
84
247
162
130
405
162
148
248
27
148
31
291
145
363
347
74
29
8
98
347
303
8
129
153
27
76
0
244
48
6
82
95
60
7
168
37
178
0
258
434
23
233
9
70
22
308
44
5
108
102
25
116
10
111
552
300
172
29
201
1
472
0
156
340
170
7
92
18
57
21
62
575
160
137
69
477
272
192
2
200
5
177
56
40
182
28
116
27
399
42
133
572
29
502
78
179
6
43
518
134
105
112
54
31
87
437
249
43
37
105
210
80
271
247
256
36
14
3
123
48
118
128
36
16
155
132
236
108
682
15
64
4
343
103
344
1
28
437
12
625
47
569
10
487
89
0
292
247
43
10
420
193
397
207
49
458
786
178
393
1
4
51
66
633
21
614
189
17
122
292
326
138
5
88
49
0
88
170
288
78
173
217
148
40
432
112
344
19
4
27
407
157
220
28
105
20
483
251
141
218
316
214
24
161
262
126
112
534
27
66
423
212
91
165
23
301
96
94
135
551
107
137
65
363
38
17
169
135
474
521
143
49
205
348
159
38
64
177
32
204
133
95
20
58
551
471
213
38
335
89
102
146
200
207
31
141
115
24
12
127
303
257
261
126
83
5
37
66
0
470
130
276
6
89
0
194
128
203
2
126
88
71
124
45
25
150
62
357
707
49
258
75
101
71
71
75
122
58
82
20
158
167
377
622
7
135
1
10
6
34
124
144
21
104
266
657
53
53
404
196
262
449
0
57
430
462
60
82
133
112
147
415
25
65
380
205
63
24
61
359
243
9
18
5
87
167
3
53
236
260
183
397
106
31
9
10
114
7
9
444
39
89
57
160
155
41
115
68
122
109
163
43
8
403
40
253
466
40
4
81
271
199
77
366
23
148
84
293
33
16
237
447
381
58
216
113
149
205
4
108
63
0
8
149
222
187
235
351
121
16
40
722
16
139
322
14
158
48
140
84
14
430
443
735
8
33
303
0
233
521
54
151
41
714
597
75
358
2
428
225
82
438
235
51
564
6
162
64
239
572
7
266
4
381
99
455
11
150
115
69
38
256
312
0
9
208
58
218
90
40
296
116
76
439
564
136
126
191
353
456
243
0
444
156
131
126
233
58
47
548
70
442
92
179
114
225
19
32
58
211
15
340
14
181
0
313
362
155
3
415
23
204
783
45
0
148
30
50
57
262
30
243
139
381
82
6
121
214
67
86
23
254
1
85
122
83
13
265
87
606
14
110
277
62
69
329
351
97
120
82
120
395
335
283
317
146
48
17
12
390
130
107
496
709
1
471
7
15
12
0
102
159
96
53
344
93
294
291
66
167
58
182
341
273
151
42
10
588
107
118
519
361
109
6
107
230
396
199
255
84
421
122
51
3
211
477
59
142
56
120
2
113
233
191
295
0
182
5
16
7
108
82
1
47
86
198
507
127
262
359
23
448
144
504
21
127
27
15
560
119
5
485
108
497
265
50
254
48
7
0
372
132
33
107
225
393
122
216
68
37
170
4
144
2
188
130
16
71
10
387
140
109
378
702
77
13
17
34
222
0
122
51
24
71
302
335
150
102
73
86
59
62
3
212
121
2
309
232
713
4
173
65
77
12
262
22
127
108
188
281
429
152
93
1
41
110
47
293
178
46
14
59
6
238
181
125
19
112
260
70
444
266
12
521
21
20
198
58
0
6
66
88
36
54
578
77
338
151
9
42
209
147
79
326
137
275
300
2
328
122
122
467
569
108
1
414
519
44
3
88
125
0
28
169
62
67
9
424
324
268
113
365
2
592
23
240
0
92
230
150
22
28
363
107
186
112
282
96
566
108
23
74
6
179
5
98
3
89
39
12
605
41
0
5
588
27
65
58
374
51
132
107
412
28
9
17
527
18
154
625
380
446
140
97
162
115
333
14
23
39
156
300
272
7
69
278
435
120
40
18
366
86
91
293
439
15
431
198
158
34
513
120
65
442
12
102
251
73
113
14
9
12
508
127
6
40
127
19
212
13
6
339
19
150
63
58
159
10
391
1
193
358
251
148
1
257
12
3
572
60
5
50
161
38
333
751
150
50
8
364
206
72
51
35
455
1
69
268
77
36
118
71
299
469
32
72
28
507
173
99
60
113
12
5
11
20
318
12
0
0
1
469
547
432
427
183
288
160
232
105
54
73
246
44
528
561
124
14
145
39
12
6
485
349
66
136
294
149
319
73
175
37
85
256
143
166
58
415
69
39
263
4
147
400
37
39
72
151
420
2
134
36
31
114
370
32
196
39
41
141
99
375
48
552
6
135
121
338
220
72
208
128
73
47
98
347
287
247
38
39
247
262
52
9
219
149
262
57
123
2
46
19
144
350
147
27
0
138
423
42
106
58
45
14
12
160
15
58
489
81
24
10
773
26
231
106
103
214
93
66
2
116
98
94
48
736
253
72
17
72
26
37
280
338
338
2
29
226
31
389
496
144
66
406
154
231
68
80
29
6
70
452
95
142
136
23
83
9
23
86
243
607
86
515
151
37
162
508
476
197
61
191
12
8
90
225
87
321
57
262
84
462
4
27
346
170
2
81
60
325
188
143
303
244
152
304
142
49
690
675
70
36
202
81
114
272
73
262
86
425
122
328
442
99
4
165
2
389
39
9
213
401
443
207
11
19
95
37
130
31
355
22
13
172
89
253
298
114
5
637
786
16
87
1
18
9
350
17
123
86
67
76
56
188
19
0
414
349
4
207
269
697
487
350
302
7
160
6
61
30
119
69
33
72
199
195
381
24
43
165
2
93
5
28
13
0
409
70
264
2
7
557
75
225
79
532
83
71
0
115
231
5
37
669
97
153
31
61
153
246
396
116
314
4
193
97
16
105
35
330
134
82
83
12
12
168
19
1
129
42
10
202
106
85
26
12
303
112
324
26
93
12
265
37
4
260
426
120
509
13
92
57
136
18
149
77
2
171
70
31
11
9
211
105
95
70
9
395
54
492
422
84
223
72
0
71
181
15
387
124
512
6
285
91
154
12
252
169
73
200
4
0
373
58
66
91
48
184
28
85
2
14
200
145
3
300
266
232
416
366
144
49
47
112
0
61
21
193
158
250
0
0
216
31
341
218
276
65
360
40
72
122
165
59
54
20
121
569
6
111
346
1
5
10
95
115
11
18
10
331
197
57
283
372
220
87
266
41
349
150
41
34
18
0
88
50
110
7
574
10
203
54
18
382
70
19
124
272
104
65
92
93
92
204
418
5
585
21
178
159
104
155
134
75
94
243
202
33
155
9
127
215
0
3
380
238
146
14
62
14
153
20
140
118
138
314
136
361
4
10
25
2
8
545
38
9
121
525
163
64
8
144
205
83
132
314
328
117
738
318
152
227
27
40
134
246
213
97
153
124
57
66
59
24
43
28
44
0
99
9
51
16
366
147
350
407
248
1
290
17
286
82
1
37
0
179
39
375
37
289
289
321
153
82
98
73
317
48
70
227
46
10
3
9
4
27
20
634
291
5
153
422
344
132
44
90
27
340
86
48
36
500
92
12
361
108
22
11
21
152
63
367
22
83
4
25
5
254
255
289
51
13
436
9
6
96
266
144
16
7
43
498
51
0
43
142
313
371
90
266
6
294
117
286
405
23
36
202
43
486
2
118
49
42
136
276
14
86
67
33
136
2
35
332
106
58
556
118
219
591
59
85
82
528
242
277
1
218
3
674
38
154
456
242
325
22
20
50
82
680
205
69
0
1
28
37
245
127
478
206
40
508
130
211
9
236
437
158
125
829
128
9
353
434
147
275
97
179
537
33
233
0
670
6
624
50
535
533
28
49
528
251
57
6
114
492
111
153
43
1
5
5
110
305
44
125
127
40
2
9
9
25
624
124
28
11
264
401
87
392
136
123
303
247
0
75
85
17
198
110
592
248
102
220
128
302
103
0
490
88
139
58
0
3
106
312
96
220
18
6
496
259
76
322
181
219
207
303
92
148
431
142
291
69
204
47
176
87
71
256
331
14
10
250
319
493
395
187
123
44
10
18
8
3
302
457
82
200
148
0
406
36
45
88
25
123
159
92
2
202
115
269
93
56
5
0
7
428
22
164
249
281
166
20
16
165
368
203
104
55
2
9
11
42
35
129
106
12
212
186
107
149
168
6
360
62
36
259
2
237
489
255
83
54
35
152
185
11
301
23
2
216
3
5
211
574
129
197
238
84
31
45
111
186
76
40
117
5
124
63
293
13
180
292
9
166
640
10
18
13
316
368
783
91
598
430
21
127
23
577
24
149
147
239
172
231
148
16
29
150
293
13
11
84
51
228
33
114
113
164
24
10
368
56
165
168
166
92
22
54
106
27
17
378
79
116
264
22
360
20
48
564
482
288
87
423
116
10
298
17
3
130
401
22
165
232
139
0
127
562
630
45
7
357
79
0
214
15
237
33
34
130
37
7
450
204
482
251
0
35
543
494
115
149
5
4
225
115
250
423
253
59
109
14
234
1
27
123
246
99
460
49
303
223
138
82
358
93
47
44
0
292
359
108
79
124
15
319
146
67
108
259
355
138
284
325
413
11
163
61
79
383
736
302
461
1
4
90
19
267
39
483
34
93
420
342
4
103
564
68
0
2
402
307
82
48
67
22
60
33
391
69
0
244
42
0
353
429
102
586
0
553
340
17
0
95
348
421
133
61
38
33
147
350
0
514
210
129
65
3
0
336
673
105
548
18
394
190
48
103
40
2
10
48
194
140
32
17
12
28
137
155
403
131
18
14
55
126
151
266
232
259
30
146
616
107
344
87
232
53
486
39
666
59
414
205
215
6
542
14
8
7
142
35
21
64
259
14
40
17
347
275
155
293
351
251
112
377
42
11
230
274
271
37
200
20
424
3
176
275
202
357
124
171
261
0
107
21
61
26
113
198
519
273
23
82
444
146
15
181
34
137
274
157
110
287
164
389
159
36
64
191
450
58
57
501
15
121
354
6
429
25
454
30
253
219
50
390
70
165
42
428
3
132
389
563
90
7
0
388
250
36
28
408
107
35
183
458
0
61
22
10
220
16
41
2
244
4
58
62
78
585
128
72
187
147
532
225
250
6
1
484
5
142
1
551
51
378
133
9
199
311
154
51
179
412
63
42
281
149
218
587
129
193
38
125
106
443
74
318
456
139
179
5
194
2
212
284
497
574
9
57
145
364
28
67
661
30
97
300
71
190
115
176
103
32
220
9
80
25
141
95
28
323
2
352
14
195
85
307
36
778
11
231
602
238
147
471
181
102
566
75
375
273
101
30
151
228
641
133
164
125
21
166
300
30
120
110
540
78
192
139
1
56
20
323
33
220
114
131
33
11
1
9
52
40
482
125
40
434
105
141
444
116
260
5
745
127
198
411
75
208
57
14
62
78
135
42
251
71
284
24
0
129
110
113
658
86
242
199
19
49
52
55
61
572
37
0
185
116
119
55
93
57
205
207
269
0
94
381
9
30
328
123
28
111
200
36
301
72
177
114
29
273
87
88
153
25
41
329
39
269
127
92
168
202
22
35
2
8
215
0
183
185
141
15
86
172
137
85
87
349
101
129
489
193
147
129
128
1
281
110
444
63
199
95
134
404
376
57
91
145
99
53
195
19
169
392
219
60
21
589
29
74
0
419
159
86
35
25
277
9
321
227
127
386
226
108
18
30
13
26
505
114
78
401
31
296
278
92
247
175
141
62
69
0
150
374
182
254
218
22
58
77
7
15
228
143
139
497
513
611
187
77
42
18
631
283
24
127
346
131
16
17
130
158
432
0
9
337
499
158
10
238
79
1
295
357
468
14
41
105
3
320
37
15
50
136
16
403
62
146
49
9
100
40
611
57
12
126
153
138
38
43
106
23
4
127
373
514
301
503
160
375
66
18
316
332
353
378
168
58
472
67
424
215
32
300
5
270
293
441
583
304
164
34
2
457
1
325
484
77
262
9
116
135
602
18
40
37
120
163
102
4
0
137
34
20
31
153
513
82
251
87
166
86
49
62
213
318
185
57
41
217
58
71
42
747
230
281
138
244
49
392
61
5
29
162
119
501
518
71
247
4
86
53
107
27
0
36
18
411
237
94
448
21
125
0
459
284
361
433
10
93
84
67
94
15
71
16
13
180
82
52
37
358
9
32
4
