4806
44080
18154
32844
44779
139407
39458
173262
89849
13617
14438
1804
44826
45662
7289
289014
69289
27415
67850
89329
189976
63080
55078
97524
22517
10602
24581
62382
58470
1566
101824
56313
135562
49295
41233
8810
11263
11322
11190
28447
31486
26514
16442
11721
27619
36142
83807
143073
2161
87129
177811
4678
71248
68396
8830
97287
6795
8830
27693
82765
1829
62263
127107
17247
60274
20954
70484
77683
12499
36343
78176
1760
21713
37546
19643
63717
55066
179986
147399
85094
5870
36981
5497
13935
5518
14820
29606
17247
17585
46215
35545
20418
125994
10957
143156
176552
32161
580
8248
51332
48416
12402
106126
224135
48127
21696
11939
2785
96220
7971
27747
2732
52078
96216
112821
524
327
31123
23014
8100
33714
236810
58977
17892
8566
114936
71170
6607
28860
12364
170978
203
45075
13543
21682
3475
747
4348
15601
11969
9530
28205
64635
17887
75958
83685
79329
22354
65679
46003
66507
18411
11084
39953
797
42976
12438
3217
4545
75008
173009
220815
1099
22877
35371
2497
84369
2383
244187
3542
173987
42798
39575
23694
61105
108222
75712
88573
53894
17743
16621
6939
4929
132722
12077
7001
5305
26853
80398
10472
69610
14777
10052
72433
5414
191
74664
837
5264
67777
1525
17625
182782
29205
38342
7989
196152
46903
39946
11738
602
200816
74527
27730
36113
21477
256285
67665
2357
24155
542
83335
74428
3612
6774
6746
86653
149629
145433
27556
15937
15004
32470
1742
8051
12962
176851
234921
62403
39063
172359
38854
81109
5129
37326
72354
25005
100693
6878
77544
53962
14526
30374
4286
83677
129778
2337
76899
144372
77464
1680
16999
159630
11359
2572
32570
41274
3529
6328
53131
79639
80561
115345
51183
27196
3281
19489
63896
42317
13953
20035
33972
244065
50913
4929
15065
85439
65190
44114
25505
3516
53136
138373
7808
10127
3545
18164
152127
128791
2940
5614
2130
33070
95270
3289
240842
120620
64761
43343
95
176405
33254
85894
37546
14358
66369
77479
169686
35124
18918
17114
5043
7613
15389
52526
1866
205777
974
98183
157170
34890
44598
109355
34111
97744
56568
33370
27289
29692
34245
12455
17050
20381
202542
1491
94847
6477
27387
36814
52494
37701
167
19821
74885
18567
31717
26459
10705
56851
20577
214696
74910
50387
97041
179574
64547
42015
7225
28111
1042
239065
18357
3888
10223
18723
101310
26007
9257
11197
34857
92670
1619
4745
54807
12110
33732
65396
54138
16032
128072
889
51
6003
65505
45522
78900
27862
1323
29774
37861
132619
20404
53878
2711
3143
24808
78150
99649
4866
16442
259828
55775
12803
64265
14159
68881
20648
3497
217969
211
46754
202022
20307
87761
11961
64782
153553
58996
95660
19264
101739
12098
13468
35200
80374
47715
8252
131292
51998
82449
7269
33005
83525
75011
2152
100109
28560
23852
1781
81871
52692
4215
9216
8040
66938
52083
141955
76627
47014
15608
104632
171566
21395
42232
105198
7003
25233
76746
1735
177780
26280
17183
12803
39121
73920
6313
209482
2212
1651
32574
97154
121093
20903
219902
12524
67693
40249
200059
4861
25352
188252
28224
2113
7963
32070
117956
22281
75579
25055
7544
0
69761
120727
174706
20974
49714
27734
16695
1377
36946
119779
2877
9633
53181
10985
3461
32051
67503
50005
10222
58810
34206
151036
30060
12093
25974
138026
155804
2107
33074
810
5198
111301
27590
3790
26305
61713
14810
96020
41805
2211
132510
10860
4451
213811
6059
120273
95217
41323
85279
175147
28158
21216
11052
9482
3229
13783
79965
38691
200366
37945
69935
277740
29876
10348
195038
1907
12161
9096
1439
57206
245007
76101
37858
715
54892
23510
14822
4493
53312
23560
2948
952
912
6343
207913
65543
4665
28495
28869
143728
12242
33357
46881
17693
101049
49762
51608
17791
45996
25940
67302
52134
2728
203460
65967
5884
278943
105969
8857
108419
125270
43958
83537
1195
27293
105136
15093
2258
70955
24594
19765
39112
27253
32421
126290
40386
35962
10118
52397
3809
76908
162718
8474
80950
95823
46110
43990
30015
219348
78042
190187
134756
10898
25572
150207
64133
1290
13504
59823
24199
94359
150571
14929
17624
28891
6000
7399
9772
16536
4731
33944
165891
65167
8493
1591
76762
7622
191406
113909
120439
38259
34479
1664
216242
73966
73641
23634
86793
212438
5578
193261
16110
61358
193457
10415
6813
216266
12673
12213
179015
15905
30543
68161
59924
50983
84016
39633
163861
31956
17981
188279
65071
137690
52480
965
8756
214711
21596
80459
61025
256306
256514
180205
131336
109885
43620
7749
74309
50326
48008
224120
101041
71323
13942
3378
39147
10199
109112
15658
257208
18678
9516
9108
6029
3340
14689
130896
28432
55766
37654
28960
19682
15933
7293
53028
12461
1530
76324
50339
53655
107054
244318
41267
20600
108266
10564
64645
77738
16255
88671
7049
136575
16161
219918
2871
89410
88621
10931
490
16026
44674
10
35747
98465
32163
39219
11502
69049
139545
11862
178253
113844
14336
114435
58859
37289
133391
110
92716
1484
43542
27363
44115
1254
24455
20193
84934
137384
135586
81855
17462
28316
15278
124971
105
71922
115613
97365
14599
1668
89268
28596
2587
67354
21782
31097
12718
4123
7793
12573
68332
79284
117454
27124
32443
5758
18451
23016
86679
74105
622
13341
262797
65544
19919
67050
42148
25184
15857
185529
13188
13115
14447
5200
180088
37977
53524
64662
47095
113486
10843
100757
159478
93096
189558
15418
110173
1027
36160
5919
17186
7407
47435
53857
39193
21453
29381
6244
6766
12406
211584
75985
2106
3521
155122
31847
118334
9715
2774
21533
262502
130807
8916
58667
50698
35939
18112
179429
28588
129614
196678
21813
23601
136985
58981
71234
30770
78233
53787
6973
138480
27298
129301
1008
7219
144376
198746
176413
91351
76785
6687
142236
102312
4718
77889
110151
81797
487
42630
71776
114080
2963
47515
158414
52080
79954
53368
76151
21273
109054
23807
113437
89577
13024
70960
21964
99450
21035
53478
35034
50933
263710
155931
54728
172244
39512
179740
5591
75975
49800
56404
271616
12146
22105
159594
66855
44236
75715
161671
180573
25109
7977
140524
2107
153696
107279
5999
275133
133093
66956
4495
175861
45566
188808
84554
8737
7283
161927
2132
68600
76634
1615
16670
129823
82707
172198
38419
9811
41867
3281
138250
4586
59414
31098
3138
192376
210490
47383
96352
3628
1341
35513
80149
5503
64013
236623
2608
46788
21249
517
25926
1548
43387
8905
267391
11722
145431
34107
48917
129908
146324
55377
13185
4226
32501
21719
150712
7180
22774
51019
133703
9851
14711
29549
67355
5247
24996
63272
48575
8038
38834
11917
13641
8949
107
15369
5426
68423
167532
1476
120067
77733
6562
47849
51875
10412
248459
60724
1170
7307
49127
41156
12245
39731
1468
13887
148700
71981
52466
38365
39202
15825
42880
147410
2818
1326
1172
287429
3948
3496
869
6246
15313
28889
134313
14652
9144
24222
13631
16782
156095
89138
143603
21515
235442
51220
131317
24050
279641
29319
663
49235
100790
138854
2572
6795
72829
12497
137794
27303
37064
124632
98891
33419
92047
82744
75989
52519
83416
35300
10392
21821
68166
12461
38112
18828
219582
41225
747
4878
62342
75342
59887
3549
1574
11678
115313
89955
83985
2172
41315
120795
15884
27842
204326
24742
5549
34094
72329
60877
35309
8482
2082
43384
114598
6942
4101
125736
75580
25131
9404
25696
57192
12763
56519
39242
34047
181
132663
19405
43335
33545
18292
2044
160341
31324
38082
7647
5485
4395
126325
11386
88525
80775
231898
1266
171700
102397
143520
33675
36437
123316
3462
96064
18207
10457
56610
81753
2295
1919
43856
1429
25189
60235
31251
94960
15114
138939
3740
9747
1701
71871
72077
12154
68156
89747
57677
62134
102128
107322
12720
9556
2787
190557
53971
842
34662
45
107726
160207
1847
196287
89792
15708
85391
136985
38723
155040
16063
36897
3223
47550
46630
3799
39080
1152
88847
3551
13354
3270
28466
17709
47869
117079
41847
10927
59144
96073
63885
24796
63105
107908
14859
54198
13106
38657
111544
118226
4567
128337
168690
108697
23730
68149
43706
20401
12248
201467
5762
65959
58297
60508
52391
2619
13709
6611
6014
94691
517
59890
128429
80485
98015
33939
226503
15180
25503
21779
33911
110267
124498
119138
99325
41347
9636
45419
45255
628
93
31791
44
76442
47699
15337
9985
40197
226428
41219
46197
8179
54426
54306
10277
183229
24424
37674
114815
116377
57395
36510
91274
3316
16001
16235
12437
18052
34175
152485
13514
108504
6576
58620
41245
153778
365
175620
25586
220503
257042
59869
86169
20246
111420
339
687
34945
9235
1747
64347
1336
125610
30515
54181
203965
276605
14905
1634
3356
38952
1064
8124
22323
11050
166512
31454
21543
26943
2932
198048
149603
178137
75950
8480
121611
53887
134676
21182
12239
56436
19514
5176
56532
5492
80553
10817
134
13636
103587
272699
8128
14338
16895
45634
47019
112234
54861
29163
70446
54622
34839
47145
14789
1719
5225
35441
68559
3980
17565
27068
27159
71504
137744
4500
54295
24525
15248
160478
76615
46282
58494
4948
57805
66798
53469
227387
93262
68335
37352
36791
190737
305398
1011
208399
49038
22909
32446
48077
229557
49914
19224
53737
17271
95102
42842
22235
2047
100477
5331
25383
37483
467
76095
46294
146130
24044
35934
43680
32214
33172
175285
71189
53696
14369
2155
11667
115054
106
47332
8233
541
176080
64786
40902
58484
23744
9078
17803
53996
19652
185666
2619
15262
146911
125986
17334
54337
27320
26575
8915
94026
25989
69631
76517
13263
23112
1768
107789
44815
57159
36489
88213
125965
147438
71905
137798
18066
11835
8869
15537
14069
1267
26774
51774
20449
24026
20049
141286
46945
51805
13801
42736
60805
37787
22854
9642
57919
63047
14106
1974
38066
217182
142189
37393
9313
260670
88116
9967
211125
57009
3163
17459
5802
161522
136640
47469
59530
21749
26027
118933
5460
66877
100886
30674
16749
4068
100014
57699
23365
16538
14565
59487
21675
1109
7546
23549
809
63495
30666
10539
9087
63695
3879
58654
85541
49509
66717
139031
215791
22034
200779
3248
15121
69579
22519
783
29884
28738
85961
38241
100570
20911
111094
6308
102596
86120
118303
10185
10457
196212
3289
3100
4839
10565
220454
30891
7881
21403
128351
20819
1854
77537
61448
43623
69733
153351
199024
20046
34858
52356
3921
5559
49943
97658
37991
2510
71642
30260
91431
37436
4695
115793
120768
7657
34274
5362
51073
263891
31001
59844
12895
40770
73346
90184
9454
46099
68078
32894
219330
12472
135321
34950
24002
67083
3341
8268
77519
100885
6933
37451
126015
43272
2978
38443
665
73695
79895
55754
4570
108460
71636
73304
21046
33768
213
41818
72213
14565
76944
18443
6299
20755
25115
10708
138385
6722
6188
934
199640
18878
87997
265255
35086
32148
9657
39633
4145
74819
158647
4245
60565
7388
860
82243
54680
89707
65124
28864
289148
8960
813
110646
59000
4544
71209
18631
6307
18700
2013
80491
5480
54007
188165
70682
2011
56057
3196
88723
61825
4922
136297
121771
17941
21175
5575
101073
4907
50
34560
111841
12660
22962
30078
5119
14753
30174
285537
6086
39368
33222
140670
26959
10875
1563
28295
163278
12150
15915
12409
1106
119530
31174
37577
44793
41090
188662
6275
69763
4529
16366
48073
15440
85893
946
6349
5506
6743
46326
35687
22389
58227
22365
92760
5409
32399
35562
69710
17664
109406
80304
17478
66492
6182
8566
64903
16481
8814
10201
9498
48209
19513
4576
34181
34222
107153
3185
13488
122855
9915
66330
31067
431
69799
31306
1842
129415
42208
134847
23850
238
2227
36543
15975
3968
51613
81316
991
20424
61815
39512
38782
1945
158038
4405
5533
37501
15661
99763
26194
154288
32072
1467
5470
14028
93442
26192
225327
16479
47085
1113
50526
31260
143349
80435
44705
10163
68310
46428
74703
72440
30647
134489
5178
68415
129222
32631
113634
149693
95539
36288
87928
3551
165805
7294
97190
28699
13216
53645
55380
40844
107870
46995
74315
48547
55378
15164
143374
59448
27960
18164
84556
23125
1656
163051
2962
96460
4609
169579
225927
16535
255157
139555
46980
17736
6142
72814
21311
123299
201555
41658
21340
75965
24323
32370
84058
140812
105156
10836
169352
4466
22655
2019
232757
62023
46380
128413
58537
51404
170354
149707
21059
35507
28323
25995
70595
2883
3042
20536
70139
573
38142
9530
64876
57
19484
178251
23396
2279
30195
49863
2060
5334
23653
554
141751
111690
93627
3477
198045
11243
14329
8046
50188
35237
91494
60509
11143
50505
74114
148000
78326
176605
1275
169441
27274
14224
27025
246983
45575
48209
106012
88617
25923
34059
120629
80382
97626
44709
318
69635
32761
20997
46987
233019
138878
140783
596
17104
101779
58293
68156
17911
1870
29609
58536
41117
25608
24056
99509
43789
112981
73387
305
92198
16021
28842
138008
75948
65333
189
49546
23015
92830
8284
172497
66285
61424
2368
28390
1502
21361
45433
56418
33800
58745
25469
11615
104442
31142
7758
51080
60197
64625
185277
61820
81723
76707
38125
94401
111881
38989
68160
29003
16537
88636
32778
25015
119191
13785
35843
27347
99094
2554
52735
11412
29868
38678
27422
6067
42388
13214
14649
57160
1072
24678
191973
14843
1110
237090
45144
176056
10643
140081
34630
6261
102491
3123
12351
1356
57886
112208
57151
137618
58689
63143
52124
17202
662
218486
39936
50
180803
191849
33134
10842
14164
6874
31170
118467
2089
11624
40228
2833
2293
63149
23906
210444
4528
11711
135758
146644
75311
17545
58556
27417
154357
134396
6474
17832
124873
10994
21982
65940
12161
10688
1426
34623
134940
15640
68575
52308
9473
4595
9031
38930
59789
24331
13836
5307
160197
15473
34464
4648
4526
156565
20797
27142
92856
26573
38221
40586
8750
9496
33343
9065
46392
11781
50292
99863
11709
70656
8861
201140
182718
48796
3586
93652
24346
24756
6627
55600
122813
49927
175324
27663
899
37220
18171
44533
27645
101037
100631
53354
38174
15401
21074
12903
112134
97301
30302
121293
27753
5246
68552
3677
29470
44883
11352
8659
173657
18742
26531
124847
77470
189875
12723
222151
93432
166722
65753
10693
66643
272
8488
124898
249036
21277
215544
8663
64823
64360
45438
146176
13683
2064
36781
4532
42270
1791
91329
196910
6613
87776
1114
139009
88426
67453
4537
21751
20026
46027
69967
460
45180
12947
19556
42819
173777
116041
32107
133080
53974
191305
129589
97794
29299
140113
42018
14425
9238
168964
108253
122323
23921
51217
55225
71985
547
221717
458
11180
20204
16769
102231
115902
141753
82715
17444
10464
17881
1380
63565
123249
186915
68034
5087
65387
183515
3296
90777
36832
112063
2863
7611
50047
35057
23318
197602
54284
9532
58256
23304
86823
11619
21686
8650
2286
81587
33901
5465
250778
27565
17330
5610
13121
66700
7169
110321
151911
46690
159115
214610
32277
25529
26008
1223
6563
138691
68149
63393
28276
24694
38703
55864
13082
207960
12316
86281
68456
6912
58766
110252
12605
6016
51513
65067
8280
8652
45289
26319
47460
110010
92881
91948
12651
52975
30257
236589
2788
49050
110198
5792
1336
34633
6168
72390
41891
31181
33232
36791
3960
204398
55311
29496
126157
8925
40215
32743
81086
4436
28456
4437
218245
15991
228133
78392
46079
21878
8798
48659
51851
8111
35525
69050
512
124929
109174
70452
15554
22011
31738
71624
146775
51517
181410
54187
783
53783
152
183486
45738
164164
138209
250349
93610
31827
14114
20252
8680
18930
15850
14146
12368
14599
27626
85925
16415
18195
188
2324
172563
134853
38025
70908
50732
1354
126817
2859
3820
72329
28009
244974
201433
12757
73
11364
20870
50895
7958
34791
29291
135055
16422
8007
50358
8039
18510
9394
38541
76369
393
14221
183
55875
183268
8850
7333
32599
9386
40706
71860
152440
4549
5214
39306
5804
171057
47297
43975
80505
2197
110228
33013
14260
127980
8473
127699
163799
173990
56243
43568
189039
179818
63801
13793
105398
10900
17976
32467
37495
529
61169
171492
139744
28429
12008
7170
27636
22841
58780
4095
20739
65301
98809
1273
104913
4589
31937
8392
45
25049
2557
13333
45679
1483
198942
8590
164122
40743
10717
173649
2006
161715
246348
12906
11111
235356
8773
60359
87015
107577
85721
43106
28410
36587
56967
125963
111774
53181
39927
161927
3045
46032
3865
75671
22010
45607
107054
334
586
18093
230
196574
42607
15921
2976
7975
11086
34269
21412
227093
187237
81023
116363
33053
35792
19049
33884
38769
39468
61120
107512
71555
84653
18409
35216
62817
60760
66839
117302
7152
115811
6621
30361
491
116643
4338
4894
138210
11118
24867
105257
135878
163738
119025
120974
51319
182255
159293
189956
25047
44816
18539
144356
164712
31545
71039
4447
35676
200841
30205
8119
24275
143089
1582
16140
66693
116324
37945
13447
19228
73208
46428
13979
10868
31855
10204
10754
82662
54374
157621
7145
2169
3138
2555
3388
60509
15761
186782
208744
5866
86485
6355
162735
99184
216249
2807
7815
10247
80039
885
85954
4997
22256
9740
7296
2665
10173
133331
221996
11487
7495
147476
8459
2853
30716
59180
3669
111213
95042
45236
76512
57769
2045
27399
155104
10707
3637
21756
22731
12565
56577
18823
9776
18279
3483
229178
80457
47405
16781
1292
25142
28086
46949
25629
83498
13751
1481
153
12786
124188
44782
63259
76117
17731
26772
39303
3000
13456
2931
34251
27
165520
22430
15190
113754
19375
52621
36062
4976
12268
50812
10444
112166
86847
22784
4938
238395
103058
46138
9153
117443
23665
41066
50207
16337
162507
145222
18430
13059
91046
15157
93357
14853
14748
53046
38595
1796
19590
14267
116222
29262
9333
37671
187
18346
7340
4435
128435
24232
33928
155045
100661
140930
35261
27422
43558
20499
89801
27986
7904
30385
22752
87388
17757
29234
25223
27160
43367
14614
129541
21569
23421
71778
220295
52964
80683
10752
21159
161089
84581
718
260340
111473
159602
88557
172071
86306
115004
4129
13799
69259
25725
134594
105
2531
5065
30087
61744
50964
139052
49340
79168
76371
29422
31190
78364
71090
17556
12588
40739
186789
275609
19464
36691
8051
288
9173
19501
56991
32263
242488
90758
2180
4526
102351
25990
18861
4541
440
125679
20416
10686
29703
20415
110812
194982
30967
94134
106634
59242
1235
48933
1870
1151
23725
3736
75365
4915
196354
1276
12397
10987
133214
10322
102055
141
24269
162622
34149
47036
19287
166524
91793
263601
33767
28865
17026
6248
2882
137774
766
40513
14586
104979
80630
18735
13647
41016
146515
17159
12244
54683
9470
207974
4004
19525
33584
106048
164221
97938
44962
124276
147691
119269
106109
202036
2918
13981
65117
4359
54222
78240
18088
35676
22387
24515
9029
19069
187448
3712
30699
93969
2398
11220
12707
85920
53384
81101
68383
16506
99614
56315
20323
1850
81927
140203
48763
75618
193722
767
15723
173958
8815
3364
23919
55326
147658
106024
10588
22175
17839
38992
1607
74212
12714
19755
3490
86327
146831
10669
64720
41505
465
67691
271875
8322
29742
41245
24019
20672
11736
2274
2551
68725
57609
8557
79498
107736
62721
43321
32570
92737
27391
142200
62357
18992
141071
175275
12270
25400
125451
22782
116112
54292
17838
5404
5218
2546
9564
18266
108267
21421
71134
22051
46312
49967
110
56707
26875
30626
69651
80545
35116
10218
9235
131003
91913
2465
22497
126210
1395
56329
15031
5576
93040
49083
91182
34183
60717
12309
109860
28903
12453
18981
2561
68179
24837
53687
148077
32229
44290
89704
14311
67339
14906
218398
16553
5351
153585
21934
116950
30810
185
1056
4106
48743
1021
52487
64003
89331
84271
5408
97531
39017
42879
2479
1998
12503
130730
2964
94815
2546
1569
138671
14596
14368
45924
9240
211410
23999
39164
20781
158
5170
1249
110774
18032
51891
134470
168737
39934
42652
77982
26081
64004
44290
46961
2467
6525
643
19800
2731
48787
15964
43689
20968
87359
9785
212121
58460
47582
54288
1532
10804
169658
8570
544
660
64626
21053
112238
62038
81994
12390
94691
33777
26791
45504
275
90630
20797
19801
23889
119361
97073
180158
12849
10640
21945
235425
38622
198
7555
2654
41016
7787
14415
859
6406
5197
25935
17342
46895
64367
22169
26168
130777
49975
159383
58663
7571
20104
116948
20422
172679
329
64279
23361
236954
15200
1769
30767
148886
207572
109531
15744
46584
64643
109527
17
3997
218762
65418
4579
6726
1663
8299
20927
145209
152270
84694
34533
12703
52847
15426
55383
29353
27346
52406
79367
133628
44192
200192
85678
1041
70380
53124
76337
3392
7533
46453
114569
8109
9804
8181
40443
180879
37669
60041
3379
64724
58809
56426
48250
19358
113620
21249
79209
31716
11090
64964
86153
129424
110643
43539
23616
11461
19310
20536
4916
26444
49159
5462
53481
273838
8383
16509
28857
36604
124927
18602
138798
13193
30830
76348
39510
2025
240362
195001
15537
23366
154881
43594
30443
83
939
36960
74116
25083
76032
160777
11649
45117
125714
76300
14184
149019
2820
11154
8305
8811
212777
141000
226708
706
4146
7026
1872
38531
34349
90676
108069
24407
46382
1244
75310
6300
27459
5920
64514
69721
16496
110278
47453
74341
35229
1166
3590
112840
52767
50391
15466
50800
89753
74567
66920
3825
72709
241057
20193
7261
51746
188184
8882
109651
5294
39050
24673
419
3560
11566
10228
6966
14252
21254
10885
27409
31960
2336
33782
52656
136034
101708
44003
103406
3382
88219
33263
116980
25115
38038
3674
1605
19312
21963
54238
53988
116372
72935
29951
10118
31674
28353
20514
26196
79596
70709
28627
47148
18161
19910
26017
132816
27213
8155
23992
31197
8567
3860
15368
21193
18704
71384
74098
20260
100022
199180
15663
58094
52516
14404
232371
52281
33485
390
27639
128489
12644
7302
18809
10306
121387
16331
63672
2759
128030
5784
205945
12896
14846
60236
29911
267
133267
89970
13511
189343
196728
47619
12160
954
45509
59740
110962
80871
38901
36839
124205
76499
137742
2202
114492
972
61300
52823
111390
55035
4722
102900
366
18402
57357
22570
2306
20340
21212
50839
941
72561
154376
82740
56863
71459
43006
44387
9518
5874
133999
20135
132257
126
13734
757
225590
97437
137110
63558
1735
8212
79576
17815
9067
9084
2896
20630
25225
66879
9808
55644
7917
63221
111699
40605
36445
38266
45600
43998
7712
18094
32482
20850
83570
1767
188748
47450
80452
108278
4715
192920
38425
67824
17612
1645
226263
11620
72028
20102
10024
48133
15162
9217
186317
38300
26885
5045
63015
10981
47510
94888
42662
134967
67956
69959
3340
7527
121787
35729
112763
60913
67679
1412
11000
3968
369
5258
120296
64317
3599
26844
102728
1432
46597
73075
17370
39693
13577
32046
51929
3580
52
167958
8957
73855
5399
173067
89994
27736
4216
55762
176215
58494
138489
69302
108413
66568
90953
221453
91340
195843
46979
39156
156607
39475
24366
90605
5765
25609
15475
59732
4660
16712
66636
46271
135402
15570
19942
10478
34101
165315
62426
60701
37004
71104
71749
76869
41730
228524
4665
49169
5899
326
173225
287640
12932
40162
57723
265720
3443
15618
8996
62088
12668
114281
21174
15231
9572
8892
12345
3074
1764
59822
4058
30547
83234
43227
11315
36948
3232
30
219525
172769
23558
22576
189
27869
102338
93177
59795
10075
17704
211100
9725
117983
50157
19980
9067
51666
19592
117438
56616
107322
132591
37355
226
19305
61594
20328
116606
9417
108416
207982
124875
11750
14718
42851
114822
94885
78360
128152
13626
38010
2230
42900
67063
3053
126099
138525
43522
69111
39789
72268
27478
12420
94848
7360
29659
117842
37179
142711
7338
20739
77410
38358
22668
259970
20753
72908
75990
1324
47291
29859
113725
194706
213882
206240
140128
142243
90987
162036
4341
90475
29234
78463
160302
198709
77289
53335
133635
17350
42915
19368
32686
106660
4154
28351
22427
21004
168768
286297
24493
10280
15435
9349
17939
55887
119040
162139
173006
20612
6738
143109
75998
73881
123838
289641
51651
137933
1913
57609
10246
74218
110794
13905
74882
21775
57801
66046
63411
64581
11115
30466
81801
651
2851
212200
1785
9005
112119
46216
1809
8244
8133
185321
5544
44203
17575
33292
18183
171268
15098
2598
63127
52223
47926
89496
38911
1045
6326
8207
74363
169840
15331
60210
22266
210810
133978
132866
6888
10931
43886
220307
55601
60991
21762
67167
30766
164196
136634
20097
79412
13268
21724
59287
53508
55212
2871
98429
266428
6593
151841
87712
10723
61721
190894
47079
20956
93955
71556
86771
57037
88829
7309
241749
171308
23515
119653
27443
54619
59231
2159
82045
171397
437
8385
38541
5723
110053
48402
467
18
12243
43263
15260
110623
9303
36782
52007
30029
41421
67741
68732
36148
48377
21530
51851
21957
117207
6701
1422
6395
16752
58385
10320
88319
21378
8709
100966
17649
28536
163627
19172
26589
17195
21817
21532
31785
43854
68727
71002
21422
17384
94251
42844
6876
66930
14271
17136
82404
395
152485
2936
142617
11857
681
73059
37607
59573
37116
143171
7320
123530
44219
144979
52530
232820
46638
1717
143580
5215
66449
9072
68882
127761
7893
65452
140351
33250
30569
18211
233100
8254
21798
17793
49603
2888
44662
54722
3635
56235
102290
925
3006
151755
10965
10414
57405
108914
5668
7388
25594
217112
2696
150069
30875
8688
44444
19538
24038
18991
1380
299248
4941
35501
5906
151726
53485
3617
7628
37140
32552
10036
43345
34677
11852
102364
53031
25077
48404
20034
20993
8892
125739
29895
12754
4424
175847
20417
30951
13272
7567
1793
10568
55179
6295
106071
11061
46957
10957
26876
6628
193480
27133
19
112157
4268
128816
172590
22728
3464
115893
114851
39778
10965
310
22846
17405
23382
53656
141036
51289
81108
159121
723
413
3467
28499
36425
57229
18496
17532
10464
300
14463
35075
69410
22180
50847
7921
51696
43844
13614
105518
177606
84335
65728
33505
151364
87657
121029
105921
50869
374
119155
66067
90634
44257
39254
36472
161216
89333
113128
34090
9594
109888
12215
8272
97520
3225
108948
41628
55104
821
44997
4885
90872
2456
4961
123
3048
1182
95137
733
10912
67920
8157
83957
6851
30062
112092
23252
59345
94208
2420
44761
8800
19411
280358
17098
181645
29414
93397
1203
12302
6826
98706
2233
29787
39044
48380
14364
3438
75363
5584
65420
57581
94463
35686
76799
76716
63184
46287
81712
48901
49920
22447
15898
13140
4759
3257
78453
3216
28114
98974
213236
6907
118142
11380
848
73633
90809
218361
34966
12476
144009
38512
59815
17022
32938
181
115737
55954
9667
276206
175711
810
14764
183160
35425
6757
104541
13338
55307
4660
30770
17550
23919
261148
51959
15883
9213
35938
63128
31453
70128
45078
2373
27866
5636
37744
10413
14080
70962
123057
15213
22806
52176
20049
194200
85680
93580
53660
94756
7427
122242
3143
7495
177123
47322
21219
30148
157983
24391
27795
172189
62979
73914
3083
91901
53112
75870
49233
113771
79809
89086
110718
159692
126683
53509
6688
7764
112300
519
32062
6051
2149
24686
96376
44586
35588
81102
3017
44932
1398
379
126333
8711
2124
23963
3260
78661
15690
41878
14501
13193
3532
48563
48502
12570
8802
20193
52114
94980
41393
7869
15817
65225
23079
181019
27278
4287
115130
51807
87863
6640
105689
50564
96173
37826
19132
15722
63408
1718
2489
42680
65494
223609
54477
12281
10645
78124
68446
32487
7502
25467
10071
12755
71914
15736
132350
1992
11801
19143
113069
106344
113883
5333
50922
36834
10734
57019
2912
1528
71365
6697
5092
119566
174916
5145
52233
25100
28034
37057
12883
126398
8709
46956
110766
98542
4551
2653
76661
3223
15166
64998
8635
59990
15581
52976
56403
16075
123538
68528
171190
8213
209
13432
99752
9020
74925
36052
14706
6635
194012
30317
157669
21567
60957
62762
10695
88488
148280
45405
35832
1275
57427
23320
118148
245934
701
21430
6970
10375
5626
5933
92447
149736
114081
34928
28651
30979
18538
34722
146830
122842
56968
35843
18380
126353
62471
35504
18106
30864
26893
19754
15090
1881
90283
31751
92534
3134
29715
102
11933
45807
138888
69419
48460
8768
11590
12515
26847
63318
13838
193796
48621
5405
9242
58891
13409
25836
4784
126543
64362
171856
20978
11143
26291
30496
203345
4553
156378
209934
4378
8278
45413
23778
112189
60132
49968
62459
2354
14537
60046
57711
15765
6580
40345
249352
97726
20942
72424
92458
27214
26063
18658
126590
40931
75522
31065
2874
40589
142301
48301
68336
5177
133637
13189
61819
19688
15497
73695
45938
11205
154817
73882
50103
175332
267
109701
31117
8105
213737
105302
23516
41710
132573
36326
7969
216610
104898
253218
46708
96948
10101
38208
68557
71268
31361
1117
2288
38250
67404
21698
62490
10427
17829
86037
18076
48073
5334
23777
124100
13856
59809
102714
8847
36367
464
54614
585
67022
7985
17530
4505
34907
20305
26967
11090
67037
87273
182115
359
23020
49598
215
65242
54207
5118
26300
32518
115275
131412
41223
59645
23734
8985
139380
61412
95375
2383
22319
171449
18491
1849
6848
59096
52582
1329
7267
63868
4693
20861
83395
16122
76927
19626
138105
5171
87037
172194
9676
177725
95968
20370
507
8577
17021
1489
171989
91407
70019
127033
65052
36974
23569
1701
1459
18751
19343
84943
166410
300425
38385
2605
19742
6277
63649
16997
56595
105939
7804
57694
35000
87371
88466
169390
76536
1914
69221
14513
1602
44807
129654
30898
44935
47879
18183
149789
41536
105846
2543
8081
416
31478
59501
91516
8059
5474
16375
56215
203750
146318
139519
7566
60525
32316
114756
30556
1834
6169
2705
46390
687
5557
72954
44887
27697
33659
78797
3193
5190
181515
23817
8279
25380
75390
68674
26530
38394
296680
18960
3244
17449
39318
85423
105983
27851
4576
111752
81607
42190
169794
26750
38204
217825
8706
62335
83202
71469
35218
20624
5138
24367
8904
6646
57816
7599
71726
86611
177895
99
114972
152568
5844
7635
16398
96869
131437
35908
28379
7592
45550
75164
28042
5734
184706
217059
3641
50871
3463
197238
22592
28324
3141
7804
9491
87334
32589
8881
3432
5771
8763
88525
1332
25076
24071
67788
183572
132229
41786
9633
59012
31420
12353
38752
112555
35785
33127
121961
7134
104452
74767
156255
11695
9858
197694
20959
188779
10
165106
15507
32888
95276
36026
32790
28939
74759
45245
33683
47249
32158
21659
55790
23677
47249
2524
158617
32161
105258
180362
821
651
27704
38568
48462
28459
11884
21112
86165
112868
26002
94866
207307
45819
179759
32414
36514
32325
156892
100949
8079
124530
53291
144817
44530
8861
169990
36042
121347
41381
74955
52004
6933
21921
17655
49309
111382
36060
14244
46646
119353
38088
10043
102801
39076
28992
878
88909
8973
24701
24367
2009
10074
6907
75774
4471
69938
185079
911
15156
154635
18785
110694
131650
6313
107041
87010
91383
18445
18130
74176
4256
14572
552
786
31757
5581
2665
12415
33704
82
53763
8992
222083
3895
7566
65563
24144
12381
15907
107615
13434
32426
161105
1763
124862
329
75309
711
62018
3258
35935
4543
1164
161525
24336
80712
76068
177998
119626
48405
51041
1141
5094
97111
43593
2735
57127
34595
89467
149291
60417
57595
5327
20924
35750
306354
3537
42345
133087
18371
3640
158016
34231
20390
20144
40877
1622
57562
50735
4489
112778
138031
3877
13158
122141
65921
14685
15836
23548
17694
33002
63037
11944
9304
142519
28502
22548
8229
21755
1210
45078
118325
170231
4884
17507
118700
15603
79491
35647
153070
78554
81413
42830
78965
1999
107321
9900
6935
310
63836
248504
8035
6923
9314
71892
56606
36395
6569
25980
56555
2522
27455
48934
43683
84589
6161
10809
119417
193375
231365
156759
111971
1293
120979
60409
223633
3748
172154
20582
4328
4028
65816
141367
86947
27181
174039
9488
141171
19283
21946
115827
59114
49954
45778
168100
24244
1742
334
51146
1946
66296
33910
51268
152198
15411
25678
18043
46232
176097
52812
6891
76721
44470
73848
172403
9773
38185
81041
72311
67522
104708
6812
1033
4784
162396
121289
7530
3775
45051
7176
104521
2628
84396
256333
28065
59099
158548
2627
110703
3925
239832
17298
6878
105009
28145
32397
21509
39405
53761
20059
95358
170915
162540
38092
72174
71501
2330
108222
173895
120
91063
15948
118331
53572
49009
63238
22735
102797
71976
63500
183938
75959
4357
19444
22718
119198
11798
197080
178336
64509
10390
18440
30090
16668
44801
17737
3250
118034
56670
15160
49204
67899
63993
14206
87307
9778
83195
9419
66638
50726
7600
18929
110416
22603
11753
137238
24782
31898
9719
116684
135919
10692
160927
22419
181392
4457
22061
143423
66669
33853
8868
2398
106604
66051
82967
10186
149178
56914
1757
14575
4579
46383
27852
40208
49699
220677
24911
36986
6163
15233
189535
4104
236514
110206
118098
154139
36709
12379
11831
103999
90624
2284
40735
6258
155883
202865
5565
90787
11812
2074
45838
124562
47687
76971
143584
33217
17778
8039
73733
17661
48821
32315
77674
91197
28931
5427
66607
38083
641
70619
12047
5710
66975
13227
221271
21086
146645
224614
20268
12994
20660
7876
14572
256607
30245
44073
55273
37543
164126
52458
150254
57126
105158
31735
65183
24444
147322
81632
12583
28783
78801
107907
130273
92756
11987
8948
46808
10849
121554
281096
30422
113280
136986
3722
65779
15315
47384
67677
658
10176
28152
3617
63186
44203
56305
52058
66877
6876
1320
30486
46734
12113
32154
26314
286520
4186
72012
99449
2760
4605
45485
245043
113435
31094
202037
52525
67360
5103
100801
1302
243723
38313
67583
9448
3195
22197
41467
32869
270261
240
261864
40341
5097
50520
3041
128816
164149
79792
1242
10995
76463
100909
44237
128154
2560
59062
25921
118108
110573
31773
12731
40934
57319
19979
270548
46599
9614
50551
71738
32039
2149
53243
10030
96191
23219
3120
61040
6368
13193
11136
17676
4620
135172
21460
71665
7362
45736
4269
224537
23489
94069
82277
13791
129194
28713
18750
47229
77077
31777
11320
131375
170964
132002
28065
107525
101573
57831
1766
92727
3483
24606
17981
1376
29714
5912
119979
105330
14874
90618
51596
15481
62859
33378
27213
11998
256763
3807
3376
4740
6533
53672
77069
8214
54529
33741
80711
57780
26828
128984
25350
76411
12480
60
24078
292456
162882
49272
79431
278610
87625
3744
145275
7942
53991
2832
134756
150864
28725
75538
86689
8054
46328
44545
47003
35195
4523
163093
1002
29327
161423
5992
33441
88017
233514
4465
8018
122550
27812
84780
6051
77841
38293
156427
11287
135638
104834
29693
126114
64379
20991
6632
40873
4291
7703
72468
31106
27088
33270
16774
69559
58928
66259
54215
8888
4762
14912
21691
143066
21511
18776
18317
5372
109712
21737
26423
8295
48929
59747
7004
116986
103868
10050
18749
1965
119964
86519
7847
31661
118332
168785
97292
91499
72242
26174
15502
12843
4941
74662
74693
86413
61991
43490
40817
8130
237292
72056
26410
127549
267706
121422
68517
88272
15524
6542
40379
20735
119440
1431
17819
57730
44646
9581
105281
58345
666
47679
7752
16022
10093
3586
44977
26209
26827
22638
52165
667
60465
42643
10357
128560
212964
56928
112003
1164
23786
175979
29401
33471
104612
10131
10034
27079
215292
22721
133928
122828
54986
17213
123000
6662
31497
168059
176
69541
5622
74647
143219
307184
5963
25600
3820
5021
6189
24378
7970
76416
206340
50133
29664
14342
22469
4264
51458
14004
58993
105117
28489
83494
30294
157759
101974
16621
20048
26598
36137
318
8804
115333
154262
60653
159759
11584
38147
42844
70605
42814
33844
64168
625
66139
49910
108620
18548
16007
39
26262
1118
22334
23943
88019
23803
31333
38140
42025
21036
8724
7285
25322
88285
51982
3935
3494
25708
319
11904
79382
16364
8394
35501
135235
19446
173884
7359
39186
222941
237424
5275
56795
51140
59501
57279
114345
30819
108851
76216
14677
193889
199149
5206
34132
22264
40328
21211
1215
9523
8746
44666
36485
12041
7657
17886
168957
30450
85789
110250
42861
9989
38196
157131
72098
41532
72382
81831
79928
62983
27358
138840
2297
26609
56801
90689
53810
12640
22445
2649
20879
8374
57444
23743
42555
96376
28089
21109
32450
32319
4498
55172
233
229165
54978
37941
144456
182078
4374
9102
9251
6292
12206
132846
7847
39769
39716
23413
89390
79629
5623
36265
18696
130737
29995
2246
4674
205316
46249
8119
4733
19850
30365
1248
73593
43136
52399
38970
5919
46093
31277
125719
952
27367
110338
117610
21953
27211
520
72731
254471
24258
60012
126463
101072
24780
27143
53155
78266
29099
14393
196885
26227
133699
50152
15967
16276
10141
79298
45868
32013
49264
15971
171234
139530
31725
148059
85488
43813
11704
186490
167952
5685
1849
85028
2053
122688
71708
49923
218
28364
83980
14527
138745
91682
24454
2237
43916
11021
9033
14438
224
47462
1703
8534
138377
146536
42152
726
51201
74907
53784
39995
23352
242274
298971
203083
8584
109637
184945
478
35010
100756
103072
2402
71948
82511
143828
134866
461
110884
135639
33857
72501
199609
39944
116167
148568
108266
31537
164588
17971
270
44521
64512
5318
4263
15184
10068
15908
27953
3782
13952
61238
168386
1728
12322
38351
4770
54723
14246
6720
60816
89809
736
158437
4642
175522
142101
33671
34804
44230
23254
52421
1835
2543
165755
11143
8659
34247
67519
188249
966
56495
31997
71253
19022
12647
87933
1089
46390
102991
14012
12255
1085
23452
4094
44646
6345
136285
52
10688
48256
189
70762
23104
11409
38440
24505
51487
6485
33322
52386
33361
108529
116625
4849
4427
19550
29513
15832
15279
74677
14850
104077
63791
6557
85041
96538
30356
63794
2377
61629
20525
13536
242663
66803
37046
25453
25329
97878
27537
19763
74838
14054
83792
52264
39412
12538
5307
113660
3075
74695
1487
2375
41855
67938
42877
34973
170390
24909
58969
25634
2032
96966
29014
21245
42411
16229
92811
62970
16951
11952
751
11628
1076
126595
9632
114280
17000
4177
29078
46246
1892
49835
3092
183600
2338
76140
184858
14939
6049
21501
3602
3387
13649
29484
137705
75590
21400
82379
33984
266
143718
25095
201724
95608
18170
100873
134253
23529
122090
57937
22990
6443
54590
99982
5295
67116
13787
55932
149125
85270
52251
81803
1409
13801
66745
98991
53919
39339
14999
4658
156266
135250
15839
133123
65051
759
103428
72681
104072
315
179
14169
7188
15546
114600
220282
20177
86000
73401
71558
82356
9141
38644
27632
99402
44574
18214
228092
27668
80901
76351
2390
13016
106243
64072
10394
4241
111563
4595
132113
36248
8241
165751
9314
4099
23170
67036
100723
4895
159135
8186
255708
70338
40681
77377
21056
165783
38489
224385
91759
3013
948
29628
5601
8597
71410
19894
119665
23907
8967
282694
19631
137362
159496
9121
13323
33313
2319
2296
10694
44908
83766
40702
6111
37721
21758
15870
35348
60747
13869
7671
30226
66500
106362
146303
33778
173757
16115
27605
16960
14930
55745
41274
12984
17424
28480
9516
50386
15755
74303
33544
69215
116940
47013
18012
17443
18748
102626
17805
142244
447
96514
170356
1622
34381
17389
55552
8953
14864
9491
138492
757
35810
83363
35718
11434
11595
11444
6466
67804
29875
61
592
331
10972
62579
116853
78797
47874
37604
142164
169650
83659
833
19390
62647
33600
27438
10971
70413
63400
16785
32129
44833
27772
143377
133828
72278
1908
14706
21876
33099
231494
5602
96473
54654
166455
56249
209233
45911
4834
174250
187144
35168
152311
58401
148792
31649
72617
214006
49970
78586
111938
16280
92174
201012
115054
97613
50646
51598
3073
113167
17864
154710
6161
33692
89891
66727
231678
69767
177801
17467
48061
73453
72858
8573
935
6565
102170
36714
177019
7049
1490
127621
259803
4764
33866
4664
6874
27677
35943
71107
79608
4230
144146
35488
107984
20808
17540
68642
118363
6872
54731
65821
68352
15238
48908
121844
32911
154092
4059
53044
116904
67082
18227
9043
34477
80533
6671
221721
59596
148109
189481
77719
245787
3792
206914
10434
7731
80537
4366
17807
609
28311
98159
28615
15609
33360
38225
43579
27023
26961
1693
102676
781
47878
11687
28503
188775
45987
27773
8317
63957
9213
121865
158184
78734
59467
24402
16359
120669
9312
3176
921
108281
51040
54228
1001
24847
79958
72315
55795
152353
94956
91215
1811
55092
19076
13957
3750
58778
111692
4323
21105
45753
103229
194901
69798
11191
19953
2227
141714
220
22746
50226
2238
16140
44952
87501
16266
36577
4289
45746
40880
59684
57747
69427
6879
124296
42078
1063
9861
9302
20656
39443
73702
16876
50078
53660
78435
104998
57472
1902
3684
5184
12092
60034
14668
272977
77507
27243
1260
10594
78000
138116
43470
144672
11542
31638
8701
43373
8809
36421
8083
42483
15381
43688
14919
1340
2098
152229
68975
22801
37710
14343
75474
33980
4335
35516
11668
18972
83522
6247
8833
8128
44792
171801
302095
87605
25863
148593
84424
193791
197401
38615
4962
151294
3830
140636
36280
77097
47703
633
16752
220986
17709
28594
61047
19892
719
48447
1730
5760
34139
8908
10678
49858
100848
88258
23019
127692
65154
34402
1154
22191
17411
38399
151047
1454
29999
50907
6980
29
15109
40316
43081
15069
285
71359
6010
92032
70862
68999
38569
86010
72050
21180
65923
6568
7109
25522
44879
7741
217727
42096
93936
16194
5
12235
45993
29161
242195
34615
17321
75839
153965
4278
31498
23001
50809
7043
20988
18785
32137
46539
58030
7150
3921
22229
75168
52300
13157
6990
149200
182303
91931
8818
69962
68945
13731
33557
120895
6419
104379
173753
29613
4055
42912
46346
44216
54877
2574
57476
58846
32115
3875
4369
28671
60094
166689
12147
90899
220691
152506
2873
27874
12691
102724
13840
12867
1468
154706
1179
107382
129306
67863
134462
618
19263
46425
2773
37276
80155
47719
23109
5075
10469
162336
7211
9039
41273
29312
77714
26088
94737
52720
41660
21884
56740
2732
40302
60711
47879
73965
22158
59489
35279
118032
7529
17977
8346
95631
10
3496
3931
38098
2571
44017
10363
68210
16087
73985
8820
5170
23221
101419
17699
175832
119841
1366
78760
42610
6050
146518
71793
109996
10280
53494
15937
114464
34489
30004
94055
43271
103495
114049
233112
93920
80306
15814
60206
109365
41288
154541
27098
26956
142289
43126
86767
43575
6550
83477
16015
93445
14823
874
100887
96474
27176
117985
20871
8523
45352
26401
14480
10946
41995
181264
65023
40860
4630
4128
7708
163816
150104
31729
7279
25622
240226
149111
110657
112959
67082
14528
16825
783
29729
23730
173337
7793
68743
35556
185177
90386
2314
23374
863
12988
12575
6155
33184
28179
5034
18055
23024
4806
30272
4701
39932
44375
138081
59898
5549
168134
15649
473
1579
22842
60104
11059
4095
93
68571
80687
17225
115302
135574
112071
63741
52578
1610
145431
104612
63605
2649
35924
51454
182667
30699
1739
85118
180733
110996
163498
13482
275962
71278
70681
74315
17528
116420
882
54577
14193
45493
26212
29781
19
2865
69667
24749
112599
24923
40580
69774
22604
9900
44993
84764
190750
191261
23192
636
138913
36954
175585
150020
34586
10987
8626
69249
24347
34233
13689
98444
64059
23649
96309
15257
8353
5734
9968
80352
8681
35548
30956
14156
131524
44459
34343
44984
199472
49979
28663
8739
53037
33307
34402
71839
83087
14479
53102
21278
79549
3415
4897
27281
86473
100678
111
6787
38695
15713
48080
34
26064
139494
30134
40096
4938
15849
130672
70313
22038
66408
4263
11535
33276
25207
68421
2110
107394
332
44047
16641
39212
84212
1402
128766
39108
77796
27610
66648
66120
33470
93364
181371
64567
41569
38694
128227
93693
79577
29597
63708
2589
34116
9830
30506
19191
302
76727
289181
215801
21650
156318
144362
4750
199952
182266
147355
175182
579
6699
121342
81109
204196
24096
48874
122950
39668
22251
22209
11556
110469
268780
23447
94306
38842
216006
20343
8590
59475
104970
88019
6290
82308
95527
21
45852
122169
187055
6089
26351
53737
65167
9746
67020
38194
6462
164604
73392
78844
51771
135154
7821
148722
2415
40921
24024
19963
7135
177112
220943
31293
7203
70138
13798
94843
52712
16976
13473
4547
20784
192678
25843
107424
9098
47661
133051
32529
34525
1534
54008
190292
20636
106562
15726
215929
2367
135103
2856
129951
79375
8410
25597
133839
229770
113263
56819
61494
22540
1145
71682
135916
3122
57483
25504
8336
60398
94600
4160
52313
2644
113964
87456
45550
56442
211733
2297
5161
104924
6224
69630
100909
13354
135885
1394
32294
65508
122329
81616
10701
1221
39852
125847
29466
115369
176575
7454
3391
63012
124584
3281
170700
75911
99876
62754
194
165056
9888
52623
55534
1917
65598
20746
173412
8227
42201
5998
86110
10757
31929
15632
57685
9976
36689
13526
149119
118784
5497
8615
53484
136391
167456
67490
10271
60833
522
61277
138503
59678
136221
40897
97158
37812
67267
866
33323
18700
43522
2330
167688
2725
1051
40559
17180
57613
237179
92729
1797
66031
3860
9693
7332
105093
53131
53040
2438
13943
52037
109182
2228
11603
1113
96032
2735
23939
105149
135185
7470
4443
2764
182
1728
213127
17608
222860
29742
116050
187402
38644
5588
68443
199520
12528
9448
16899
46680
38582
70228
46290
289
18933
99860
50720
91876
43464
8538
138734
52937
59810
58841
42425
73995
96331
7795
15810
10509
48946
59987
79341
1786
133601
15896
11883
64073
94685
23504
86796
275018
74848
1947
34472
34830
153526
95835
13295
26829
24665
65906
11207
14165
2307
46714
2753
28566
1365
148895
12020
160912
127
1405
90991
16970
137490
125873
5918
158797
9893
19101
53368
136992
181262
162893
43913
22948
18291
3973
13501
4825
26174
126308
198430
51611
50527
164590
2361
76202
31627
89101
19324
96312
58684
1906
99275
1372
7855
100375
127560
49234
17941
84714
7920
7694
30886
17757
25614
38003
27453
25393
2360
69521
23283
59915
69248
1905
87818
7351
300055
33662
4640
41467
23074
18550
34
128009
4388
20904
65082
2095
63612
26175
1790
8485
10134
19166
122711
949
112239
63196
116090
9520
152830
149857
32894
60387
215030
15484
159153
33275
88880
40887
84312
5770
71625
94875
33908
15681
8356
23582
7644
31772
198895
15048
59088
21185
14038
69403
4433
17902
33401
7572
686
27250
1749
2539
29808
53397
1047
3061
65528
46542
33635
119054
29735
8532
20164
39196
34290
59926
67301
6340
26230
19361
65386
8746
563
77486
55724
5719
2621
233
779
36413
36745
90175
49667
57113
11786
17815
24548
46865
10042
2895
47641
1988
48250
4143
45236
132358
27860
22017
11222
19926
83567
31260
181432
18591
151451
226888
16035
20114
97629
37139
8435
71398
14813
63292
10839
12083
1434
11270
26692
53167
120159
35139
65797
137737
28620
161929
9273
11231
731
146293
153301
33312
95960
332
42646
120859
319
144248
4901
54542
23461
78766
17210
35415
464
20145
121843
4503
28854
54067
87529
1012
26955
26136
5028
71863
595
13612
8318
96234
47860
96815
6596
82710
238931
236843
143678
77736
60704
41646
23901
72167
90626
34160
54342
75152
178162
6301
91477
48864
34032
50018
66038
107799
166088
65049
47548
68893
16415
72116
15688
43508
28760
210869
5340
190752
8281
250
48038
108489
81833
111330
18301
18996
2091
9136
43222
9895
21605
26717
20254
118460
180288
94068
128306
54828
7998
170713
50381
77910
9136
16984
5652
30308
199034
67378
16112
99786
18977
26794
6566
13301
16873
51129
11657
42125
12104
10002
11301
14931
41358
86426
38413
31930
3560
3854
24424
45159
89106
26420
13428
35875
1349
36623
195439
2264
175
91324
103136
23148
6361
72241
9860
17244
20473
62098
162
6427
45078
10831
90148
61259
116239
35547
14186
67740
72611
172534
73933
79126
239836
17204
53552
206335
12228
66663
1785
16703
18552
12863
27737
121080
2637
82661
1474
146741
30364
97235
203912
6822
86535
8810
29610
116834
76359
74323
18145
73444
2988
62017
105580
147785
147564
91946
31826
6713
259662
22365
16362
39778
78330
6857
44811
223288
30072
98098
68542
23
122866
24204
73024
13897
6480
3591
80526
37765
18808
6618
27662
5742
48820
165608
134584
7673
8089
25250
72262
57204
180101
128955
4181
73282
13068
32064
94169
3193
187072
54879
1878
56423
9883
57548
1764
14244
5020
26752
125856
30675
7988
9889
26461
1037
92970
65017
53710
58459
47025
153599
40021
4413
6254
127986
25353
49546
25496
189858
39178
29365
126601
37929
20050
5304
95944
164285
49114
42391
1871
185772
87926
43746
5415
67227
28894
32527
808
98344
16240
100941
33914
23251
45572
1536
173450
222795
4249
10086
14384
62125
10494
23707
914
81704
16882
107720
61449
41117
152525
76466
1817
81269
11816
25584
77972
393
4581
34036
150402
109152
188894
33754
99918
8385
1054
84843
1978
85489
26593
97011
48050
33228
140617
21809
275866
45134
99765
25285
5510
31921
38602
28254
3265
7359
109268
12664
791
6596
9754
93120
115479
3758
160867
12070
28805
21618
17817
120309
44330
171875
2764
114734
126480
30830
204592
44063
93440
36532
31610
13837
84342
10490
23695
51483
28937
67028
17117
4334
54166
5016
77013
10874
107144
2
100093
38678
35689
50313
95446
61696
73276
18628
2973
13366
77202
1274
3649
30402
157652
50369
129955
15747
50233
47086
35245
225602
23433
2348
68109
54693
11351
90827
31516
10918
180462
20003
53724
77789
62313
74211
75366
56657
20569
9868
