690
609
1367
1754
1341
1473
1571
46
1398
816
1416
1042
804
1281
1321
939
1763
924
1853
1698
1380
817
1809
827
1430
1989
1097
149
1082
1098
891
1079
352
1727
1196
1146
155
1230
1289
871
1488
1462
1241
0
1316
1645
1968
1021
862
2158
565
1073
1514
1560
1019
1701
727
1600
1595
1901
1189
1185
257
1371
1981
1197
93
1616
1803
1052
332
1578
123
1617
636
1548
1346
1762
1151
677
1173
1287
619
1527
1075
1965
1757
339
1253
1249
581
1445
1708
1783
601
1919
1212
605
1659
1578
580
707
1086
1509
288
245
57
1289
827
1372
1261
1817
2218
1173
567
1363
1456
1733
329
1618
1688
1032
338
255
1259
653
1110
1374
1064
1216
1516
1072
1854
1585
1483
809
1764
1839
1757
925
1615
843
453
1354
1238
478
574
671
1502
1266
1334
1013
1521
1354
1524
945
913
1526
1727
465
1120
1563
698
591
361
1899
894
1739
1395
1512
850
940
1075
463
1402
842
1063
1851
1464
1570
1001
874
1388
1704
1485
824
462
1004
463
180
1561
1737
1171
1457
1600
1728
1541
539
1746
935
1320
130
1211
1498
1283
1512
1075
1925
1032
1171
1529
334
85
1076
1535
1856
1368
1639
135
1366
1752
1748
1185
401
28
532
1059
1190
1161
420
1017
173
1744
1551
697
964
628
1358
1689
591
477
397
1273
19
1073
1428
1731
1073
300
891
1839
1243
1218
1537
1514
562
1100
1409
1340
1707
1440
765
680
1540
337
1451
1094
2010
1684
1531
1802
1520
1017
907
1162
457
594
1333
376
625
1219
814
1447
1489
1670
1535
1967
2049
1410
1806
1726
1097
1325
629
1474
1011
296
884
1501
1763
992
1359
601
396
1564
610
1253
279
272
477
1321
415
295
65
673
1259
552
1521
1028
955
1028
1469
1581
981
1604
1509
1600
1433
985
1307
2065
1039
635
1504
1285
295
1111
1307
1614
330
1776
1811
1792
1052
866
1104
1608
1293
206
1708
1072
1002
1066
2269
1104
562
182
1052
1230
1851
1031
1429
771
494
239
92
1879
929
542
752
2117
1597
1450
1592
947
1092
1997
1971
623
1674
1586
1434
882
1491
86
36
1578
1452
1578
506
969
1783
2020
1827
1362
1273
510
1488
1358
0
1020
1690
334
159
1066
1582
1427
1518
693
1226
1588
1371
514
1462
476
663
1882
1254
344
13
1200
1093
230
1889
982
1914
1292
963
1287
1619
1794
1390
1672
968
895
1642
1725
834
1606
1394
1894
1473
852
1384
1947
742
1515
1366
679
12
534
1271
99
475
1655
1318
1830
85
1609
379
508
574
961
1339
1659
926
1364
1278
1469
1042
746
1781
1279
1603
1148
1156
846
1863
1105
1528
1116
1804
1947
1857
1569
1470
370
1467
287
1853
1638
1655
413
317
1611
1392
572
1629
1155
1418
1680
1529
908
1717
1392
1596
1674
484
227
1884
241
773
1738
49
780
1114
1152
1329
494
380
758
675
1295
641
40
1185
1199
1159
1131
1133
1410
1340
1205
176
163
505
1456
1417
1945
1266
1813
64
227
233
1497
1181
1447
947
1284
1946
568
1651
1431
661
649
1355
923
1589
359
606
667
1905
1620
844
1258
1140
1224
754
943
469
1652
746
1577
1775
619
521
508
1872
1413
1234
1039
1750
1377
1308
1530
1265
168
1607
1650
1041
634
1336
1586
163
295
1292
1591
2153
1559
980
2015
748
2152
229
773
1633
1423
1814
2064
2005
933
466
1403
960
58
1289
350
663
1753
317
143
835
1486
630
1308
1500
273
1581
563
1173
443
1397
1695
316
968
960
1452
722
1943
1440
327
1528
1539
469
1421
937
1275
703
1094
1743
178
845
1580
1444
1416
1724
1836
1738
1918
1430
990
700
907
1416
1430
2105
1374
1473
93
874
1462
1239
1483
410
1610
946
1180
1384
1050
1035
1125
750
1761
1532
1121
738
490
1780
2054
855
910
2230
979
1319
777
856
1692
953
1361
666
1326
545
1341
1734
1510
906
245
1406
1966
1420
1744
1598
339
1171
1818
1924
1245
1801
1246
1347
1007
856
1814
1069
833
1632
550
1228
1704
1420
1415
1078
1719
547
1991
1953
1501
941
529
1410
1360
1907
334
1439
1915
870
663
2125
1285
1142
1783
663
490
281
534
1787
724
938
44
804
1074
1455
1189
1930
1578
1272
1718
129
928
1381
1040
1366
0
1703
1588
1571
1537
1638
1044
1148
1237
678
1427
1761
1381
756
1086
1884
376
1762
1797
88
301
1207
1117
535
1963
1641
1187
605
1247
1291
905
761
1446
2067
1585
1845
1430
1945
1178
1869
1254
359
257
1316
1521
1598
1538
1328
1152
564
1119
2
1987
1135
1664
65
1689
1027
1045
1342
1547
1610
1823
910
1571
43
1475
1259
2222
1594
1436
1024
1365
1267
1506
1928
1421
1079
1498
1791
1066
1431
437
1410
1062
400
1025
1906
1609
1572
1409
808
1051
1038
1247
1344
1650
1148
1395
772
1416
1621
1791
137
1055
1404
2234
160
2103
1109
434
1387
1452
720
1584
1314
1838
46
1567
1652
148
1481
1538
220
1005
418
644
558
1243
1235
1493
1753
1014
1201
1336
1335
1723
949
1362
526
501
1444
1927
1588
1402
1516
711
986
767
1537
1739
67
1687
927
2229
733
316
1947
1799
1429
1453
1661
1718
422
145
1326
254
1136
843
1145
1212
748
1524
177
1436
1007
556
1870
1142
1588
1583
885
754
1795
1694
1653
166
1566
1313
1174
780
1402
394
1592
176
1063
238
1439
729
247
1283
1651
183
1334
1260
1865
650
1683
1191
1223
1095
1878
717
803
1561
707
1053
1520
495
1138
1062
955
203
1501
1417
116
663
1784
403
1579
502
115
1378
1842
1580
499
1413
874
1199
1427
1284
1462
1038
1434
1597
1291
1058
937
803
730
1182
1032
2133
442
1134
130
1568
1062
1318
1698
2105
1223
1631
960
2081
896
1187
919
1203
1286
310
1111
421
1400
286
1430
886
209
1374
575
1458
1547
1166
1170
1367
189
1592
945
1389
1448
1245
824
1603
1134
971
1986
1525
1057
351
1734
1652
1467
1768
1381
821
1728
777
1643
1148
1441
943
482
1409
178
1319
1278
1092
631
393
1169
223
696
1534
864
1842
1000
1559
1177
445
300
857
1533
831
621
2207
1146
1847
1325
882
1143
1628
1333
1883
398
762
1326
1496
1222
979
1461
1700
230
1278
1287
1455
419
684
1740
1449
1637
1863
101
1323
1461
1481
1190
716
1819
201
1568
1065
1119
58
434
581
486
1407
1395
1425
1150
1490
994
356
505
1711
1479
646
1506
901
1654
803
648
101
9
1343
319
1631
1730
496
1611
695
1300
1991
2127
991
562
1218
1174
816
1246
278
1156
1606
968
886
291
1331
1635
1349
1408
1696
460
1224
1875
1827
2002
1258
989
545
581
931
941
451
1357
619
490
1518
1479
14
2053
379
150
1835
1566
1479
1612
877
353
1214
1895
814
1695
195
1533
1920
593
1256
868
1217
645
1313
1703
942
984
1486
1452
1471
249
996
1939
1763
1064
1208
574
1093
1617
84
1578
2134
535
1273
951
1179
1345
1890
1062
1937
251
725
1046
1283
1539
1461
1371
1653
1586
1574
195
1453
1675
1718
1514
885
2101
515
425
1621
1236
365
92
1968
1322
322
2032
1611
1479
1112
930
1602
1319
580
927
1621
731
776
1139
431
1316
278
1569
1502
2034
1443
894
1242
1147
901
697
993
1510
1980
1624
575
1430
1778
724
192
1586
1573
771
1415
1234
729
1651
1510
194
1296
1615
1877
1087
1753
2058
1222
1368
1054
451
1795
1617
1722
1525
957
488
1157
1504
2056
309
2036
1646
1965
1166
1740
1113
1569
337
352
862
1559
1050
925
387
1478
427
1344
675
312
396
1257
1010
1408
850
1178
1796
2158
1321
1498
70
1999
970
704
176
1005
326
1552
605
1274
1405
178
1287
871
104
598
1140
1740
162
1393
1717
405
1558
1269
1259
1655
1074
1805
67
1610
1481
1587
321
1146
1627
2140
1226
525
1056
295
411
1960
223
274
1782
414
1954
1357
1370
1514
1185
945
531
910
244
1840
1655
1498
1240
1692
1695
1555
921
1608
1469
2099
794
1701
1892
1987
1686
231
1077
1499
1673
1612
1608
899
1459
813
1733
1576
1630
1619
2218
1548
1417
1180
1599
1353
1764
484
1337
1856
912
342
1278
22
870
639
1146
1553
1223
1218
734
1403
1675
371
235
655
1701
1452
690
1655
677
968
1660
235
1367
1820
715
650
1326
1505
1507
1021
1888
616
1400
1930
682
1973
1260
1547
1566
1750
1309
1318
1451
1537
1464
869
1054
1624
1857
1005
986
163
1057
860
1000
1705
996
318
457
1156
1453
1468
1648
1289
215
1515
1667
567
1914
409
1458
1638
1702
1054
1472
667
1678
1468
626
1026
1667
1674
1406
1339
189
612
128
1127
1426
1389
812
339
1158
2063
1425
609
1695
647
1389
1774
1197
1438
854
631
682
879
1385
1509
1295
1113
1251
697
584
1698
1283
1170
1914
1387
1492
1653
1456
1056
384
1549
1588
1213
425
517
1385
242
1721
812
1777
1528
1382
1583
1566
54
1646
1285
1297
1706
2054
1015
1126
1669
606
1606
1052
1854
999
969
1592
326
1136
1602
1523
1668
926
1597
1136
687
683
604
1470
1819
1246
1588
1540
1553
1286
1623
1525
1860
552
1098
737
523
1085
1672
109
991
1708
1275
1375
719
563
1957
1514
1886
258
902
2029
318
1183
674
91
1848
1722
324
214
1705
1370
1614
1709
565
1577
1283
1508
1654
767
397
1348
381
948
474
1009
1910
1508
1197
1356
854
622
1642
1178
1389
482
1355
657
2092
1118
1479
1616
46
1008
489
1768
1550
393
408
1571
961
1533
462
1621
1265
1551
1543
1128
1673
1023
1356
1350
1824
667
1918
1323
1957
1808
1718
1543
2281
1882
116
1132
1486
594
972
1751
809
937
580
1654
1105
40
475
898
1516
718
1612
1716
496
1311
222
213
563
1563
1409
336
223
1908
1737
549
1750
742
262
1525
1766
589
856
1934
1569
848
1338
1422
667
1018
838
1768
2039
1155
914
1249
1378
1350
516
283
228
1198
1121
802
848
90
1115
1001
1453
1156
649
78
1699
1118
938
1519
899
1707
894
1241
1107
1380
1739
668
749
353
1852
1423
524
1306
799
1540
1563
1376
663
1074
434
1873
1130
618
149
294
310
1110
1812
1055
1483
1552
242
563
1216
235
841
1213
758
1569
1512
1035
1185
1667
1134
1189
1600
209
767
666
1067
1722
1574
976
1404
800
1729
1029
141
1315
88
1652
1624
1415
1103
216
811
967
1443
277
1276
1294
1578
2229
258
1973
1402
936
831
1189
1780
436
1632
416
1364
919
1186
461
1707
1674
1081
1554
252
1390
705
1594
1449
1472
526
1674
805
1875
1662
1895
921
1337
1732
1437
990
1689
1372
1357
1717
894
1841
566
1759
1521
955
735
1546
1685
1815
723
1464
888
1655
1393
1227
1073
728
701
1796
1379
1542
1450
1864
1661
1373
1395
147
1288
575
470
1527
1611
1331
392
1215
1564
175
51
1328
1674
1339
1157
1415
305
1591
1243
487
1686
1841
1473
1698
1597
1500
533
687
604
1141
1310
845
1874
1487
188
1387
803
2116
969
956
627
1063
607
1189
1589
1453
2058
144
1836
1335
1007
1681
340
1408
1644
1338
466
1410
1527
1402
649
1070
474
1543
1573
864
1376
917
2234
1005
1607
848
1323
1594
1678
956
2135
1467
717
784
1765
946
1470
1628
1289
1637
566
1495
1969
597
940
1593
1311
1966
296
1109
1234
1775
1725
1227
632
525
97
839
920
320
1500
1242
1679
1017
1884
1602
1364
164
794
1717
1610
855
1177
1678
1600
1630
1960
1462
1391
278
1222
1745
1140
1122
1705
2060
1512
1699
1213
1338
1048
43
617
1704
1262
1964
1482
1506
1305
1093
1644
1506
746
1520
63
1182
778
855
1610
1233
637
1672
225
404
1859
1563
1727
1309
1357
1563
1564
1281
1325
153
1392
815
2144
999
658
1808
474
1380
530
661
1933
1566
282
1774
1259
1141
2019
749
702
1315
898
1846
1416
448
1630
1490
189
711
1301
11
1695
143
703
329
1314
569
1000
1641
669
1556
1687
1588
751
994
548
1302
902
674
784
1655
1714
1721
1219
10
560
1609
956
1745
1272
1680
345
738
1220
876
860
1993
1886
1447
903
1775
1340
1274
863
1736
1235
1991
577
21
741
1123
1054
334
1551
1209
1299
1355
1247
559
1061
179
869
29
686
46
1742
1547
280
309
787
959
1774
2002
1553
1899
1263
945
1822
1349
1126
1700
511
1888
809
394
1300
1321
1569
1327
1387
1058
999
1503
1029
1499
1046
1499
1161
1212
1318
1564
1468
895
1070
1539
950
81
1491
561
1383
726
1520
1539
59
718
1599
1057
1453
1182
1452
1000
275
1587
1007
1959
1407
1292
1515
1629
1446
1695
1610
1461
1533
304
1592
1446
2184
1606
1594
1549
1768
1650
1445
703
644
657
1256
1128
1078
911
1187
1131
519
1343
132
1001
1168
1669
663
356
1098
148
183
1008
1100
1342
1512
631
1369
1579
2022
826
1095
1286
1728
1894
1214
1807
1434
1015
1111
534
1618
242
1238
1412
464
830
1574
2129
228
104
2061
1006
1951
1207
1160
922
1556
1258
1691
899
725
1603
375
974
111
1757
710
1221
1935
702
640
421
84
251
1381
967
142
378
835
1518
1542
1557
1738
997
1342
620
489
74
1095
1994
1369
123
1156
1649
1972
1456
1350
2001
66
115
1518
1362
1668
1560
1571
1554
817
993
1484
1889
517
1781
1260
28
473
328
1541
1619
162
135
142
261
363
336
1658
428
1537
1306
695
403
266
1906
571
1598
1764
1560
475
1301
1546
1241
2230
2009
1933
1468
582
1647
573
549
1450
1293
120
1766
561
1381
1664
1326
1782
548
1221
1488
1666
2111
1764
1623
416
1814
431
996
1341
888
994
1340
1371
1081
1067
1409
1755
265
1000
1360
1586
1760
1920
1590
159
401
1100
1111
1782
1525
1886
1535
1966
1214
1537
1849
532
800
321
1095
1449
1062
1541
1607
1199
1331
320
1176
662
1330
1304
1196
1022
2030
1175
1680
1024
1612
1006
1434
1771
427
1220
1346
538
1426
915
530
1328
1611
870
1239
284
1256
1672
993
860
491
1092
1034
1394
136
1443
1373
1584
1453
1315
946
1439
601
15
1913
1564
1071
1065
1172
1425
1109
1223
1738
1136
1689
29
1819
1870
1399
319
571
1389
1271
447
836
732
1280
1092
774
602
1259
1226
898
1209
457
1215
1636
1210
1493
979
1135
640
454
677
1582
755
1532
1573
1552
1250
1373
1456
64
1475
286
602
2079
1496
0
1558
253
2063
1427
1579
134
640
1525
721
1575
1656
1707
522
1506
189
1882
1768
1274
1761
1941
1601
1629
243
936
922
1387
1267
564
1356
824
1108
408
1280
1402
1328
512
1792
1570
337
513
1678
656
1393
1215
838
946
805
1427
1623
129
772
1105
1338
1440
355
1856
1500
1131
752
2075
1553
1401
1638
479
1863
1123
1203
454
1153
1403
1618
1466
1660
240
1005
2081
1087
1331
473
271
2016
969
74
1088
1638
881
559
1042
1290
883
976
697
1530
1010
1582
1526
1510
20
1407
1604
1380
1438
849
1616
906
1259
1267
1462
1235
915
1425
908
943
1269
1224
1164
1963
1581
1693
1483
1955
2063
1975
519
957
1255
1389
1385
1323
1178
1294
452
1055
689
1482
1839
1406
1600
1347
1578
859
1899
1284
1417
1570
1976
718
1344
823
1738
1626
1296
1182
867
278
648
1428
1691
1018
2170
1622
1130
1709
1067
1627
1596
827
968
1503
1328
450
1501
1527
591
1420
1912
38
881
1380
1838
1130
707
2182
262
1090
880
1922
774
626
85
925
683
1035
913
1521
1789
1976
1600
1286
669
1299
1218
1604
160
1576
1390
1153
925
1509
398
1033
322
1330
24
0
207
1918
1166
769
852
684
953
1627
364
1638
77
1251
1201
1543
615
1853
230
1443
1594
486
910
1863
682
1331
1527
1155
1340
1430
2119
198
1743
1039
1244
609
644
1545
674
1188
566
1137
1402
1384
551
1358
839
1710
1183
39
1985
1147
1441
32
868
805
1780
784
259
654
79
1724
766
11
1497
978
415
372
1333
1468
1437
1687
626
663
614
1396
806
1965
1641
1666
1170
825
1565
1409
1599
1540
1555
1399
831
1431
1192
921
1448
1769
758
1605
1531
1038
896
1714
1535
1268
414
1623
1469
227
756
925
1311
1218
1733
846
1404
687
1067
1245
1012
1514
1508
522
1456
696
1183
1858
256
1605
1684
1741
618
1735
291
1554
1013
30
1974
1250
637
1162
912
1224
198
1351
762
1417
290
577
525
729
1444
113
815
152
1449
390
1531
1225
179
404
663
993
2003
645
1672
1959
858
845
1609
693
397
981
226
449
349
215
1610
663
108
590
731
728
1503
1312
1210
934
623
846
1067
1017
1347
1078
705
1940
1525
1396
880
209
1674
1636
1806
1538
1321
1567
639
2129
763
1022
1208
1561
1267
486
470
1197
221
990
1830
1069
1370
1690
1540
1465
1582
1122
1002
1475
1892
949
1453
4
1271
1705
1174
1822
1243
890
1805
1397
1685
1055
1441
873
1766
1234
371
2165
685
842
1723
581
456
196
1826
1087
1193
971
1539
1752
1315
1927
1290
1352
1370
1598
1331
1865
1325
634
1821
1449
1549
1528
1541
1435
1636
1192
1613
1509
1412
1631
1570
364
952
812
382
1752
1727
1309
1022
346
1700
1679
1767
1650
1632
1272
1350
183
1549
1694
1376
876
1282
1494
523
1651
980
1580
433
8
313
1092
883
1617
1018
1112
1081
223
696
1716
1425
1830
1203
1417
588
1416
1535
514
1395
739
1696
1448
1378
302
993
1027
1533
1199
684
1217
1458
631
255
1410
785
1410
767
1377
571
1630
71
1541
408
1605
1628
1616
805
1475
227
1840
752
2037
1830
1639
844
659
749
1018
1541
620
1729
1598
623
1078
1947
1731
895
1340
618
1068
1532
821
1609
1565
1139
787
1346
97
1233
1085
568
427
428
986
1901
1299
583
1626
220
1451
1322
1409
2051
965
1304
2144
1332
1808
1157
1496
2133
1451
1647
607
1088
1195
1169
970
1320
1474
774
1589
1525
1481
356
1785
1616
993
756
270
1408
1617
1609
144
722
1151
1108
936
1096
1531
1531
1460
1157
981
1486
781
807
566
1579
1679
1727
644
1582
1653
1255
548
1436
1297
1094
1674
133
1629
1695
2102
1822
1460
2019
1362
565
1600
486
1753
1284
220
1686
697
1613
1274
1513
740
838
760
572
1862
1212
1270
1230
714
961
1597
945
914
1769
1595
1875
1572
625
1915
1667
1542
1365
691
424
202
1710
1825
542
580
631
420
1037
700
540
1546
1769
147
1746
239
1436
1435
407
1048
1514
1666
955
109
1604
1690
1532
1569
1415
1532
957
1281
1676
1288
1763
1781
937
190
1468
1067
1357
1769
50
1271
216
1543
1383
1479
518
330
1242
692
1785
1760
1665
1639
820
160
1970
1841
1942
750
1261
1870
178
1513
627
1333
1290
1364
1611
1000
743
392
1622
765
1542
696
1586
1938
1414
832
1552
906
2157
1710
292
402
937
1521
1271
402
985
1537
1003
1129
1766
35
1631
138
1493
1906
1503
807
1341
1265
1131
2128
1294
1624
939
1605
1467
63
1442
1241
725
1405
1288
1262
1912
1680
710
1529
1166
1111
10
1975
1778
1592
375
1994
1596
997
1011
55
1651
1351
551
219
151
52
1764
1523
1540
1185
508
868
612
108
1482
1450
1597
1503
975
1700
905
472
1884
1623
1774
612
697
435
1904
993
631
862
1012
1140
399
321
174
1624
1008
139
1416
762
1319
94
1245
207
148
1853
1675
1188
761
1008
1513
1938
999
1478
86
1494
1601
1639
546
1822
1499
298
1369
368
1517
1589
1216
1582
1509
995
1238
630
866
1175
1679
1314
173
1482
1094
1764
915
1701
1126
1210
1731
1092
1549
538
1213
503
1090
875
988
1103
1640
1786
1503
2094
1196
1788
1290
929
1740
1647
1267
1331
1936
1250
54
1121
1650
0
668
518
1649
1381
1223
1481
1755
1838
1003
879
1455
1051
584
1627
634
2013
1419
1389
1308
932
1450
1290
1019
1111
1339
896
1848
993
1105
948
1901
794
1336
1859
576
798
191
1403
839
248
1586
998
503
1138
1433
1032
2111
1011
1845
1433
1717
979
1221
1229
1333
1576
1233
1261
524
433
2058
1184
1087
20
572
1843
1488
1798
556
1510
1711
1860
844
186
1478
1900
1929
1271
466
1653
837
1105
1622
1846
1548
1925
1480
1587
1342
1923
1634
1110
1521
2002
1909
1600
126
1094
1224
1451
1796
1159
1458
23
961
1599
1268
1907
1612
352
612
1573
714
1528
1433
1269
1569
240
438
1938
1450
1209
1745
1657
1583
1514
810
977
1627
1139
29
940
1144
1650
569
899
587
1532
1819
1375
570
1022
1066
1326
1705
1623
886
1685
2043
1721
488
286
840
89
1491
1348
1797
1307
1435
1540
1572
1137
304
1452
1272
232
1461
1193
264
1317
1912
1502
1631
1723
1833
1048
603
1893
191
491
727
1654
366
235
1921
2113
1547
1660
1609
1368
1350
1724
1937
1268
1085
1912
222
1879
453
562
216
734
1494
1571
1094
1472
1697
1012
523
1149
1269
297
854
2131
1453
1701
1810
1032
1482
1515
616
1566
1670
1425
1432
1513
1487
655
44
1165
1564
1444
490
946
2051
1558
1582
1254
1374
742
2061
1014
870
1495
164
1135
1402
953
1758
1791
1282
1121
1582
1430
1660
1194
1501
1742
1450
293
1364
1539
1323
791
1652
1403
141
642
422
1608
446
1813
1575
801
1659
1485
1438
664
1493
299
377
1330
94
1401
960
552
1206
1082
1346
53
1630
888
1970
398
813
1376
1636
1691
404
726
1329
1742
798
1197
1809
1201
1052
1515
93
1115
1741
713
1554
1227
1420
623
1159
841
1299
1207
1717
1792
1697
1068
1433
957
1197
814
1381
1374
1637
1681
804
1467
831
655
1334
1354
1402
1595
1153
888
1130
1366
1365
1203
1762
117
1738
325
1917
1414
318
632
1901
1413
913
1604
1357
1279
1088
612
565
715
767
151
75
640
1238
1929
1324
881
932
449
110
872
1271
1493
1364
1910
1357
1649
429
567
1894
1104
1250
1565
1375
1253
1713
1291
402
796
1306
1541
1208
827
1848
395
2128
1604
1073
377
1610
1692
2
1520
1946
1660
1106
1064
889
1877
1711
1560
1515
1285
985
307
1690
163
199
1579
1316
1102
1271
887
1899
1057
313
493
1151
855
1641
1681
737
868
769
1107
1516
1588
2150
133
1576
1617
66
1258
529
662
1100
1381
184
1450
37
2098
1531
227
187
1479
248
922
1004
900
908
1556
739
1737
1603
1539
1753
1555
1683
1181
1739
1275
1621
753
829
237
1832
290
529
1545
275
354
1290
1265
1444
1640
1088
356
1082
1310
896
1317
1753
1378
1971
1570
1353
1015
5
224
1130
850
1417
1692
827
829
488
777
1085
846
1498
1703
388
908
1015
1985
125
1669
990
1806
1398
784
498
1045
1744
701
268
1443
666
547
1254
1584
1198
1232
1735
1674
1479
952
928
1044
453
725
456
1379
1580
244
1549
1572
138
934
1372
1022
77
1184
1286
1155
1849
1777
1119
1575
340
1743
1446
1241
1626
1719
778
996
277
1289
829
1469
1416
1737
1305
1350
513
1100
1731
1688
1945
1647
1181
631
875
608
1750
672
381
1529
1184
1589
1532
1423
77
1204
880
806
1109
1484
1979
1470
1456
1243
158
181
1166
1415
957
1949
1818
664
2071
1609
1374
889
156
807
1725
1619
173
1514
229
1603
1787
1098
1592
1813
1524
1051
1497
1373
1655
895
1332
499
2074
268
9
1560
1109
1654
240
1370
1099
29
117
1669
1398
1448
148
1461
1874
1622
486
720
713
986
872
1329
273
903
1091
1293
1806
1476
274
467
1778
1300
683
249
1420
496
790
320
1580
1062
1540
1575
842
1089
1936
1734
1525
886
581
1166
871
848
226
972
1345
1706
1645
1612
488
1126
399
157
1378
1638
677
617
1290
1107
279
386
928
1167
313
905
1555
527
1177
970
1636
601
1401
278
1295
918
1252
1473
74
766
879
491
1893
1540
170
1203
371
2075
772
263
1343
122
1637
2050
1373
1453
1334
1167
975
916
1137
830
234
1098
1957
1657
1278
1502
951
1459
1111
327
1189
1752
1088
1335
1354
1808
2032
1901
1166
1496
70
1561
1181
1405
41
903
71
50
1759
1549
1233
1378
1731
1283
979
681
1481
1578
1304
1085
658
1018
1646
1055
1265
377
1394
1257
1403
940
2047
1638
1618
1785
1154
585
31
1168
731
1205
1268
1521
627
822
1723
1063
1678
842
998
1544
1059
1421
1015
1144
1933
1114
1959
1927
1028
1675
1253
1706
760
895
2197
131
1475
1336
1118
29
584
1930
1434
812
110
1649
1323
1568
1340
1786
1060
1525
1830
52
1821
1645
23
755
1063
1006
1464
1111
549
1474
971
497
1245
870
505
205
667
1661
634
969
1028
993
1491
1455
1796
554
193
1354
333
1242
519
1318
1740
1764
1410
593
2071
1375
890
1248
406
1305
1400
1916
909
1753
1131
1705
1281
1957
827
1330
1470
1507
1256
413
1322
1909
1450
1791
508
1040
1735
390
1526
285
1838
1859
472
469
1640
1021
805
390
741
1677
1132
622
1312
1267
946
1294
914
1463
862
1191
1301
1908
1718
2016
632
1496
1721
1645
1029
1561
693
1186
1549
1368
485
543
1041
1872
1827
1042
1243
1306
447
846
1658
1376
1134
1261
1713
1131
257
1993
1386
40
144
257
448
252
3
175
1186
353
1635
1250
1697
891
644
208
833
1862
1424
636
1562
65
205
1525
481
615
142
1710
1325
1219
226
1727
643
1241
963
1391
1515
1275
557
263
1523
1697
1325
914
169
43
1131
1899
1631
305
638
983
1863
578
40
1535
395
1724
762
1667
603
1463
1633
1181
392
891
437
732
1105
631
1567
1598
1587
1021
466
215
868
1574
817
72
1293
1708
227
861
1406
985
394
1664
919
1148
578
1641
1706
1142
1384
1429
230
78
609
1238
1130
2046
1446
1722
1014
603
1385
98
1080
2112
1153
190
1407
1234
853
1725
557
1668
1385
1082
1645
1617
0
1104
984
1618
1095
1572
751
1535
1397
448
627
1395
185
147
87
1133
377
1364
1240
1262
1168
642
992
1053
1760
422
865
1554
1803
1536
1652
1318
1282
1036
1809
1040
1311
680
1738
1336
1718
873
709
1255
1328
714
1996
1843
1528
982
1607
1634
1267
1251
1748
1602
1986
1300
1684
1248
1748
1064
1556
1782
1502
1071
1191
1155
1291
311
831
1265
1686
1036
1583
1982
1354
1269
1726
1416
1914
2184
896
1344
623
1554
1016
868
1055
883
618
1123
1402
1666
913
1709
620
235
1678
1780
391
1831
526
603
1101
1573
1242
1774
1484
1460
522
994
527
1755
136
1528
2010
211
1924
1491
1478
956
134
1405
1594
854
1627
356
1436
1768
1075
1810
1550
1123
333
1702
1379
1066
1371
1759
1288
1403
1728
1536
1822
1958
1726
1768
706
862
1320
1554
716
1404
976
1055
1259
2073
1731
355
417
1688
790
999
522
1294
771
1774
759
1797
1111
2129
1110
1662
877
1097
2154
1525
1379
1823
801
1349
706
195
1337
1998
1817
1286
767
235
343
1601
1394
1507
989
1550
1930
1280
966
538
1136
1660
679
2325
1094
1481
1133
1261
1415
1091
180
1290
1387
1777
1547
1104
1816
381
1726
1412
657
137
1730
1237
738
2043
778
1468
1062
1516
1611
920
1634
1394
511
1042
1782
1451
1765
1305
871
766
1541
673
1744
1253
305
1939
908
1176
729
1548
1639
1483
1651
1415
983
514
1679
1710
1541
1658
1601
1116
215
1168
1203
325
1548
133
487
1822
825
967
1674
1651
984
290
1697
1414
769
157
961
282
1784
2123
1049
1291
1615
1666
1338
732
950
578
418
1288
952
615
1144
852
430
1614
1718
946
21
1250
1312
1654
1118
373
788
1238
1343
1328
2340
461
1173
658
209
1193
1634
1540
1716
333
620
1320
757
2040
1382
1312
1798
1122
736
654
1347
1849
844
1629
1686
1664
773
1153
1466
608
1311
1773
1499
425
1622
1504
43
878
2102
2072
566
954
1513
1635
1563
869
296
1396
1764
1779
748
1456
1249
1915
1220
941
1559
1542
1852
1441
138
121
1685
923
1080
1414
1786
1322
1648
1689
261
1496
375
1388
1480
138
136
776
922
642
1487
1157
1942
1640
484
1038
661
146
434
753
952
1508
1196
984
912
872
737
464
1280
1192
1299
1112
742
1495
1250
1093
212
1023
18
1561
21
500
1263
1141
1342
781
588
1725
1650
1574
1513
1213
1707
1041
1134
1044
1402
920
1537
1697
1766
988
316
1971
468
1269
1223
1269
295
1311
297
71
1594
1825
1501
792
1863
1338
1576
1193
1698
483
1198
1472
1352
1302
1380
1147
663
1544
1490
1243
1201
1581
922
748
393
1522
152
1670
1000
174
1377
785
882
1794
1509
1513
887
1733
964
469
1094
1577
1813
766
1782
1703
162
1518
1850
387
323
1669
1367
1947
325
791
1746
1879
1914
1739
102
855
344
1806
823
1600
697
1657
1672
1354
1071
1595
1815
361
677
557
1114
1299
2072
549
884
1657
1746
1165
1943
481
611
1599
1629
556
1341
493
1286
70
1395
342
1441
756
841
1425
1070
1603
809
148
1225
31
500
476
1308
1598
2187
1613
2082
948
1544
591
600
1516
106
895
1389
162
1590
1243
971
2064
1171
1168
1511
1398
1463
1392
338
615
558
1729
2099
1094
1447
1047
260
451
711
153
1685
1118
1866
857
1512
1560
1245
1729
1624
570
907
772
1814
627
1469
465
1171
966
321
1668
1520
1529
1863
849
868
1782
1826
1212
944
1165
993
1518
1471
1775
1313
1254
1436
1304
767
1644
1295
1484
1577
1216
1612
1128
132
1586
1509
1592
1598
1012
1366
682
1522
2083
1444
570
1486
1936
1516
671
219
437
1553
233
1372
1381
1527
1320
1744
1618
1126
1257
846
1494
1864
1564
489
1749
879
710
275
1462
1401
1492
636
412
1491
1930
790
307
1513
1410
348
824
472
1129
1606
1274
1547
1670
1699
878
1553
1301
1486
621
1623
402
451
1500
1217
1523
1881
1170
1410
463
1264
1378
971
930
594
455
2031
1491
466
1791
1665
1036
1367
112
407
1872
282
880
661
978
1324
1377
1219
1468
866
1570
1080
1466
1377
132
1327
1392
139
1736
1212
934
757
949
1664
1126
1680
1295
765
641
349
1285
1362
1474
557
1638
1328
1479
1497
1333
664
757
131
1289
631
799
247
1207
1507
1007
1654
1254
1081
305
1489
1263
1275
428
1570
1270
1439
1623
984
965
1119
1721
1919
1656
1296
575
1048
1524
1770
1711
1558
2014
1634
1858
663
307
1958
1470
1452
1487
1862
1376
1999
1516
1526
1103
1229
593
1851
882
1395
1026
1274
1440
1180
1313
533
1352
1788
1617
865
317
1330
541
1472
927
1518
1638
1615
1430
1623
1947
1049
1440
1714
701
1502
1358
881
1913
1842
418
1583
21
1779
672
828
1076
1434
1496
408
1980
1484
96
1335
539
1247
1226
1823
1322
1031
1528
1280
865
455
1536
638
1145
1528
1687
641
1414
1360
42
1618
1632
1575
556
991
924
98
784
261
1826
1750
939
1281
1011
1752
255
28
324
970
656
140
939
1452
1198
941
1149
873
938
1792
1450
1559
685
1185
853
1501
424
1722
1041
1469
114
1409
1315
1613
1131
80
1616
1289
1225
619
1780
1242
1069
935
847
1523
1245
338
1402
203
1190
1818
787
1727
1004
1440
1515
1722
425
1210
1737
895
206
362
990
1370
585
1397
1054
1642
724
1084
1685
670
1965
1421
874
788
1014
1488
555
1250
840
1362
1231
1552
1467
210
1659
1483
545
1184
928
2051
348
1425
1242
1684
1481
1698
1591
1196
103
799
1092
964
1636
1377
732
273
1063
205
1163
1404
848
773
129
345
39
624
880
1860
664
601
1957
1128
338
546
772
853
1668
1403
1273
1794
1566
1650
1289
455
1577
690
965
1328
267
1603
1283
1609
1579
1277
1727
1377
1184
1378
804
503
1741
1623
1348
1413
1492
962
712
886
1251
1307
838
1504
1555
880
543
496
1208
1079
1121
1875
826
1852
1378
487
1358
612
540
1163
845
1267
986
1129
1731
446
1625
1332
1774
494
1743
64
1746
1382
422
1279
1597
1681
915
1644
1526
616
634
1813
520
975
1281
545
1945
1306
45
1504
1491
2008
1143
193
1846
1278
1577
1061
1057
47
1278
1482
1519
587
1299
1159
860
1693
2070
1016
2122
1099
958
1724
1597
1729
1745
650
1940
1586
578
1354
1542
741
789
696
370
1669
1626
1844
328
1319
1622
849
1243
1561
149
1328
1468
520
1875
1614
1688
1064
282
1049
1970
1449
1127
1446
952
1670
1265
771
1116
842
1809
1545
1702
69
1786
797
1535
1192
652
1397
1595
818
801
1533
937
1055
1778
1277
848
1333
1116
1117
926
956
959
1239
104
2026
1372
1531
240
2197
1344
1302
1313
958
1606
976
1017
1780
426
1184
1432
1476
1802
951
213
1805
1355
421
1638
1310
2183
952
2080
1614
1147
1315
759
1387
509
1905
1433
546
1718
2030
1550
1784
1480
451
1451
811
1555
1559
1654
1382
1459
1274
1266
1104
563
1836
1252
680
1413
1705
95
1513
1586
551
1707
1120
1325
808
1556
839
1202
398
1198
973
1509
1692
437
1631
1248
1345
802
874
1336
1537
107
1381
1336
1301
909
1550
377
857
650
1039
181
1547
423
496
937
1013
125
508
1137
1503
1576
1071
1565
817
1841
1083
1447
1596
888
1652
673
1757
1552
1527
1034
1043
1369
27
1817
2077
1776
1728
1098
629
1605
1283
1144
844
1276
1592
1452
978
1787
1768
681
1535
1456
1462
1327
489
1265
960
1667
1444
816
1781
1476
1905
1160
1177
1841
1515
1539
734
1567
1394
1832
1574
1178
1377
439
36
683
1535
128
944
364
1415
1598
1561
1041
1525
1303
1376
886
460
1594
1183
1523
1407
500
1878
827
1355
29
2127
1342
1334
933
1667
1152
1544
16
1032
1604
131
1751
796
1491
531
1623
1506
603
1003
1320
1279
583
1557
1654
1575
1011
1511
1467
1505
1677
1144
1090
230
1408
1840
1693
758
1516
1558
890
1662
959
1745
421
1578
965
327
422
1540
861
1407
940
560
1336
476
1200
388
77
1260
355
1137
1370
1669
1252
1841
693
814
1956
953
1485
1299
691
1420
573
1497
1817
1413
1174
1289
1495
715
1726
1142
1554
1031
899
1033
1337
1873
1924
1213
1556
1309
764
925
835
1584
972
1679
1686
1333
1543
1858
1193
1211
1449
1169
1965
1349
211
838
1353
127
1325
331
1007
1465
1441
1676
1199
1948
1093
729
1533
823
1278
1677
1387
498
1607
762
442
1633
1314
873
1703
1181
1281
1416
1231
1360
232
1658
727
1034
1594
1400
1076
1633
901
1715
665
1558
524
1744
2
1245
441
363
1439
1585
1726
661
781
1514
1230
766
1566
725
1545
51
2165
1012
1935
671
1167
460
1546
695
1577
1691
661
1316
1932
1566
802
1585
1609
1617
604
1275
1043
1553
1052
1474
595
1683
1632
1684
1610
1454
95
736
50
1551
1872
430
1364
631
1117
587
982
1814
893
457
1464
952
412
1597
1697
1877
1936
1516
1756
1975
1673
1180
690
1573
1106
1126
284
1133
1596
1581
1914
408
1642
311
345
1077
1348
492
756
849
1375
1602
471
1366
450
1102
1014
1676
1042
1816
672
114
996
1636
1767
1582
1988
1678
1335
1238
983
1079
1379
1552
1997
669
1376
1288
171
1526
1463
1821
1532
1316
1556
1402
1301
63
1347
1174
1229
2096
363
1375
1651
1441
1232
1042
1824
1224
887
1193
2014
571
629
2151
1463
1522
1294
1620
645
1216
647
1994
1414
1012
1982
426
1212
1162
569
1611
841
661
1895
644
301
1663
1595
1284
1327
1443
957
1573
826
1448
592
1604
1378
1802
1163
1841
1462
1423
682
948
1674
1506
1768
104
603
1131
856
68
401
2030
1307
1425
2078
605
169
1459
1525
1924
1562
1800
154
1523
885
1534
1678
1271
1531
531
1307
1284
1251
949
1823
1663
1282
1108
1859
972
1116
1711
1363
1766
561
1641
1244
1985
2062
1500
1284
1621
659
1348
1663
1774
1339
1691
1329
98
912
1246
488
2012
1357
605
823
1254
1212
1461
1219
1332
927
1723
1630
1607
1133
925
771
1315
1141
1066
717
125
1454
882
844
1852
1270
1712
734
1543
723
1544
603
302
954
1201
1418
1331
1656
599
291
78
1571
1972
365
1501
1175
1873
457
1284
1053
1456
1661
1952
534
1106
471
1885
887
1295
431
1226
1050
1160
641
428
311
178
1823
251
493
271
1606
517
1503
925
210
478
1052
1568
1296
1479
907
1860
1350
1401
1796
1267
1604
569
1501
1233
1015
979
2008
1600
1061
1270
61
265
946
1480
429
1362
866
1799
1109
997
867
1327
1167
1382
1771
1389
872
243
1826
2211
637
949
1118
896
1518
1516
287
379
1529
106
1535
1050
1542
547
1686
695
1129
442
1118
2201
1611
1764
1973
1895
1731
409
981
2180
1192
1234
1487
840
1515
430
997
863
830
1284
1644
1293
1500
2068
1473
1564
282
1287
1525
1633
1650
1353
743
908
1262
1578
1520
1620
1678
1086
440
1622
1441
1516
1535
310
1608
1325
1639
2087
1510
1527
1427
1811
1446
1180
1994
911
1334
1284
1612
1617
1098
1565
88
1268
1639
1678
1592
1247
1290
1626
1732
1466
1701
30
1097
1070
1491
371
1273
1769
24
955
1631
1416
501
1933
712
605
816
1452
630
749
1210
190
13
1330
1411
1286
1071
1366
2090
1676
1013
1669
2012
1595
1730
1695
867
1314
1632
1799
437
1744
1251
1811
884
511
176
63
837
1813
1286
1226
1319
533
1730
1448
1631
1606
1399
526
1017
77
1312
415
526
1106
1296
1353
1708
1314
1233
1587
1472
763
282
1237
1642
227
49
1610
1218
1545
1587
1523
1358
1330
1610
1380
1460
1821
309
1622
1693
1134
1363
253
279
1406
1494
1206
1519
1554
1547
631
1681
1756
1581
1785
1531
444
193
1010
1014
1821
1310
774
486
1225
740
267
1362
434
1477
291
1548
1910
737
1652
994
781
647
291
1496
1541
552
1914
231
1390
1540
1719
623
958
891
1965
194
2099
358
605
1588
906
2060
179
1505
1580
2080
1800
1013
1506
255
1658
1474
519
1612
1300
511
1573
1306
2140
60
1325
505
1569
392
1777
1608
1402
1000
730
1303
1223
1728
1195
1545
1471
2027
1468
715
1387
1479
1244
1146
348
1694
1652
1270
1352
1240
1687
351
1628
306
1016
1052
1856
480
1651
1011
272
1495
1391
631
1773
22
1561
1109
1829
1772
1941
1648
1049
1614
517
1603
300
1720
566
1296
1924
1254
1499
542
733
308
2022
1741
1200
273
1899
1196
1798
743
1551
378
1505
1331
371
865
1193
608
1356
1445
1688
1143
1258
890
2035
1475
1368
817
591
1496
1538
1053
316
666
1167
1593
1575
1052
628
1900
1050
1142
1005
1602
1524
1583
1708
1548
1458
1640
1379
869
359
1606
734
1436
1217
1152
472
1515
850
1008
37
1571
273
1096
1648
1236
1849
1367
1548
1353
1741
204
127
1186
75
1622
1695
1989
718
1527
1442
1555
1733
1176
1334
762
1504
1810
1472
1025
637
1720
347
1693
1967
662
1682
697
1705
1590
1709
1340
437
549
1399
1319
358
1744
558
1633
514
1614
1361
424
90
1796
1280
1536
1667
927
1240
59
1456
1460
870
787
1386
1579
1490
1454
2224
1198
1182
1138
1629
1408
1738
240
1591
1618
1732
1633
971
1595
1761
608
1113
1573
1323
1146
606
1317
1577
1602
310
1404
1067
1616
685
2011
1411
854
419
1348
111
1767
1533
1431
803
1677
443
1517
1062
654
836
1164
1560
1377
1276
905
1000
1468
1450
1117
1985
328
684
104
1330
1901
1648
1259
1600
1559
1601
1071
1457
1820
1281
79
1407
1224
374
732
1437
373
165
2053
1206
894
1165
1196
1272
385
1716
775
1492
21
1668
546
1655
1583
1499
1932
1592
283
868
1554
1221
936
2006
1618
1264
1311
1493
1421
1234
161
692
917
1837
1196
778
1034
1445
273
2127
1600
549
1899
1400
996
73
1295
1022
1099
1737
948
242
725
1543
942
464
954
1741
31
879
1501
143
1063
736
1025
1394
800
1261
419
593
392
2164
1481
230
1428
1431
447
249
1155
1598
385
1513
1717
1932
1247
823
737
1610
1596
1758
1423
1640
1019
1310
546
1306
832
1931
1264
1476
1219
2127
1843
18
910
856
1064
499
937
1555
384
1153
24
1404
1413
996
1335
1737
1392
604
998
1292
1723
1575
453
235
484
1664
1496
1329
1304
352
1373
1880
1499
1331
1120
855
1452
1736
1677
527
1630
1561
1042
1025
1111
89
1161
156
1694
1806
1389
1701
1169
1227
1626
1460
1509
353
1454
1565
649
1700
1499
1084
1714
1274
854
1550
1830
479
1676
1254
1134
1442
566
252
830
1487
1229
1155
1622
1965
1594
1194
1811
533
1427
212
1014
783
1091
248
1844
13
883
1593
236
1788
1744
2228
1997
1307
137
1939
56
1342
730
1551
1449
1538
16
1410
508
63
1064
1268
119
552
275
1253
742
507
1325
1689
758
577
694
552
1592
173
1782
1509
1756
1203
235
1543
1802
1471
1752
1081
965
1469
234
264
1157
1552
305
1157
1215
615
162
149
392
310
1539
661
1695
265
751
879
401
1400
754
1966
1605
1715
320
1329
1075
1
1804
973
1782
1711
1622
985
1441
540
1330
2
386
738
989
1447
459
1505
1023
497
837
1153
1561
1062
892
142
1166
1364
161
518
675
1538
972
502
533
146
1696
1506
313
1362
2
1297
1692
1233
1823
1325
1268
1337
1790
1610
1782
210
1495
1587
1255
226
1026
1584
1199
1783
1852
1204
1597
1431
267
995
2053
1236
764
1430
469
1641
1412
185
404
1760
959
1322
983
978
1036
1906
1145
1174
1427
179
1531
1322
1057
1322
332
739
821
891
1826
1298
274
735
1085
878
97
1155
1553
733
796
1647
1416
1353
1115
712
1264
1682
1464
1739
1643
1519
796
741
1413
30
876
734
919
1075
1462
1252
1430
285
1827
1094
511
560
1284
904
1339
1915
2123
995
1728
1608
971
1956
1534
780
1162
1271
1981
2118
1390
1711
1815
507
2167
1868
299
378
684
338
1554
186
1111
1432
1347
1240
1119
349
249
1678
1208
250
128
647
1377
1510
1368
831
1966
1745
1675
1527
1042
1770
994
1388
488
1270
1881
1571
105
1887
1436
1259
797
1537
336
520
1691
1800
651
1283
1712
1106
1035
1335
1643
526
1539
1002
1516
349
1404
1114
1378
1196
1485
348
1232
1546
1982
1571
310
875
1544
463
1231
190
766
1703
678
1524
827
1954
618
1296
1775
1054
397
1852
1654
1274
1359
1440
1611
1345
1409
1850
1580
561
135
1340
1700
1622
759
1099
806
272
1493
1619
468
1900
349
965
1069
798
1681
1655
1101
1236
1274
1525
1307
1207
1386
191
668
632
1529
1869
1547
1470
1378
258
960
1524
1622
1341
1899
1242
526
1296
1428
1743
577
1760
1216
672
1008
1338
1250
1012
1364
1582
969
1395
996
1272
1451
1241
611
958
1202
260
704
1485
1396
1414
676
1270
1515
1598
539
546
1496
2014
603
1162
557
293
1458
685
742
1142
1252
1610
985
1325
1930
1397
649
894
944
1526
1503
5
58
1221
1325
23
689
945
1338
212
1269
1555
301
1334
854
949
1154
1728
1187
1154
1514
613
1469
672
1625
1826
1896
1702
1236
1471
1440
435
1630
918
864
1554
914
687
1174
1559
881
12
1465
903
126
1771
1460
1425
1045
1766
1582
847
1448
1422
534
625
875
1358
1413
1544
1478
1504
955
953
855
825
