2694
3866
2336
4147
3924
3229
4301
3498
3822
3359
2988
1332
4394
2754
3755
3438
2942
335
3453
2445
3000
2593
2639
4325
3244
3006
883
4419
4244
2692
4640
1148
2727
2654
3297
4159
215
3309
3227
3445
3136
881
1661
2781
3283
5373
3808
3778
3315
4363
5074
4866
1665
2794
3033
2243
3369
5968
3852
2569
3004
4175
3127
1256
4961
4865
2346
2019
2326
4225
4437
4080
1468
3717
4471
2430
5034
3722
3551
1974
5714
4878
1826
3138
4683
1455
1422
4462
3573
4132
4552
5504
2947
720
4650
4274
2891
3805
4325
4125
689
2810
2626
1843
2322
3275
2456
3120
3414
4135
3007
2013
2251
2178
3255
4240
1007
2574
3626
4680
4663
2972
1227
3464
3310
2573
4404
2823
2692
1949
1621
1867
2474
2908
3706
2910
4607
2282
4444
1403
4131
4215
2914
3193
1075
1782
4541
4018
2592
4065
833
1219
2338
931
3399
750
418
4781
2279
1714
1974
5234
1790
1151
3508
3720
5114
2445
768
1440
201
3980
2502
2071
4587
5402
850
3593
4207
3873
3265
4124
2192
5022
3095
3676
4659
908
3415
1875
3738
3558
4586
4890
3213
4757
543
1132
2893
521
3676
4132
1135
2878
4439
1309
4162
4140
4530
1115
97
648
4304
1278
1922
4259
3755
3012
4741
5046
2988
3803
5113
2412
2883
1743
586
2767
3330
2357
1151
4516
3033
3602
3649
3048
4233
3014
2498
4253
959
6235
3226
1992
721
3692
4844
4722
3715
3992
3264
3136
2662
4083
3004
3694
3532
2716
4112
4897
1177
1297
5422
197
3761
4152
2859
2302
3116
1924
4450
3303
4710
4514
1083
3852
3595
411
3770
4628
737
4338
3352
2859
3882
3748
3623
3709
1196
2852
4085
3022
3733
4707
3849
2626
3806
1740
2357
224
3693
1940
3716
1692
2218
3892
2507
2017
3088
3292
3116
3651
1990
1059
1270
3508
5026
4888
3485
2666
89
4189
2037
3998
3866
3655
3583
3833
4892
1238
4331
5319
337
3145
3431
3089
82
510
3484
4011
2325
3889
1283
2644
4204
4331
4000
1517
2496
2078
2585
1933
1235
4393
687
984
3471
1425
827
5004
4017
3682
3676
1454
4384
4977
4609
3490
3570
3784
2923
2185
3582
2794
4275
4102
226
5111
3121
4916
3357
331
2738
4114
4375
3258
2221
2930
5464
4611
3349
4416
2730
5070
1554
1590
4479
3326
4777
659
54
4586
2869
5607
4276
3116
3760
2490
4115
1454
1545
1850
1646
3986
4869
881
723
4629
3882
5869
1845
265
4645
863
4135
4181
3149
1444
4844
4141
4630
5004
2322
3726
3738
5011
3759
4771
1941
987
1447
3883
4825
3711
3598
2077
3683
2924
2910
4693
1871
4374
2813
401
1979
2602
3965
2671
5107
3759
4780
2261
1726
3497
2395
4717
3189
1269
4917
880
3315
1073
2859
1779
776
3169
3836
4536
3717
4659
2691
3355
5729
2886
974
2658
1285
3651
4171
4105
5538
2848
3276
621
3434
2052
4604
655
2662
3841
3587
350
3580
2338
4366
3346
3111
2984
3914
4966
204
1912
2285
4921
5476
3669
2788
3578
4960
3635
3915
2710
590
3524
5360
5459
4426
106
3799
4663
2755
1859
2798
1737
4595
3412
2351
3357
1743
3711
3842
2660
3608
3967
4348
3802
3747
2797
1527
1300
4621
718
3447
1127
3465
4509
2931
2324
2602
2855
3982
4249
3817
1668
3612
5020
3702
3141
5459
4189
6134
1513
2642
1011
4128
4989
3794
5089
4986
3915
2827
4071
5027
3064
2360
5039
1662
4501
3735
1772
1119
3882
1108
2622
1841
5412
2663
4794
3459
4290
5982
4216
4519
1756
1064
2642
2190
1594
4768
2348
943
4153
1172
3532
3056
2900
2768
5453
4110
2796
4257
4083
3983
3077
2092
4002
4700
4877
1641
3517
6
5408
153
3761
4420
4572
715
2063
4199
2934
4838
190
4452
565
1336
3405
4542
2897
522
3084
2651
3890
2903
2809
3700
2712
4046
3528
5403
4204
4311
1766
4778
538
3817
3876
3137
385
3124
5130
1664
4383
3756
3152
3618
4596
2976
2234
4482
4093
2617
3488
3912
4620
3032
5915
1434
5011
3524
3103
3606
3990
389
3307
4906
4957
3808
3256
4153
3637
4561
2287
2888
3868
3283
4534
2352
2448
3407
4860
987
3818
3019
3053
2711
2633
4166
4715
5325
2462
4159
3644
443
3843
3472
2745
4721
4587
1155
3471
4705
4315
4883
2675
1949
4736
3996
616
3003
1836
2771
3061
4278
3273
3420
901
3632
3338
4377
1389
1265
1593
2288
5006
5041
5248
4253
3255
238
2672
833
4670
827
2758
3672
2313
4086
4081
2514
2891
3972
5747
1451
2222
3477
936
24
5045
4106
4977
4394
4454
2945
4804
348
2066
4391
5452
1151
2755
4277
911
4229
4493
594
1508
3303
3896
4611
1227
1636
4266
5242
5187
3541
3191
1201
152
4036
5002
2425
663
1041
3525
4682
40
4326
5871
3858
1321
4913
4470
4429
4044
192
2204
2779
2725
2750
3641
1938
3887
4315
4701
109
3384
3939
4309
4393
1659
4088
838
3552
3479
3165
4113
3566
2775
530
3769
3561
3303
2142
2578
3177
3763
654
3717
3032
1770
2152
3571
2269
2570
3053
1673
4866
4311
1543
3455
2611
3065
2589
4982
488
3408
3832
3579
4951
4851
3930
3904
458
2503
2403
2497
1463
4553
2224
5126
3954
2806
1145
3683
639
1562
3424
5172
4503
4145
4098
4628
2883
5355
4080
3665
2301
2128
3761
589
2609
3298
4519
2212
3819
3217
3304
3312
1846
1639
1736
3198
3014
4279
3526
5255
3415
5137
2793
2182
1941
557
3769
4859
2328
4953
2267
4544
4719
3931
3114
1472
2909
3883
4777
1834
3772
562
1480
4350
111
4067
4399
3191
3534
1901
4916
3681
1980
5120
770
3688
3280
4473
3308
5499
1679
2164
4266
5026
3856
3724
1107
1493
873
3580
4641
4793
3734
4010
3208
4507
3359
3614
1508
4616
3740
4615
2794
3643
2861
4712
3678
3660
3166
4074
4729
3224
894
3326
3397
2702
5466
2704
4957
1683
3250
3953
4313
2981
3625
998
2843
3489
4432
3169
1276
4586
2196
5549
2950
2247
305
1669
3405
3226
3416
1849
576
4810
5476
2692
2036
4167
3854
1705
3034
4678
3078
3027
3606
1026
2824
3038
3109
2955
5333
3438
3941
1788
1136
3283
3483
5195
4450
2826
1656
1543
4897
2983
5873
3594
4278
479
4312
3558
4969
1102
5010
3979
4806
1861
3256
4198
1086
3489
4286
4958
617
5417
3918
3922
2286
2210
3366
3717
2227
4458
4832
3561
86
4509
3924
4823
1143
4504
5928
3443
4257
257
4294
4144
4575
4278
2574
4327
1415
5143
5032
4184
957
4202
4443
4386
3363
4059
4243
3510
33
2713
5179
1403
3656
4382
2854
4220
5005
2873
3582
3200
4409
1822
1091
4328
1611
5668
3049
1968
4425
1561
1120
5100
5696
5066
48
3222
3769
4244
4114
4310
2779
6058
4317
3553
662
2249
2323
3885
349
4554
4295
4283
4300
824
4269
4273
1288
3896
2572
3093
3512
2588
3811
1457
2294
4261
3690
3229
4146
3354
3067
3130
3231
2027
2532
2032
3709
3601
5152
5153
2871
3865
3043
2540
4285
1626
3022
3046
4703
4778
3963
2409
5038
4634
2379
2011
4816
3367
1940
3469
1956
966
632
1595
4465
2177
5241
2521
976
4407
2918
4577
5496
1393
4205
3807
953
3899
4014
954
4125
4934
2798
2139
4207
3885
3481
2467
2285
4454
4664
4400
4150
2900
1298
2469
4428
4863
4401
5674
4261
3151
355
4071
330
716
3655
2130
4882
2401
437
4093
72
1568
4248
2042
3760
3292
3554
4659
4162
3516
4219
2874
2773
67
1974
3327
2463
1557
2836
4444
3423
976
5061
2613
2678
2872
492
1010
1815
4491
3850
5903
4830
2624
983
4540
3292
2109
4973
1961
3386
924
40
4956
3463
4965
4629
5036
1015
4119
4953
5061
4701
3440
1310
5584
3438
2728
3971
1427
4633
1837
2033
3047
4680
3614
3086
387
123
1538
2998
4304
1739
3359
3600
3278
4484
3547
577
432
2530
2753
960
4605
4559
4730
1930
794
726
4016
1540
3266
1362
3348
1526
2312
1079
3646
3781
3166
1376
2870
761
2459
2271
4720
2719
3478
4654
4030
708
4958
4317
3747
3267
4322
3740
1572
323
2688
4271
4627
4012
3440
634
579
2078
1988
2609
1208
2502
3668
4922
2734
2854
4764
3531
3667
4813
4508
4121
2476
1586
1497
4100
353
859
2730
859
3786
3458
4821
3422
1924
4239
1893
1539
3663
4242
4776
5840
4086
3910
3453
3615
1608
3661
2939
1578
1556
3305
2302
3179
2261
2997
2550
763
4111
1562
3202
4569
1973
3523
2177
3546
4585
3019
4280
3351
4354
4362
4548
1820
2468
2025
2885
1786
4523
4639
4121
1607
3357
2599
3814
4151
4763
2530
405
5433
5319
950
3417
3984
2272
4048
5385
3669
3794
3630
3401
3034
4958
2990
752
317
1395
4253
3122
1823
3905
2445
3939
2621
3421
3766
2583
5607
4026
2667
5032
4672
3248
4974
4147
520
2934
2747
1413
2051
4474
3152
2846
3032
4019
3373
2049
2389
4504
3682
1359
5267
1580
4239
2123
924
1428
2385
263
3958
175
4086
1725
790
4126
529
3037
4397
2671
3523
654
448
5463
3043
1100
4439
5579
2426
2302
1927
1237
3503
2244
3545
3338
1702
4631
4476
4160
4442
2838
3102
5027
3869
4832
1310
3522
4281
1380
4364
5088
3554
4313
4520
592
2755
4988
2822
3890
5826
2119
1786
1499
714
2357
4595
1789
4919
4548
3876
398
2879
4158
515
2808
432
1798
3796
1419
2800
4343
3293
2280
1444
2602
5827
4781
4686
5452
1822
4466
1729
4831
2630
1599
1703
5508
4356
3939
2463
4827
4027
500
2040
1531
4562
5460
1974
2411
1873
3778
2804
3424
3392
632
4448
2943
1697
3966
3167
3501
2356
406
4378
4237
4969
3238
2582
3492
1350
223
2691
4418
3677
4762
4551
5781
3404
4331
4445
4169
4179
2510
4611
2514
4227
3948
4265
4400
3395
4820
3104
4981
3345
2184
1010
3804
1237
285
1025
3581
4474
121
2429
4126
4229
2795
3520
2896
533
3252
1975
4197
4648
1863
3102
780
4600
3398
3416
4757
5407
2051
4057
1490
2981
3187
3447
4385
3982
3213
1891
5130
4346
477
4121
2538
3093
884
4480
5360
3227
2567
2925
4533
1519
3377
3663
2019
1177
4519
2969
4802
3929
3634
857
5063
1989
3866
2654
5473
2862
4097
4665
3382
5205
1349
3189
378
6099
3449
3779
3114
2681
4454
4340
1659
4193
2689
3599
2189
4508
2618
3619
3469
3848
3772
1202
4603
3759
3106
2095
3092
4204
4101
424
5375
4221
1961
4157
839
2054
4220
4492
3859
669
3941
446
2136
5133
2965
4920
4199
3311
4583
327
4060
5044
3637
753
2979
1905
2870
3989
4381
4457
1677
4019
3699
5059
3554
1720
945
2983
1637
990
3675
3469
5867
3955
2493
3334
1879
743
5925
3077
3702
3967
474
770
4029
3942
2870
6257
3789
4438
1420
1622
4439
4574
3847
3669
4128
3400
2878
3957
2147
645
4443
2894
2963
697
2137
3621
2124
246
5231
1219
3867
3835
2255
3537
308
5672
4038
4246
1546
3609
2485
3120
1127
4707
4132
2537
903
5197
4322
3751
3756
1718
487
3299
4399
5095
2722
3309
4477
3747
850
3898
3627
2334
4159
4881
4289
1070
1883
2892
4855
1119
971
3259
5175
5847
4644
1428
3807
3784
3476
3381
1821
5574
4994
1116
3379
4622
4208
3123
4705
5541
2184
3861
4425
3459
1741
1793
291
2625
2612
4057
1259
4249
5995
4365
2851
1878
5517
552
2873
2277
2466
3379
1780
4567
624
542
4179
2491
69
1834
2316
4677
1076
2674
1227
5327
5153
2976
2599
3707
5724
1594
2979
3029
2766
4273
2261
5420
3675
3407
3006
4435
4694
2747
94
3464
3632
3507
555
3860
3681
433
1673
1114
901
3388
3797
3336
598
1750
4437
4563
965
609
4208
2191
4558
3111
4225
2800
4379
4507
1869
1414
4246
3439
4618
4247
3957
854
3537
3373
4574
640
2293
1068
4123
1415
514
1173
1820
4833
2683
3209
630
1112
3622
3357
3600
836
4059
3519
3686
3618
2741
3334
2431
3934
2906
4958
3788
3893
3146
1658
3136
2794
1420
41
3423
3895
3116
5821
358
3782
2528
3715
4940
4943
2414
986
5050
2194
3282
2551
1848
1141
3459
240
3424
3751
4185
3189
3280
2417
2134
2342
3297
2881
3462
3264
1103
2672
3785
3957
4663
2115
387
4555
4485
1972
3643
1334
2094
2819
4084
1109
5545
5442
2920
3344
3943
4524
1855
954
117
133
4346
3526
4227
4457
508
4000
5149
2752
3113
2335
797
3445
2224
3946
3604
3910
3570
3425
3633
4215
3422
983
6203
3847
830
4076
3959
2638
4303
4315
4562
3244
3180
2467
4186
1670
3175
1599
3312
456
3327
2661
1189
2570
2421
4282
2190
598
2864
1906
4444
1330
2413
1931
1584
1895
3372
3335
3822
501
5666
1626
1732
4279
3597
4849
4141
4005
2803
5342
3136
3559
3057
3341
3207
2696
4725
971
5156
3495
5035
3316
2991
4039
1912
2557
5126
4204
2413
156
3393
2884
2032
4913
3755
809
3604
1782
407
2696
405
1996
4474
2036
4738
2734
4559
4388
4060
2947
5251
2886
4329
4519
2060
2861
4598
4308
3994
492
5075
1969
1185
3921
3606
3932
2910
3662
1617
2803
3092
3522
3027
2100
4733
4525
4216
4721
3895
3169
3114
3992
4706
5258
3358
4335
4171
3727
4741
4201
4372
1235
4996
4594
4000
4253
3833
1591
4269
2067
3422
4676
2800
4550
5766
3759
95
4312
4830
5780
3450
4261
1167
4989
1266
5414
1325
5231
3009
4019
2208
3595
1326
3351
626
4734
2034
5419
5556
294
1563
4158
46
4483
1066
5529
4096
3048
1097
254
4919
4235
1767
5131
1076
4157
2676
3959
799
4354
5169
2097
825
1489
4410
3332
2895
3199
4764
2115
1078
4133
3276
2741
1941
3820
4618
5330
3534
3643
5228
2335
4887
4145
4946
3563
2930
4351
3862
292
2780
3376
4347
3876
5033
5369
3535
2891
4704
973
4604
1679
4588
3817
4897
4461
278
4405
3217
1324
2588
1190
2037
2719
4291
2357
2907
1915
4565
2691
2170
4549
1640
4778
4516
3152
4574
4348
4990
5594
2990
4960
4494
2664
4291
2053
5097
4195
4340
2550
5111
4529
4658
1928
3217
2531
915
2735
5178
5413
5355
1737
4595
3334
2017
1958
3358
3889
4132
580
204
4105
4271
1023
4042
3040
4233
3197
2305
3366
4021
5736
474
834
2454
4833
5614
3959
4197
2907
2576
471
956
4183
4287
3170
3512
4453
1978
2186
3656
4392
4813
2421
3474
4000
881
1365
3238
298
615
3843
4134
2924
3380
4826
2848
4079
2083
3054
4148
2428
1871
2855
3922
3331
4231
4802
4294
3963
1642
2691
3572
3081
1244
5201
3420
4367
366
1832
4861
5269
3957
2881
1410
3975
890
5547
2048
4117
86
4208
3030
4153
4852
1336
4168
1130
0
3828
1917
4646
5533
3967
5142
3582
3739
4703
3690
4229
2193
3930
4285
1330
2146
1772
2791
4518
3885
2515
1304
5843
5254
1995
3710
3007
4393
4229
4359
1611
5401
3780
4390
4420
3421
1473
3539
4199
1782
382
2744
4020
3133
1901
4114
2587
2821
5000
3902
2980
3424
5593
3459
4009
2167
2749
2820
5617
3658
3855
2699
3694
3220
1909
4546
214
2094
4722
3368
3392
1683
4190
4408
5062
3575
1590
3147
1079
1457
3255
4259
4333
2347
1629
2443
1844
3449
4137
1457
2642
855
4204
4558
4545
4598
2912
2949
3316
2918
3783
3660
2448
2215
3730
3870
472
2858
3339
4817
4617
477
5911
2743
677
2417
3235
2697
4657
3937
4830
3385
4706
1988
922
1596
1167
4104
5234
96
4301
319
4395
1924
3404
3539
4043
4988
3405
2647
4013
4801
4467
2350
2898
1507
2657
3492
3486
1791
4238
2223
3934
252
1596
2134
3973
2623
4098
4210
3734
4576
2111
1888
4570
1244
810
1743
4135
4088
3619
4593
3722
5142
2354
3338
4948
4156
4880
3717
3971
284
3726
4320
5322
1356
2208
3132
6118
1561
4821
4024
1191
4438
4082
3609
1856
4091
1116
1879
3839
4527
5180
2214
4826
3861
4154
3909
3233
2822
1672
3205
3862
3886
4904
4035
2646
3857
4467
3044
2268
54
3923
4941
2257
4621
4187
305
4113
3567
2187
144
4187
4168
3764
3124
5009
5228
5332
3486
4139
2805
2398
3353
3709
4979
2659
282
3226
4293
2622
565
4493
3197
1413
4154
3809
3733
3810
4175
4025
5077
3448
376
566
794
2963
2407
2830
3986
4521
1995
4261
449
3605
950
3635
4287
108
3032
4293
3242
3431
4727
1266
4344
3078
4894
3005
5548
5043
5088
2644
3646
1553
4645
432
2417
4108
3641
3876
1249
4620
4722
4084
3910
5723
3766
5287
4856
3982
3705
4659
1606
3964
2876
3278
2464
1661
1229
3203
4813
4664
5415
4098
2572
5601
2212
3394
5857
3784
3327
4660
4910
4242
3739
4014
2422
4028
4091
827
3073
3161
5680
3617
3280
3567
3628
6034
1310
2084
3003
852
2849
2809
3751
4709
3072
2424
3398
2883
4265
5363
2973
4532
5517
1619
2499
2138
5075
3151
5026
3409
3640
3538
2689
3162
4235
4328
1554
1571
3613
2567
3079
4588
3904
501
1951
4460
2549
3517
4108
2718
2036
4336
4912
3204
238
4614
3504
3191
2594
5700
4941
3008
3562
3712
1799
4099
4181
2709
3917
2622
2064
2406
4975
3393
1702
1725
1104
5666
2909
4557
4383
4634
2668
4082
5109
4259
2688
3756
3467
1418
4450
2395
4215
3987
4160
2899
3497
4426
4832
2003
4443
190
4217
1323
2835
3715
4603
2634
859
2552
3964
4043
2968
3111
1633
5198
3516
5263
4292
4083
4468
4432
512
4237
3295
4463
3813
2570
4603
4211
3903
4691
5446
5014
4532
1213
2001
334
3397
3966
2739
2999
1704
1003
4127
4192
4511
3302
1608
4693
1608
2237
2579
2712
4066
3790
3025
771
3674
4288
661
2420
849
849
3521
2174
2641
5107
4368
4748
4192
4227
2811
3831
4057
3844
724
5285
5117
426
2832
4052
4535
3841
4331
1048
3742
1593
3810
5286
3386
2243
1042
3627
3215
2105
4921
4231
3596
2608
4090
3627
3707
4354
4213
6042
2871
897
3572
3934
4180
4640
1500
3410
265
2387
1346
118
3841
1051
1978
1431
4576
3984
2256
2248
492
128
1882
1776
3155
5188
3501
3797
4769
929
4598
2840
4936
2877
3162
2991
2866
1074
3098
3518
2444
326
2897
1175
3566
1257
5318
3814
3859
3599
3149
4062
5184
4959
2882
3704
2929
4134
3906
1828
2621
2616
1797
2362
4192
3086
882
2630
3423
424
4605
1608
2803
4339
4740
3453
4621
3436
990
3121
1505
30
151
1668
4871
2246
1182
3323
2132
3072
4185
3478
2783
5668
2659
1883
3948
1954
3102
2764
6025
3453
3124
4065
1352
3176
3331
2728
606
1224
1548
6024
2398
3249
2623
5428
4568
3907
2073
950
2198
2879
4456
4341
4707
319
4103
4356
526
5915
3023
4649
91
2986
234
2896
3056
5892
4241
1715
3194
1157
3707
3250
2148
4040
701
5222
5193
4752
2838
3427
882
1815
1797
709
4086
801
3979
2058
2203
4205
5130
4842
3300
4152
3957
3836
5080
3191
5077
2920
4065
2898
4081
1707
3409
942
4469
3931
63
93
4622
1791
4443
3300
4267
3557
2642
1850
4514
3938
4063
4370
4814
4193
3784
2971
3744
1956
475
4600
2439
4144
1072
4399
3302
949
5021
4057
455
2403
700
4437
3205
2013
3328
1167
5667
3667
3879
392
2867
3687
3418
1866
4034
4408
4515
5640
71
4566
4684
4872
2326
1779
4725
1279
2970
3121
2776
3084
2864
4727
3522
4819
3948
2995
4097
5561
3014
3694
4084
4224
1330
2782
2575
2769
435
4035
537
2984
3972
3984
2384
4025
3865
3867
2352
4488
3333
5962
2722
4295
4397
4205
4419
5249
5203
4224
2469
3329
5016
126
3497
5142
1978
2454
3761
3797
5440
2100
2560
2491
4545
1818
1544
1753
2524
3568
4689
2984
1581
612
1598
1896
158
2898
3120
4328
3694
4015
4205
1965
2350
4040
3272
3893
3089
4423
310
4178
1662
3684
4576
2425
4738
3884
5056
1958
2817
37
1556
4475
4090
5118
4749
4394
1026
2395
4145
2959
1163
5250
4788
3085
6127
4216
4212
4557
2568
1931
4948
2924
4226
4347
5269
2473
4510
1053
2708
4032
2206
3664
4786
4904
3913
3220
3764
170
2641
4205
4927
3066
4467
3694
3548
3363
4389
2660
2457
4823
569
3865
6222
2438
3504
2113
120
3638
2183
699
4636
828
768
3834
5458
3783
2524
2267
5970
1441
3442
3710
4730
4187
3470
5026
3661
4165
3638
1739
2381
1444
2271
224
4040
2504
6123
3071
2438
3817
5412
982
4408
3850
2236
1578
4432
2635
3863
4194
3934
3883
1023
3480
4028
4543
4130
4565
3861
2442
3822
3538
4117
2657
3828
3820
5224
1726
4032
4925
2610
4577
3132
4352
1532
4496
1667
1425
386
1622
354
3386
3462
3961
4160
3738
2715
5258
560
4723
2892
4956
1826
2061
4677
955
4930
3702
2699
2781
2056
2758
3562
3887
2892
1556
438
3400
4574
1902
2701
3982
3512
3066
1013
4440
3725
4287
5497
4283
4455
3722
2589
4170
4545
884
1249
4224
2740
3788
828
258
3286
1083
2909
1229
5158
2765
3939
3798
3547
991
4814
1242
2536
2902
2956
4445
3310
3949
5317
4632
1337
3110
3523
5188
751
61
4426
3080
4683
4818
4627
4549
1277
5101
2028
2070
4656
3771
3130
1008
4098
4351
2898
4603
4910
1521
4285
1714
4877
1226
5081
2436
1242
3785
3343
1380
1510
3525
5262
4148
2478
3189
2534
3344
5885
1421
1472
2473
5047
139
2651
4040
82
3089
3497
5031
3401
1550
4034
5250
3979
867
1135
3981
4622
492
3514
2324
5431
3716
4600
3462
1997
2319
4110
3234
1188
3441
4373
2778
4264
2748
5685
3919
648
4739
4173
3273
6200
4218
2766
2565
4548
743
653
4875
4554
3507
4867
1431
921
364
3181
2424
5136
2730
4442
4306
4904
3110
4930
1187
88
3263
5112
4349
2472
46
4239
3914
1756
2298
3428
5174
4028
3239
4966
2680
3976
3801
414
3979
3195
4232
4828
1803
2585
4727
3608
2326
3633
184
2783
5077
4458
449
5053
4429
1259
3765
1511
1125
1125
2720
899
1394
3864
4325
3938
2267
4518
1941
4419
205
256
2852
4412
3969
3789
427
3833
3854
17
4944
4211
1563
2802
1078
3068
3922
5221
4355
3340
3065
3572
4125
4218
4681
4073
3352
837
3767
5183
4250
1237
2204
2291
3633
2059
1351
3625
4876
2806
3084
733
4020
5102
2879
176
2599
4421
4873
3413
2271
1872
4416
4649
814
5524
2592
2284
3938
1559
3601
4821
2463
2460
3556
3779
1716
4122
3893
4323
3623
2836
3415
3592
2227
1336
1835
3206
875
3058
4742
3534
2258
3402
4554
3575
4283
3466
832
2832
4839
3331
3585
3681
2312
4597
4487
2780
591
811
1067
4327
1357
2404
4729
4817
3446
2021
1756
3534
886
2748
3723
901
2137
2200
4219
3456
5526
4855
2614
544
2286
4331
4953
4626
2820
2281
3893
640
2380
1060
2698
4375
3549
5148
3870
5061
3556
3431
3053
3382
4611
696
4746
3709
1540
1620
430
4153
2366
1049
1847
2700
727
1179
4664
4492
2677
4363
5572
4408
3404
2945
2256
3604
4444
1982
2566
2385
4606
4332
4740
5495
3559
2811
4822
2391
4283
2204
3868
4441
4894
3922
4713
3320
3927
4771
3788
4481
4425
5068
717
2790
2869
3899
4630
2044
2390
4491
3857
4367
2340
4073
3403
1798
2418
4361
1917
5056
2461
574
698
2790
3831
3482
4719
3611
3976
4567
3770
3501
4920
2042
3345
2314
4717
5140
1655
2576
1313
5416
3589
2489
4326
1625
4315
4001
2795
2578
3458
2611
4315
1483
3049
2017
3720
1764
4057
3882
3580
901
1728
4174
4568
2737
926
326
3849
3555
3010
4460
729
4581
1623
877
4439
177
4502
4487
1713
5148
692
5749
1879
821
1268
2735
4652
4931
3069
4495
4496
347
5617
4088
903
548
4584
5819
3383
5181
3536
4568
2633
1644
3917
3255
4103
3495
3981
4105
3667
3841
1946
2068
4404
2398
3641
2227
3500
2635
1753
1473
5230
695
654
3457
3608
247
1669
4710
3290
4314
4613
2398
2926
5262
113
4363
5395
2155
2276
3384
804
4440
1803
5307
4268
1841
3416
4627
5175
4022
1613
4069
3428
3195
3999
4357
4896
4474
1265
5069
2706
3062
4061
1543
4515
4084
2585
3531
4326
535
3919
3014
2657
2901
3264
1730
2311
1663
987
2603
3129
3145
2574
3019
1450
2037
4632
3159
4034
4594
3852
4047
4615
2727
3635
4063
3279
3436
1214
276
2918
3208
1498
4120
3236
650
2189
161
3612
5542
5577
3728
1012
1068
4555
2437
3890
5643
2711
4790
4081
3513
3693
2817
1032
3333
1876
2597
3127
2364
4277
5217
730
5067
1625
3540
3745
1715
5519
637
3322
3991
4487
2046
3105
1511
4435
2613
632
4086
3370
87
4545
2724
4952
3316
2753
1680
2773
1877
3203
3742
2749
2997
3566
1968
3972
2669
2453
3282
3633
4048
3907
4085
2512
2805
1492
4631
4547
4032
5237
1546
5899
1038
234
4023
4627
5100
2713
3808
5017
3335
898
2275
606
5609
3843
4865
2740
2022
3408
5372
2631
3593
1931
4934
1022
2914
3397
3980
3894
3869
2226
354
3126
4154
327
4502
3947
1070
3977
3586
1481
1778
4628
4766
642
2343
4042
2553
679
2113
2074
4129
4604
4408
2685
926
855
1276
2575
3341
1847
4188
3454
3389
1612
3716
1290
3398
5037
4525
3579
4682
831
1600
5219
1228
4631
1297
4100
2764
2582
3070
2696
4162
2884
5603
1193
1528
1764
4824
3383
1388
2154
220
2541
1206
4508
4057
1092
4473
3661
2271
5547
4358
2886
3459
2368
1797
3030
1642
3701
4076
2092
3599
4514
2844
3204
3942
4022
4711
2582
4778
3015
4407
4726
490
1152
3006
1334
3453
2852
3626
4727
1103
4412
5036
2077
2111
2565
864
4860
4479
4442
3634
4162
2744
4092
4777
3839
4403
4088
3599
3561
3412
2749
3942
3310
2090
1262
3174
4277
3962
1607
2570
1416
1186
3700
4456
3881
3464
117
1649
2476
1393
3115
4224
3860
4221
5222
1276
4032
3946
1392
1406
1415
4134
2501
3863
1428
3600
4162
4937
4367
2255
1824
58
5668
2447
2241
3071
3613
5487
5179
3599
4242
4608
858
3727
1874
2919
4029
4242
2338
1536
4773
4131
4882
3803
1686
4237
4134
5035
1979
3843
491
2426
4428
5085
4717
2851
3868
4767
3485
1502
1475
5678
4371
4009
4662
2388
5461
1129
1453
1456
4226
2104
1688
3679
3557
4769
2612
4794
403
4366
3504
2729
2574
958
4744
3624
4131
4221
4361
4381
2829
1819
3618
2508
3836
2758
766
2867
4334
1504
3514
1624
3744
4000
3828
884
1863
2128
3795
4177
4849
361
4460
381
4823
3397
4300
3604
3720
1312
3365
4446
1108
5265
4840
3164
3453
1368
2433
3755
1618
241
2951
3975
2904
4050
3425
3796
1117
3133
2408
2872
3917
5624
2831
6
2731
4528
5129
650
4386
2511
2575
2342
4672
2866
536
52
3456
3434
4277
1725
633
4314
1863
4126
2393
4251
359
3387
4833
1558
3266
3317
4501
3476
3796
4459
4243
1660
4207
3981
2933
4082
2810
4932
3089
4030
3547
2460
4300
328
3428
344
5937
4155
3604
5539
4352
3446
4478
5373
632
4515
4176
2830
3101
5378
5721
4903
5205
4448
4553
4238
4316
1616
4320
2854
1261
4210
4843
4481
3261
4187
405
2113
1039
2413
4881
3978
2715
5380
973
3867
3687
1102
4997
1279
4273
1407
3636
909
4662
2624
4152
1984
3459
5404
4433
3643
5279
4244
1134
772
1805
5113
4607
2689
1929
491
5036
3204
1034
3770
4199
3087
5075
4988
17
2056
4040
2107
3121
849
5531
4549
4766
1833
1323
4050
3361
2006
1245
3554
4376
3018
2639
3927
1354
3832
2799
2322
3781
4381
2308
4192
5060
3924
3525
4401
1589
4570
1843
4678
3192
3780
4681
2388
5641
4415
4059
4647
4281
420
1408
4036
1779
4757
2872
4057
4379
4732
4819
3926
2231
4194
1813
4311
2134
4787
1095
4304
3395
1932
1002
4278
2350
1004
4651
3517
113
1727
3826
4332
708
3584
4527
2685
4608
4089
2796
2257
4119
2875
1290
1401
4422
1586
644
2782
1722
3558
3995
3203
3443
209
3632
1742
3577
1162
4931
1669
1430
2216
3582
3884
2819
2571
4147
1027
1272
2151
4582
2470
4518
2789
3862
3719
4093
4813
5102
5373
5301
4657
417
1193
2945
2281
4435
3502
4257
2810
4118
3613
1655
218
3805
5190
5073
3448
946
4189
4990
2488
2738
1383
5340
1736
4979
4124
4802
2702
1325
4536
4798
3592
3924
813
3056
2834
1750
1874
4393
4672
413
4576
3766
1908
2834
5537
4623
4476
3339
908
4717
3053
4114
5287
5055
4532
3612
1540
3635
2433
4727
4229
4022
1159
4232
3468
4152
3501
3416
2823
4414
3198
4238
1453
3110
1795
238
3046
4421
3730
1731
738
3966
4081
2928
2043
223
2603
4854
562
3307
4824
4573
4242
2205
3501
2678
4448
1152
299
4578
208
3212
4856
3851
876
4999
3401
3370
5505
3339
4737
4429
2551
4371
4466
3853
4372
3547
827
4385
4039
635
3225
2984
2752
324
1682
2857
3757
4097
1643
1243
5469
3417
4768
4262
3887
2072
2429
3565
4162
3218
3327
2824
1223
1367
3497
2846
1391
3120
1680
2591
3469
4291
4326
1920
1993
2312
1155
62
2100
5223
838
5575
3495
1642
2845
2369
682
2288
4640
1073
5473
1511
4541
4003
4006
4647
4821
315
2573
2314
4495
3839
967
4302
4283
4008
5748
5122
3468
949
700
688
3478
3607
4413
4920
2029
4228
4642
2866
4088
4286
491
3967
4421
2384
4576
3827
4546
3690
1232
2987
2882
1379
1640
3392
2333
1028
3910
4364
3980
3502
1945
3426
302
2605
4450
2912
4205
3837
3555
4469
3289
679
4126
3863
3081
2352
4637
4989
4063
1141
3737
1211
115
3291
4882
3369
4382
3813
2097
4687
3287
2924
1540
1079
888
155
2393
3774
5214
2894
2654
4607
828
2675
4308
5132
3702
130
2266
2212
3458
1918
3775
5496
2769
4623
4715
4311
90
3710
4208
5654
4480
4576
3617
889
16
5066
3490
3877
4073
3981
4637
1622
5178
3310
3435
4462
716
1978
3095
2930
2207
2417
2045
3331
3843
3719
2646
2701
843
4699
3741
3458
5020
5117
3946
4524
2260
3485
714
4086
1590
3501
3110
3286
1956
1813
4147
1867
4768
980
1612
4649
3764
3517
4911
5372
185
260
5591
1755
3146
4060
2745
2613
3548
5382
3786
4626
958
4149
4496
467
3997
99
3432
3461
3026
3631
3540
207
4220
3338
3638
3895
2047
3016
3334
4755
2717
3242
5978
2871
4255
2380
1652
4624
3875
3454
3220
4098
3529
3425
4333
3479
3733
4458
3533
3618
2942
2694
1499
2480
1543
3182
5087
2687
3447
3594
4206
3158
3615
721
2763
4854
3550
4323
4351
3187
4507
2210
1838
4370
5099
3933
4222
5220
73
4222
2677
3383
2110
3421
1729
2478
2791
3809
3255
4717
1538
2199
4599
2432
750
1027
1075
1652
3065
4253
4055
3831
2433
3547
3997
4403
3572
2300
928
4549
3576
1409
1924
2265
1467
4306
463
4297
4668
4957
4294
4448
3787
3127
4778
4441
5490
1396
386
133
2196
4370
2676
3796
1052
3603
3084
1626
2794
3585
3380
2784
4557
3266
125
4714
2843
5073
2495
1554
1551
3618
4905
1379
3602
1425
2544
3356
1736
1125
5091
3248
792
4375
3224
4247
3804
4123
1848
3866
1522
2258
3541
4750
3054
4372
1802
1288
3091
1998
5131
6134
1206
3110
335
4969
4571
2936
5553
2142
4227
2819
3260
4080
3853
1368
3506
2978
4829
115
2337
2884
4594
130
2202
2402
2258
4254
5225
3890
3512
3569
4350
3162
4391
2755
1842
2897
3857
4757
3545
3376
5315
4635
4842
2315
4351
4066
3445
1780
4546
3453
3862
1939
1698
3818
3634
3515
5670
5394
3818
4989
2497
3866
2989
3034
2339
2695
4097
5030
4379
2625
4651
1968
914
2595
4026
3241
5523
4328
3284
5502
3167
3061
3763
3916
1630
1571
5183
2381
5726
1810
5588
1957
4318
3981
4730
4366
1323
2246
4340
3800
2181
4337
2565
579
3475
3674
3792
1023
3181
3741
1722
3811
4003
3823
5005
4017
4729
2795
4379
1041
4758
4318
4240
1712
803
3037
3142
1979
4775
6271
4410
1406
2851
4922
1210
1408
4328
3512
2639
4164
3708
1642
4416
3973
889
3987
2834
3942
3997
4257
1690
3791
4618
5552
643
2034
2406
1270
2287
3842
1267
4364
2795
2410
401
3926
3965
4685
1106
4834
4595
714
4405
1498
2285
3212
3683
2365
1261
2676
903
1258
1802
1256
4308
4139
1272
3913
5950
1262
4741
4142
1750
3237
3010
3456
3513
4451
3060
3888
209
4371
1702
1534
3230
3510
1982
2709
3485
4291
4008
4547
4418
4356
1615
4903
3052
3083
4670
2172
4405
1553
3597
2696
4224
3225
4490
4353
4715
5156
2507
3641
4398
4314
4256
4594
3933
4842
5054
536
3587
4266
4523
624
4518
3413
3941
713
4603
4314
261
2427
4679
3114
5717
3596
2078
3401
3205
1736
3165
3648
3235
4582
1719
417
5308
4663
2199
2741
2523
132
269
25
3249
4745
3132
2
193
3719
2208
2472
1506
3810
3344
465
949
3002
651
3923
215
4305
4539
4270
3539
3704
2767
1309
912
4698
4785
3879
1417
4461
4685
3472
414
3599
4125
1577
3623
1119
3059
2465
4417
1741
2882
3511
3075
393
3385
1067
2839
736
1870
3894
2937
3824
1516
4368
274
1849
332
2796
3369
4485
3466
3846
3535
3128
4884
236
4354
3284
2715
1317
3952
3684
4283
4500
3842
5132
3238
886
3932
2589
2651
4039
1766
3655
3344
4439
1842
4409
3871
4962
1546
3211
4917
4940
258
3069
3293
2283
3391
4773
1837
4254
5554
3712
4756
4051
2895
4478
791
3667
3286
2829
3213
2737
4362
3589
4729
3891
4062
5406
3209
4437
1294
1128
5419
3307
3983
2392
3642
3896
3003
4626
470
3053
3114
4047
3942
981
2325
2203
1715
348
1416
1121
3471
4568
4713
3223
5217
1768
5288
4093
2785
1665
5016
2999
5057
3534
2767
381
4654
3786
3760
2876
3952
5084
346
4307
4386
4438
2089
3502
5281
2340
4539
5294
5162
3828
3030
737
3015
948
3789
1594
2232
4142
4994
2564
3907
4634
3813
3962
443
774
4634
3608
1241
4767
4014
3866
4682
4665
4046
1335
3701
1302
4174
2213
2391
3700
3762
2628
3739
1227
5251
673
3166
2807
752
5482
3636
478
552
2669
736
2741
2813
3551
2247
2015
2989
2138
4037
5246
4348
4469
2056
5566
3630
3564
663
3116
4308
3036
4325
311
4048
2280
4650
3583
3766
1700
4502
4744
3178
684
3301
1463
5115
3794
6256
2665
2129
3029
533
2364
2571
2566
5061
1918
3466
4141
636
3220
2718
424
4132
1738
2759
4574
3898
5380
3770
4438
4610
4328
4539
5041
5172
3118
4957
4881
2370
4141
5578
3576
3974
5127
3159
2437
4053
3452
4938
3003
4964
3336
895
1046
1067
3231
3865
4403
2591
3568
4201
4218
415
11
3844
2825
3075
3265
4086
2424
4570
4769
4255
3188
999
4444
4405
2103
756
1898
4125
5016
2174
3672
4301
3377
634
4463
3089
728
4339
2268
4098
3882
3623
1572
3870
4225
4007
2977
1834
5041
2334
1099
5742
2975
3021
4585
443
2534
3242
2436
4370
950
5584
4391
545
5381
2777
1543
1820
4665
5188
3671
405
1070
4406
3812
575
2936
3169
4692
212
5051
1943
1019
3397
2713
3563
1790
4675
2901
2007
3750
4052
5439
2578
3153
2699
2375
4144
4341
4032
3292
1392
129
4673
1295
4132
4418
2297
3673
4576
3477
4237
1319
4263
2216
2233
3836
4291
2681
931
543
3931
3422
2530
3919
5028
2431
1332
3844
154
3600
2261
1010
3251
4150
5434
4936
3297
2202
1979
3483
5008
2521
3346
2967
2915
2455
590
1092
2432
1724
278
843
5389
3753
4307
809
4622
1427
3283
2957
4307
4495
409
4018
3536
4427
575
4606
222
1978
2082
4031
3056
488
642
2233
4618
2064
1892
1610
5182
4268
3306
2292
4573
3443
2929
3702
4189
3201
3761
2862
838
1538
4376
3541
4660
3838
3986
2902
2388
4602
5386
1670
1236
3727
2570
3894
4196
4941
2387
4534
2372
3313
3283
3779
3861
2980
4049
3606
4623
3224
4600
1621
2450
4351
2906
4056
4604
3912
1654
4558
4828
1006
4830
2396
3537
3783
293
1373
2755
2767
4924
1849
2219
1409
3325
676
1193
3120
4405
1311
5056
4421
1184
393
3653
3623
1960
3804
3603
2995
2239
3585
4318
1666
5503
3770
183
389
229
4111
3706
4582
5219
4800
4916
3808
2226
5259
3696
3610
4361
1568
4510
3239
1899
1224
3950
2939
4296
3709
4920
1923
734
3246
4858
4664
2481
3558
581
3023
5072
1709
3373
3939
2931
1773
2622
3537
783
2878
5810
4452
2751
3308
4417
5418
4132
2606
2797
4508
2735
4056
2828
1198
14
2485
4649
5443
2727
4480
1674
1421
3914
4120
3421
5158
2313
1114
4271
4349
1460
2255
2515
2603
2221
4019
2887
2346
2531
804
4433
1313
965
3303
555
1329
3700
4500
2439
3781
4728
5362
3609
546
3769
4266
2467
946
3747
3990
2040
3099
2096
4761
1072
1860
1435
3527
4040
5201
472
2531
2849
4173
2121
3772
1458
4847
1710
3163
2305
4036
3054
4104
5900
3707
1455
3899
5694
4889
415
2266
740
5349
1303
4982
2598
5591
3960
5446
3784
3457
2438
5797
4762
3855
4287
3174
3817
2505
3976
3461
2981
3421
3579
3198
409
3919
3678
1265
3829
4306
4640
4448
3486
2762
4812
2884
4150
2969
3399
3411
4113
1102
2625
4627
5447
1762
3934
1272
320
2742
4230
1247
1868
477
2461
4317
2461
4443
431
702
2987
4130
3990
4962
1654
5359
2711
4387
1412
942
1967
1757
1902
2000
3573
4392
1111
4864
1645
2810
2352
1438
2205
3211
4062
3772
2750
4859
1577
3282
4232
4160
192
230
2105
4040
3443
1849
2691
4502
3930
617
2550
3777
4201
4248
3113
2841
4141
5069
1389
2143
4011
4020
3931
831
4710
2453
2985
4406
1821
1503
328
4006
4281
1837
3735
2438
3272
4313
87
1902
5702
3808
4185
4263
137
3548
3481
3235
1392
5773
4606
3563
4263
247
3726
5485
2058
1621
1865
2491
3062
4213
4252
3313
3037
4056
3059
4078
3438
1130
2892
3702
394
2846
143
4113
4512
4529
2330
3727
3755
849
3131
4188
1072
1290
2663
4566
471
3903
2088
5829
3428
4399
1308
403
1127
2855
4511
3837
71
4227
249
4509
2454
4910
1870
4413
285
2535
3499
5652
1092
2054
1568
2478
1170
3968
4012
3699
2925
4080
3293
2973
801
4670
3194
4885
4478
3226
2408
5063
2605
5118
3147
1307
5364
2219
2608
2046
414
107
4587
4090
556
4782
3014
2579
3024
4398
1603
3251
4177
994
1240
3682
3244
3404
4566
3391
1302
184
4906
618
4377
3419
3212
3457
3016
4127
415
2741
4502
4296
4041
3155
1738
4148
4652
4930
3894
4038
3732
565
4185
2
1111
3215
3067
4088
4588
3907
305
2846
1090
3672
4668
3442
3876
3942
2948
1798
3857
2406
4282
137
4324
1458
3381
2375
727
2432
3380
2473
4668
3745
4566
756
5152
545
4347
5611
97
4121
3238
4678
968
2356
2419
3649
3638
706
4912
2448
3284
3092
3901
3499
4417
1035
4523
3218
2704
4416
1979
3159
1451
4783
3584
3394
2926
957
615
2552
3738
3668
2862
1530
1855
1877
5448
2299
3171
3444
1988
980
3747
3396
4626
1795
4333
2411
5616
5041
4296
4752
3762
4181
2576
3393
3185
4158
326
880
3285
3627
5172
2600
3516
3823
5248
2867
422
4863
943
3364
2581
490
1698
4224
2070
5409
2318
3981
4381
3370
3517
5432
4140
5020
4042
41
639
4033
3986
697
4441
2483
1194
3313
1917
1686
2172
4758
2166
1607
495
2753
4753
4424
1995
2806
2771
4373
4091
5042
1314
3409
3952
2962
3838
4090
3212
4458
5548
2822
4205
4409
3425
3763
65
2610
4589
1619
4399
4307
1450
5468
4383
2904
488
4177
4671
1006
1521
2860
1715
884
3470
1843
3786
3530
833
4913
5220
4900
21
4621
1625
3893
3793
4067
5286
4794
1198
2980
5125
4979
3811
3724
3728
1245
3513
3691
4126
2066
3419
1251
1978
3928
1051
3070
5088
1522
2714
1663
2898
3412
5243
23
3357
1649
4360
4065
3615
4289
4586
2386
5555
720
1983
4242
3178
589
5563
5767
2065
2937
1922
2666
3738
3336
4017
2200
4413
3692
3201
3356
4185
3189
740
1281
3211
911
4701
3920
3384
3578
2987
3103
3310
283
4292
2680
2770
2690
4550
3787
4911
3663
2299
5328
2435
1734
1861
1691
3586
3079
2829
3381
2846
3477
3407
4046
3275
652
2143
4686
597
3011
4441
3833
4419
223
4437
2500
2494
827
2017
4324
3481
5745
5390
4354
4833
3544
4342
3047
3733
4323
5158
3563
4742
1137
5341
4281
1916
4693
2534
4878
2308
4763
4007
2852
4157
4530
53
1691
3014
3848
3338
2729
923
3821
4661
3436
3644
3711
4700
3841
4712
4224
3188
3501
4155
3619
4931
2674
1682
4469
3924
907
4767
2696
235
1953
4538
4872
3842
5308
2976
4452
3783
3939
43
2915
3930
5078
3704
1949
1816
236
2506
3011
3382
1578
3255
3775
493
2724
4079
439
2394
1901
1290
1204
2215
2924
4046
4846
296
1406
335
3951
3955
1144
4707
4024
4137
4381
1938
4537
4662
2820
3927
4336
2936
2861
2799
4424
3036
3825
4018
4997
3239
4016
951
4790
4302
2481
2648
782
5120
4314
2281
4059
2199
3244
2712
3678
5578
1030
4760
1004
3716
4796
5120
3297
3337
889
4155
3755
4843
4436
1286
4207
3378
1915
2040
5034
3689
1545
5021
3500
2838
4858
1866
4189
2233
1940
2908
4199
2624
2947
3993
3513
4546
703
111
4212
3618
1803
609
5679
2169
4907
1661
3722
1250
2744
1839
386
4096
1903
4065
4699
3058
3252
4120
4284
3612
4017
4029
4077
4808
4771
4478
3636
4050
935
3191
3201
980
2700
4882
489
3659
972
3131
2048
5235
3978
2505
5244
2550
3214
3772
4697
1307
4740
4410
235
3609
225
5239
332
2988
4251
1878
1233
4442
3868
4493
5137
3622
5382
3283
1631
3680
3836
4239
4430
2116
4514
4803
4522
3287
4385
2770
1387
3752
3752
2750
3040
2799
3705
1520
3899
5337
1603
3583
4508
724
1285
4059
787
4091
1389
3926
5347
2803
672
4457
384
242
2552
4610
4800
1800
3083
3060
5300
3180
4631
3275
4731
1764
1640
3495
1127
2621
3647
3654
1512
3950
5060
3758
57
4604
2531
103
1814
2700
1866
3007
2317
4884
1252
3502
3130
1407
326
4087
4091
4494
2831
4846
2482
3737
3427
5457
3680
4226
2175
822
4518
4897
3621
3227
4465
3109
2848
851
4789
4955
3635
3743
3468
1687
632
1778
3533
3848
2407
2096
5132
590
3716
4224
3151
5413
3737
3698
1777
745
3725
4171
210
3826
2297
4829
420
3826
4885
2054
1844
4200
283
1276
4112
3168
4341
1903
3792
3196
1537
2386
2949
2300
1925
3108
3305
5102
2200
2037
4053
4785
3379
2584
4625
1212
1066
6152
2760
4352
1952
493
3949
4483
1300
3307
2641
2982
82
5260
2503
2555
3534
1668
4576
3600
4235
2486
4164
4393
4800
3370
171
1910
232
511
4167
4121
4040
1096
2651
3487
3939
373
4766
2012
1691
3205
1725
3497
4033
4777
3299
3405
5157
5019
5964
2568
1091
3525
627
4396
3789
3476
5167
2337
4259
3676
1974
4404
4238
2476
3672
2834
3539
4618
2096
4828
2717
4581
1775
2788
4293
4413
4637
4721
3565
1414
3416
3380
3991
4527
3596
2612
3872
2489
3313
3673
4284
3655
4246
319
4551
1090
659
1270
3554
2523
531
2172
245
392
2993
3480
1904
3687
1651
5263
2364
4019
3614
3964
3875
4052
1042
5592
3393
4907
3281
1839
4137
1320
2825
3428
4216
4967
4797
4554
4277
3435
395
4570
3391
54
2407
2098
3724
4216
840
3458
909
2912
4374
3647
1443
3330
421
5044
3695
3581
230
5969
4229
3077
4436
2019
4756
1916
4349
3891
3947
4282
3673
5130
5572
1802
5302
1112
1915
3052
3090
4524
1005
3761
2961
4752
4854
3267
5006
3408
3691
3536
1249
2770
1793
331
4389
1101
4444
2530
5091
4011
1152
4230
2445
2773
3401
4424
1870
4394
798
212
2724
635
2009
1056
4770
1664
3952
2327
3923
4808
2762
3351
3036
5043
4324
3769
2150
3724
2271
4183
4929
4861
2816
1252
4044
3978
3638
2593
3657
2731
1826
2172
2358
49
4940
1316
3976
1049
660
4064
5435
2357
2645
1800
2252
5371
3906
4397
2760
1377
3887
453
4888
2109
1627
2752
5014
3117
4162
3174
3834
747
3317
2304
1382
2002
3231
3253
1667
2175
1588
1841
4673
4361
4116
4518
5005
5350
908
2884
4084
3490
1216
1569
3679
3183
3801
5080
1095
1858
3992
3503
553
4330
3045
3752
4331
4365
59
119
4431
3835
1868
659
3281
3307
1291
4386
4076
4020
2890
2997
3442
2153
3313
5283
3093
2465
1505
4924
3948
4435
3244
4174
3562
3290
3148
4676
4164
3533
3449
3764
4682
1349
714
4596
509
4145
1436
617
3657
2780
4241
3728
3961
3829
1192
5032
1148
3126
4310
488
3861
4219
3079
4378
3702
3185
5151
3130
3588
2886
4176
5239
3857
2422
3541
2194
3840
3723
3103
5217
3508
2804
3756
1020
1319
4444
264
213
4443
1424
4593
479
1909
765
4144
2377
3784
4002
3061
4169
3552
4105
4486
4504
3600
3067
1876
4640
671
3159
3376
4342
3710
2362
4039
1222
4811
3375
1899
1968
3788
4313
4506
3673
4835
2441
3672
1657
952
2120
2848
1492
4612
744
3058
3841
2427
1942
2352
4826
2706
3949
1731
1497
3856
3432
2441
2607
3082
2909
3740
1688
1507
5638
3283
3808
1202
4881
3422
2479
4548
2507
2427
2489
3554
4457
1554
3955
4837
624
4140
2875
2786
3706
1368
4579
1910
4413
4512
3815
3963
1238
4646
614
3809
741
4787
4522
1746
5503
4542
4224
655
2257
2634
