8413
5545
12233
6171
8608
14768
5076
3979
81
5564
2812
9414
4755
1774
3869
5334
11735
14690
12247
321
4987
13740
12744
10872
10745
2871
5643
9259
10932
9856
6831
1992
777
2503
11740
7913
12624
11153
13254
10584
603
12043
7905
1770
6589
11086
8280
5285
7463
10648
11108
10623
10246
9186
11590
9983
9441
8835
9382
11804
6484
5747
10145
16127
8461
12709
7347
12123
2952
9344
9118
2345
9224
3608
10347
2492
13769
9021
7413
6699
7950
507
9950
12228
7627
6176
10181
9337
2788
5023
11193
10783
11865
11325
6664
9624
11092
11584
11794
15207
2616
11021
11428
11943
4157
525
354
2568
9376
9294
14232
12453
10974
12932
11401
11467
11638
8249
1069
820
12467
10572
6514
15731
9183
7805
15303
4540
12944
7593
8358
9845
5441
8243
10547
5646
10791
7744
6400
10963
8965
9067
7146
1240
9490
15568
3667
7133
5224
9959
11887
12596
11108
10417
2037
9151
8741
3987
3774
11688
11694
11092
2006
8148
10397
15052
4364
6030
553
11639
10406
12246
4593
4449
2322
14006
10520
9713
11377
973
11945
11056
1476
13926
6951
9337
8219
14752
9975
1940
5453
12300
8915
7411
7193
8974
8894
8582
9540
11218
7223
14552
11040
11997
10866
11529
2502
10187
8948
11049
12881
11072
4028
11240
12198
4107
1009
14214
11219
4416
11007
12281
11853
9197
13121
11090
4228
7030
9523
10897
9213
7758
968
8398
10523
13460
4548
7144
12175
8242
8163
3835
10039
10173
3030
2851
5666
13704
10334
6544
10602
10531
11092
6477
11633
7804
5161
11234
10686
14346
3649
9136
9191
12010
3337
4712
13615
12900
10683
9674
12595
7047
3235
8728
7941
9014
13629
8707
2676
3978
2567
10809
9381
6894
8548
14143
16071
9304
12878
4436
10741
8597
9199
7356
1314
9022
280
4281
10562
11583
12522
14853
9734
2445
10740
9151
3745
14496
2576
9624
13432
14330
9419
949
10401
14671
11638
2549
12334
7188
5056
14555
10680
7596
8474
15350
9268
6895
5296
3515
12751
9385
12755
5541
4119
12812
185
9211
5285
9690
11501
12740
5222
10706
3723
5990
7839
2355
11036
10677
12364
5658
1901
9818
10548
6378
14050
7855
14575
12139
11364
124
10090
1184
2577
14200
13767
236
3820
9127
5772
15344
13066
9739
11513
11693
7698
9630
6104
1784
9820
9471
11120
8079
11405
10610
9573
13272
729
10169
12190
13860
15601
11430
4195
10894
9523
12036
10822
11818
7216
9738
10358
11900
8225
1338
12338
11574
4337
6174
14158
7072
10438
12038
2966
7210
10827
14794
2315
11298
9477
13057
7971
2057
10627
13607
11247
10242
7281
7016
7796
5618
11599
9661
12343
9540
4715
5657
11207
5606
10107
8799
12122
5112
7851
9090
9224
12126
12090
10260
6059
6511
11639
9379
7569
36
15012
5653
10955
8727
12581
6598
11001
882
10684
11600
8275
11257
10217
4665
1743
12881
10563
9905
317
11846
6677
5608
13253
12321
3
11599
7542
5127
12126
9058
10987
5378
7894
11458
11621
11790
10692
4764
10667
9193
154
7736
5797
12072
10761
10662
10776
7023
1783
7273
7458
5459
9561
12700
11725
2621
8902
11299
1147
7407
8130
12531
10160
679
8353
4643
2508
5167
11070
1090
8181
8791
3575
10828
5145
10895
14276
13688
3961
782
3681
3747
12819
9062
2386
11119
7393
4661
9225
9171
6609
11614
7980
2766
2613
10111
13242
1082
11275
7320
11146
8208
8534
12995
10842
5382
5308
10978
8337
12775
10555
8169
4735
5089
11006
13335
15912
10432
13324
7517
7530
10365
12231
11118
1873
10091
7793
6893
13481
7461
3978
14617
9650
1952
390
4965
10852
6530
10791
10101
11671
10067
12184
7986
103
8734
4586
13612
11355
6264
1967
8735
13532
8031
11479
8298
7194
6095
10278
6886
7294
2449
8419
4961
7965
10903
10811
9025
12913
8838
5930
4632
16011
9246
3260
9432
1634
8144
9384
9316
5019
11444
959
9644
9283
11328
10491
3761
6902
11401
8274
5786
5281
10051
7139
9221
15199
9273
9649
4394
11460
2039
2963
10471
6510
14411
16363
6791
5957
2209
12040
15003
13038
10355
4973
7299
4912
3286
11519
10080
8650
4514
10453
3457
8885
4998
11711
9848
2604
15487
13020
9991
12881
6387
9149
1885
11100
16739
14147
10895
10876
7352
5837
10736
3207
5336
8401
8038
10695
11048
3690
9368
10692
2507
10629
11621
13601
2836
1364
7702
11540
8521
12451
4790
14725
1949
9049
2872
864
8972
2826
9390
7812
6002
10117
4453
13998
10304
8967
7071
7211
12382
3545
13121
7243
7087
455
3957
1142
4024
14008
8189
7494
14070
10661
5156
10850
6569
6244
7324
5713
11638
6985
7775
8431
3261
8939
9772
6257
9787
9309
14570
9691
10142
6204
12742
11537
9728
11834
10114
9309
9792
14548
8160
3122
14480
1193
11476
7893
6236
12681
14755
15531
9372
8586
8555
11020
11605
15310
9556
10101
13673
12954
13508
11505
6553
11988
5827
364
13497
7577
11465
11808
10790
11058
11023
1965
3944
4531
8177
9769
7507
4113
13855
11632
2466
1260
13325
5994
15104
13720
9291
12985
11651
11483
10087
4315
5937
2575
14987
9659
9262
8594
11116
13468
4518
8368
8800
10300
9589
6626
7282
7821
7494
9555
13301
4989
6734
11117
8351
6871
2455
13039
9128
10628
11767
9662
1802
12808
2275
8544
4301
9100
964
10754
11776
4974
10281
10255
3647
9465
4518
12073
10997
13278
7732
11628
7912
6548
9
329
5107
6987
10006
7762
2348
10605
9915
13688
8553
3192
9139
6521
11853
13069
11754
5355
11606
14509
15415
7171
13919
7969
8638
10116
12745
9309
5400
13206
12206
8900
10263
11413
4628
10857
8975
9778
10373
6944
1352
12391
6558
9063
10832
2255
2085
8139
11155
7416
10140
10951
4322
7713
10366
8763
7450
8938
5705
8314
10377
5028
1666
11316
6432
9939
6864
8403
12952
8992
3746
4173
8086
12232
10382
13853
5476
754
937
7943
9190
11797
10750
12740
6902
1113
9082
5157
9884
2116
13538
2863
2809
13835
1295
6651
11465
9644
11227
2484
14420
3856
11761
8647
4602
12136
9527
12694
14980
2292
3797
5176
13936
6773
7450
7375
9060
10120
450
13181
10752
11561
7345
9354
7249
11583
6837
8370
8621
2736
2439
713
757
12780
2535
6461
9548
9521
12250
2537
8637
14832
8763
9341
3619
9094
8217
10443
12274
14681
6358
406
9710
11899
8351
5955
4320
11702
2865
8937
11724
10601
13324
10086
10161
8916
7827
12745
11160
5449
14403
349
3026
4763
11162
1400
13107
12074
7700
10058
12426
6995
3623
9658
12297
10234
12005
4767
11785
10963
381
3475
1995
12601
574
11483
2173
2412
4960
7264
7174
8829
11595
7916
1663
3287
9460
4136
9623
11834
168
9149
9818
12906
1790
6539
10480
13591
10594
6036
1799
6358
6428
688
10356
10818
7202
8015
9990
4618
10875
8390
10388
15562
8870
11276
7487
13060
3706
11516
13095
3184
8791
10763
2951
12277
5859
4268
10474
10236
13053
6554
11398
7186
9787
10333
10883
3046
11993
4000
10555
9234
4928
4319
3094
4321
4558
8548
9031
10346
795
10031
9270
10485
6851
251
366
9221
10584
2802
11076
8422
2646
12245
8114
11187
12105
6584
747
937
7473
6867
13488
8817
5160
7181
6565
10836
13097
7166
7764
7825
10709
8603
10811
8835
11736
10467
4269
472
6264
8583
10945
10683
11115
3168
10805
4709
9234
15502
7348
10583
8840
7424
9679
7992
8341
1147
7725
10808
10098
6283
5247
2556
9628
2716
6544
6905
9921
11459
12074
10834
8534
10108
11163
7707
7132
6470
11658
8981
11482
13063
12385
10495
1395
9406
10440
7754
8966
11841
8070
9939
8342
11212
10468
16113
9709
0
9247
11999
663
12242
10805
8013
8937
10246
6314
8602
9895
3578
11497
13206
4234
10525
9588
8217
5787
8008
3362
348
4346
15023
11844
7328
1845
9916
12247
13243
4114
13334
604
3196
3109
12211
11875
9985
12525
6804
11727
4927
523
9542
9948
10111
5252
7743
10059
7338
10821
6081
11895
11917
3907
2118
10760
13742
7952
11037
8870
6571
9669
3825
11929
9410
8806
10338
14734
12734
11598
8202
13222
7418
11558
13759
5004
6896
598
8038
13062
9662
6301
7625
10640
13392
13436
2242
11891
8956
11298
8034
11870
4804
11227
15414
11300
7807
7975
12900
5594
643
11409
8501
6461
12720
9453
9679
3396
2965
10055
11618
12924
14520
10904
9497
4998
5652
5362
4303
2405
6905
9325
12579
8110
11896
1215
15101
12483
10767
10269
12783
11158
1366
11738
8443
13576
2888
2075
11699
9752
8395
4626
2771
8905
6385
8
5020
11824
13002
4890
11599
9077
2174
7816
9377
1061
11842
2541
10103
1091
5602
12477
10913
13490
5929
13561
8090
9896
14309
8479
12371
4049
2498
8185
4937
10881
1201
2106
12039
4923
12063
6295
4797
5323
4301
662
935
12882
90
11727
11801
8624
13186
8688
7641
6825
7816
16070
14061
10351
15030
11173
3106
8693
1040
7323
12095
1910
11746
5720
9655
12821
6840
6871
5013
10182
14233
252
7234
7828
10760
5437
2628
14784
6981
7987
9897
2835
5492
13013
81
4395
13731
7073
5254
1530
6833
11684
11906
10325
5232
9563
14365
641
2736
5223
6184
2724
9780
5294
8117
8006
11539
8983
8850
6971
4524
3372
8642
10229
7878
2494
2309
4117
8296
12659
6658
6472
3855
10657
11647
3918
2440
7533
7112
12232
10651
8405
10245
11017
9450
13691
11326
6711
543
16346
12093
9589
6770
13934
9280
9571
12682
1786
4926
13616
7698
1455
7572
12023
12022
8820
5136
9428
1510
4229
6344
13576
11951
4132
12049
1622
9434
11478
71
10569
6668
117
7812
9038
2432
11580
11838
8948
6128
8561
7768
4856
12084
5353
8045
13024
5928
8315
10736
10264
10729
7248
1189
2717
12715
7526
9924
10800
4660
143
12377
6445
15238
1676
11144
12198
1736
4774
14052
6089
11689
1751
8182
11809
2990
12612
12284
1283
2004
10559
13181
7148
1573
14101
5056
11774
10617
11185
858
5511
2166
13151
8012
5987
7727
11286
10705
4082
14063
11906
6488
9488
3306
8212
6022
6449
6211
7515
8982
7209
14212
9011
9693
8886
15146
10834
9610
10878
9826
10898
8005
11480
1638
7765
8720
2266
11638
11168
11742
3759
8535
6681
12336
1906
11619
5974
872
4176
8233
14057
10565
2724
9960
4304
9952
11962
9117
8167
11105
9538
12649
2628
9884
11729
7595
15251
6351
7439
5
6119
2446
13361
8205
8684
13757
2390
9907
6458
9682
9608
11835
12836
8926
6726
10325
3857
12391
12016
7054
11073
12587
10459
9717
10304
13437
10984
1117
11483
10641
14442
10667
2495
2059
6725
1971
13016
7385
3790
4819
8406
4633
8168
11184
11151
12975
8789
5628
8640
10724
10644
7191
12265
13462
9880
8855
11353
6066
11298
3996
7981
9800
9579
12298
2490
11970
4601
4706
5848
7193
7425
12371
12491
9867
8863
1896
12109
10647
12051
4123
4661
8545
9659
4232
3848
9404
8031
12035
10135
8000
11691
6250
8845
7776
4854
16350
9651
10677
15707
11346
11683
11654
188
12487
9590
1618
11431
13936
13281
9414
9489
4441
10322
6225
11806
7198
2002
8193
11866
3845
1989
10488
2814
11495
2904
5869
12542
9356
8939
11880
12623
2254
3153
8713
9018
10922
7534
8540
8093
7167
6842
4317
13127
11261
13215
12593
7745
11521
12608
7715
8851
11491
10830
9675
13735
7813
2222
12196
10942
2100
9769
6323
1723
9859
8071
6191
5465
6179
13020
2964
9781
9127
10631
4715
9135
8993
6810
4619
7547
9502
12534
7331
2879
11401
8335
5997
10856
7115
378
2394
2133
3771
5739
4848
8336
12689
5905
10313
11783
6084
13729
12606
3411
2260
4932
10634
10779
3508
1842
13559
9917
3213
12366
6487
5222
8100
10252
11142
531
6694
9250
7937
10576
3961
11481
8177
8643
4179
10687
12831
14014
5169
9756
12320
10611
2303
2630
11934
11369
9231
9264
11710
8930
8029
13588
13257
3424
9709
2257
5191
11800
2795
14682
11166
5434
11395
8189
10261
11931
7181
11693
6557
4797
12278
8789
9955
9964
11940
7708
14570
8482
3466
6515
2681
4811
8723
15006
11332
1389
13141
5066
7227
12764
15522
7091
1917
9906
8848
3767
11492
2202
11714
9040
6272
920
12414
6213
11529
742
11420
6065
10588
11363
11965
4905
5723
661
8823
3902
133
17078
9034
9835
13397
9867
6961
8725
5701
10370
5287
11914
5068
11233
11233
9845
10354
2510
10709
10995
12021
12489
281
12830
1782
7687
2083
11320
1653
2113
6035
5824
7539
13095
2645
9783
388
1252
16030
7987
11231
11973
9148
9359
3559
8864
7138
13669
11735
7237
6925
12103
10509
7194
8241
8641
5902
5553
10236
12252
9730
4284
4597
4243
1995
7041
8470
2682
11266
9685
5655
15957
7197
10541
1230
8075
12377
11187
10963
7394
12392
4214
12153
8250
2778
1296
3836
8670
14338
5095
1314
9802
6470
10206
11318
6308
12003
5244
4685
10897
8414
11677
5550
12583
10168
9850
6912
2687
13169
11123
9530
660
631
9894
8023
9373
6763
9117
1388
13858
8502
9786
7104
11492
5037
3853
8621
9859
8917
13274
223
3235
10335
11635
11943
12217
9312
10203
6318
5037
9619
14697
9062
12869
10502
4777
9313
13168
12104
9505
4823
12412
8204
8013
14747
8105
6858
11444
1349
3884
11986
10901
10455
14094
120
6521
7147
1430
11882
9110
8593
4425
6288
11649
11681
4707
10467
1893
12783
3976
10826
8784
10439
4179
10843
11739
8307
10611
2490
12332
11292
12362
4026
13689
12550
10601
7625
10728
6507
13910
4277
10792
10917
12687
7364
4055
1723
510
11139
11265
11323
13818
9873
11850
10601
10949
13621
14757
12666
6048
11926
8105
13852
13820
9354
14048
6335
11000
7825
1591
4528
7248
10571
7519
7695
7397
9154
4898
7954
14882
6318
10683
10480
6223
12913
13905
11913
11583
10369
9059
9297
8622
4644
5194
12266
14336
11401
12002
4143
7111
13513
5532
11392
11409
14859
5560
9131
4141
12918
2970
5677
16418
7580
8764
4596
12318
8687
4955
14085
13488
8980
11648
15604
13082
6999
12159
8094
9079
8733
12052
4787
2915
9869
6857
2343
576
11108
959
11526
9368
6548
8574
7928
12822
8181
8130
6060
9982
2371
10553
10778
5318
5417
12715
4032
7257
11709
6411
10104
2406
8438
7644
6530
7858
11179
2582
11561
13122
12967
5796
11964
14675
13039
3782
10964
2448
12882
8451
9925
11234
8872
8351
10889
12191
1072
8932
15126
13827
4120
1055
12606
4473
8028
8451
11252
10242
1617
10967
10706
13115
11173
5434
10508
13512
12260
5537
12259
3647
7790
11276
8574
4512
12322
8537
10760
10351
8206
6774
10702
7920
8326
10056
4057
12214
11177
14193
14539
7903
10215
12066
10580
9215
9185
4465
9505
3539
12063
4599
11411
9541
8052
246
13431
11380
4767
13249
13065
7586
5644
3759
7632
8870
10516
5498
426
6349
10114
11241
1960
12362
12568
10185
7294
9853
6447
9958
2044
823
13687
11893
5793
9521
10355
578
11583
7888
11102
13801
12327
11883
8723
11476
9861
7481
12371
5380
6312
15892
12734
6888
4762
7488
9383
10330
7966
1519
6210
5084
10387
9475
8944
10185
3987
10655
9959
6607
9061
4598
13778
12367
11048
324
10449
10653
8667
6895
11058
9929
6989
12787
4844
7801
10748
8422
404
10079
1388
11659
13022
11806
6693
5457
8282
12551
4534
12799
14212
10657
5765
6890
6458
1022
6316
8412
815
10171
8044
10583
11701
9980
14807
2320
6337
1855
3223
2599
8715
12413
7320
767
12132
10770
8685
14514
7887
14083
10947
6707
11025
6680
3102
8363
7789
14843
11909
12339
5426
3206
8508
2735
8829
169
12825
1064
5058
11980
2505
6037
8045
9390
6312
9469
3094
13737
6056
4706
11932
13082
11874
10568
10547
15712
12905
9395
12720
8137
10529
13783
7943
13685
6375
13069
2931
7395
9500
11861
3424
7111
8744
13710
12182
7935
8112
2291
13217
12087
12062
9574
9545
4568
539
1975
8681
10310
4916
4870
4955
9814
7738
14773
12421
11180
9287
13149
4773
7104
11662
15059
6233
3110
9356
10560
14270
10786
10545
8454
9109
12697
4123
8416
1729
7054
14123
10707
5942
8319
5999
2128
7174
10372
7530
6227
11670
12260
7432
5628
434
7526
7402
1382
10634
11596
11045
4614
12262
7452
10886
7260
11843
7900
15352
10020
11740
12548
11454
4098
10853
4468
8373
5730
4207
15860
8124
11630
14206
3217
2439
11582
10257
10867
3041
15411
10691
12790
679
3965
7851
11425
10465
2180
14238
11600
12186
11190
9275
10554
7029
8654
2159
856
10189
12330
12616
8688
12313
10258
10316
8969
10662
10282
4477
10658
8050
397
7311
12894
1656
3077
13472
3337
12654
2955
11101
7278
1691
7436
8371
11260
11447
4935
11971
11270
10249
779
3244
11981
1416
12155
4191
4507
199
6813
7543
8382
11451
11265
8157
7572
8004
2619
4935
6266
3674
14387
12108
12952
7367
9174
14608
847
4351
7586
10757
522
11698
9772
13391
12684
13498
8868
656
9818
11766
5304
9589
6540
8782
5832
7470
9529
5050
11090
7491
14654
12504
9518
9792
6696
1281
884
5813
7315
9781
5827
4001
9494
2210
6652
5784
13
13636
8227
1000
2659
5410
13039
10655
2102
12929
10364
6763
12443
14842
7736
10908
10810
8669
10647
13752
10008
10587
15129
9771
2362
5447
2367
12580
12441
5371
7295
11356
7062
7308
2591
5318
14525
10665
8551
11203
13331
13038
9694
9447
11184
5244
11599
13207
8613
7732
11463
7181
10879
5530
7881
10396
5238
1127
9295
12056
1071
12043
12341
3544
8290
6192
1283
9745
9959
6668
10213
14082
11638
3388
13877
12622
11908
11005
11002
10829
4949
6620
12630
9700
8245
2342
13163
14933
6856
11285
11153
14469
10175
11931
12648
6874
12019
15410
12612
1921
10624
12815
4345
12166
9470
7656
11679
11674
9318
9171
11217
14212
4610
4063
7572
7107
10807
9201
11148
7342
12546
10637
5152
12549
12161
7682
5125
11488
14309
12613
7143
6453
2254
7566
12353
10593
8383
478
7099
744
7123
3711
4217
2810
3467
6009
12533
563
11032
7855
3789
3168
7342
241
8398
9490
3414
6191
8057
5016
12490
7045
11467
1491
6374
12074
10008
5635
3548
10976
8864
10469
12969
13362
5726
12992
4670
11192
11328
12575
4045
8201
250
10728
10761
3166
14294
1869
11156
11844
8521
9626
7109
11298
2169
12148
10880
9241
3862
10164
5181
10286
7712
5250
9857
10809
11223
10097
10369
4811
7626
11116
9176
10989
12968
13045
11405
9469
13149
14636
11493
9631
11199
4871
11789
8259
12769
5070
10327
6099
12588
11345
10405
3003
13480
11953
7771
5437
6129
10062
733
8750
6486
8513
12327
13021
572
5664
12157
6932
10636
7375
10208
12204
6634
7222
5417
5085
9991
11962
10112
11744
13614
5542
11554
9165
7956
6523
6478
5129
7020
318
7546
9570
7547
11780
13574
1255
13215
9222
9902
4814
11250
4539
15548
9891
5124
9066
12201
4075
8163
2972
3445
10193
1502
3684
11016
10287
13396
10973
9845
7788
10414
3994
7521
11059
2944
10630
13023
8248
11998
11494
5311
3129
8984
10908
11612
6617
13246
4092
4243
9958
2753
10353
1062
11922
10430
7324
12520
5139
4502
8409
7879
11499
7067
14698
12633
12429
12081
12354
6259
10047
6078
13790
5224
11583
10850
12204
7213
8032
9926
12337
5163
8928
11811
7755
10383
3748
9494
5199
5527
11959
9891
448
7505
8837
12956
6526
11765
11837
11582
9673
12598
11132
8487
5363
124
12821
2773
4979
6749
7911
13127
2869
13793
10667
15143
2725
7669
12262
11208
4662
6733
2028
2459
10823
1672
12433
5641
1354
2210
11754
10569
14949
3715
8052
11904
14749
4566
13544
8053
6912
3582
12054
8192
7375
11086
13215
10739
11090
7561
8872
5900
7604
5440
4852
6300
208
8453
7923
12447
5400
9447
7118
11404
8785
8978
1099
2804
6654
9431
1667
11461
9322
14600
251
4096
4563
10059
13007
9683
10806
2974
11319
4441
7547
11261
10756
2745
6901
5663
5023
2799
6161
10732
12725
11379
8205
12473
12366
8011
6798
9498
11897
10998
8018
11662
8292
11263
9946
7701
6543
12717
9213
7367
10116
6309
4199
13005
9424
11425
7876
625
11710
9612
6651
11186
8197
9736
1249
9922
10993
9071
5391
7465
8219
13805
8998
8110
5041
9405
8577
11226
11704
7677
8595
4423
7076
7342
9301
12873
8130
5931
10642
8305
10611
4767
11814
8867
11309
5711
11908
8531
10358
9539
8521
11014
7226
1159
11496
7630
5213
12909
7261
4459
11879
13437
7510
10354
438
8953
10377
12047
1733
11021
10552
13604
12636
10272
11823
8592
12445
11868
11497
9775
11399
10265
842
1804
11267
7819
13219
10465
10749
9643
9404
6069
17376
13831
12126
2875
9078
9
12293
307
11189
11788
10746
781
8810
5514
2504
6016
11699
6004
1871
9487
11523
8850
453
11787
5126
12748
9130
12049
4236
6812
9244
11685
2007
11425
9971
12870
4047
6013
8118
1378
11345
3366
10164
12988
10590
5202
10721
11790
13399
7282
11025
11559
11465
4263
323
10906
15219
1041
12691
911
10828
2217
9653
6163
7441
3206
5257
11616
5566
5712
9206
15547
10116
3073
10281
9099
2725
8323
10381
6969
12104
12635
9991
2388
6293
141
6930
2671
13009
7414
2419
12339
1801
10855
12312
8098
11679
13021
11117
9733
10231
11514
2189
4115
13305
10363
7234
12054
5024
5073
9208
13995
4024
5969
12083
2405
9528
6261
12567
4432
12066
13109
17
11199
10500
8653
7327
12120
13356
3656
10561
9139
8700
8829
9222
10053
11772
10813
12367
5068
10433
5364
10432
11266
8135
10376
12053
7888
6759
7304
6188
8905
14966
7796
6672
8346
718
13052
1307
2126
5966
12043
12447
7325
3646
6548
5203
3442
8827
11747
15023
11880
8464
3727
9683
10896
10158
4634
10901
10163
12733
8035
11027
11375
13174
12680
10385
8733
10051
11808
12035
16299
2071
10228
13174
11564
6027
10559
10290
12098
7419
13421
11738
10869
12799
6354
3515
10470
12767
7443
13001
11004
9621
2806
10651
5748
1501
7122
9383
11313
1536
8843
8809
15068
15657
9928
10142
12324
10437
4564
10368
976
10291
10168
9882
13240
2462
11356
9232
11240
9896
11818
12136
7586
14750
8886
5325
11392
11559
5265
12572
10374
15165
7843
9007
12131
8376
12038
5604
10432
14470
10944
12501
3019
10609
12459
5940
6998
7911
13253
6413
5651
6861
12581
5269
11395
4234
8240
4060
12262
9617
12600
9529
6949
9624
12978
12484
11832
8222
12275
9237
9230
7830
11385
8338
7198
9403
3919
6777
10860
13555
15351
7680
12588
10029
6701
9698
9415
11743
8072
10099
13307
13076
8432
10885
9540
7360
1983
11707
11121
1024
12197
12105
8502
7985
9818
12290
11650
9642
9520
7472
9783
11498
9588
8471
11214
1744
6524
11310
10156
5677
10600
5315
14880
3832
13632
5712
6846
9832
10566
11004
5435
6546
10385
14805
7430
5061
1200
2851
9788
11466
10449
11539
102
10516
715
5187
9107
3543
932
13080
10190
10349
12429
7838
6591
11499
11017
9886
9493
14511
13137
7906
7087
12409
7989
2682
1182
10606
11409
2520
12192
12964
2011
13262
10433
2991
7680
12777
13600
4390
8807
12702
9943
5313
10841
8669
9060
10240
11820
13609
10831
12171
10888
6063
7139
11397
8016
10783
1130
10846
13061
991
4227
1851
10395
2919
4493
14450
11990
10166
10812
9623
15548
11595
8658
6355
5032
7753
9792
11282
850
8371
12804
14133
10268
1239
7960
10541
13606
12658
8083
13226
9550
707
7399
5256
7492
9329
6642
8584
10293
3482
6197
7465
7173
5213
10136
1507
12776
10802
10110
8935
13712
4106
10563
2604
9569
12427
10708
7964
9071
12433
12687
9226
8473
10689
7916
9053
4267
11589
10808
10944
9188
9305
6129
9146
9620
8542
10716
5217
9502
6634
2583
6500
2306
9070
4665
614
10431
11436
2570
5193
7104
10048
11841
522
9964
12046
7962
2671
9157
7410
4987
10489
7860
12145
9413
7778
473
8665
7683
7493
9809
9540
5714
2533
5966
12166
4926
12936
11505
9482
7037
2322
5003
4292
10167
10037
12062
14956
9740
10219
12166
12477
12004
4771
15123
11921
854
13092
6558
11524
13487
4655
305
9582
9087
10886
6377
10984
11075
4709
5514
7759
11483
12361
12008
13470
12563
15025
9638
11277
11797
11261
13045
13834
3607
13050
10046
5540
2594
833
9846
10418
7987
10814
8478
11762
4377
8846
4066
11494
13464
8776
667
6680
5773
10377
6412
6996
12885
972
9018
12694
15696
7132
8321
11419
755
11674
11864
8926
11554
5320
8748
9222
15370
9939
4566
9601
10216
8546
11140
12141
6082
11229
14646
8213
10153
6112
10505
906
12333
4168
11578
10290
9005
8040
10927
15289
11260
8934
12188
12042
13527
10973
5130
7128
12611
10842
6423
7414
8829
9699
9847
14461
8864
8245
12835
12959
8476
12162
7441
3419
8935
10538
4888
16059
13142
10086
4029
1093
8315
12218
11334
8541
10204
9387
1544
7050
8848
12710
4306
10704
1818
7038
11528
7114
8635
8054
7696
6718
9813
8911
3170
3487
6915
5104
15733
14622
13869
9423
13508
13218
4587
15057
9950
4228
7568
12778
9428
1117
4024
9536
1846
10977
9414
2707
9743
2183
9744
4907
11481
3607
10998
13155
13265
10911
11026
14319
1406
11383
13069
6018
11726
10710
4293
8381
3481
9249
4252
9804
13251
6444
9042
9815
11504
11505
235
1497
13566
3115
11829
7896
8839
12128
10244
7971
11139
10048
2134
12510
3185
11893
12835
9617
419
11219
9630
10242
13850
12400
5472
13420
10816
7990
133
2216
11053
5955
13165
11737
12472
13399
5322
14537
9154
10297
6827
14946
6835
9302
10330
3444
11406
9346
10389
12596
9525
6907
1622
10851
11470
5313
2262
12108
4763
9224
8151
2461
8158
2216
14248
11292
12825
8131
1517
11293
13945
11983
7870
6233
16119
13953
11503
2871
6799
9824
2895
8198
11034
12196
5818
14106
10865
9054
11809
11807
5147
11318
3434
6351
9415
9404
7693
7574
10646
14479
10554
7869
4609
9532
3214
10252
10951
3788
15848
12163
11796
9359
10724
10876
9578
11925
14581
13375
6061
2072
817
4282
7672
10443
5095
8582
9885
9529
11400
11025
4176
9944
10700
1084
8159
5026
7975
8530
12797
9456
11640
6752
1499
9549
4849
4133
2194
10976
2156
1238
7190
9816
7929
11826
11160
12455
12403
12877
13569
6410
13407
7176
7440
12490
7684
10388
2953
11103
13751
5069
7096
7149
7667
7318
9244
6057
6960
7148
10777
10985
12730
4632
13901
7998
11892
8777
7699
10937
8959
12519
14390
6107
2676
8461
3702
10684
11929
2395
13672
11546
9986
7815
2103
3866
12477
10892
5178
10739
9237
8243
10880
8209
11110
13950
12036
14480
9921
9107
6054
5324
10934
7481
9864
8984
11676
7539
14019
10784
13439
9434
12014
11581
2252
6555
9476
10683
10991
8468
4205
5498
9325
6666
10986
7723
4052
4153
6954
7637
11416
8785
13165
9102
16233
5277
7612
6976
11144
12837
10625
10096
8693
3716
12873
10538
4119
8960
802
10662
12362
11291
10410
9191
9812
7785
10849
11705
10331
14835
4202
11544
11081
11491
9857
2351
10876
11211
10750
14996
8017
14175
10319
12063
9000
9713
9299
7120
2638
11613
2852
10090
9254
9232
12654
10908
10970
11900
10324
9272
10801
13056
9769
3032
10955
10872
10282
11332
7502
11287
11156
7088
2016
5546
10487
7693
3014
6519
4641
7738
9202
5336
9602
10048
12094
11261
2274
11271
11339
9997
9264
9150
10593
12070
9080
4359
10765
412
4994
9812
879
7467
9776
15219
7198
8685
7330
11963
3436
12264
3386
1010
1912
10967
12142
4758
11629
11532
4572
8397
3484
14107
8309
10300
11836
9552
6620
12835
10411
6605
10434
6982
6725
3294
8378
2534
11766
6224
3902
12629
15292
11601
10492
3599
11887
4721
3954
11386
6926
10407
8503
9819
5458
7229
9235
9853
5526
5277
11376
6438
11847
13091
9386
4138
6975
4060
13803
14904
7087
12908
8148
6778
12627
15664
3137
9862
11279
11725
16909
6003
3804
15066
9676
14042
6334
15458
6485
11698
10157
7861
13455
6311
4707
10663
11475
12103
10944
6418
5043
11499
12918
10819
3939
8167
7853
6317
532
8186
1213
10229
10522
12079
7128
12178
11929
9402
11510
12339
961
115
11558
10874
841
5000
8346
3146
10878
12317
10998
10399
11478
11284
8628
2856
11051
7243
10324
12395
11071
7102
7591
12742
9164
11760
13055
4445
9454
10388
10985
7546
7322
8258
2773
8906
8558
3414
11025
7209
7527
556
9365
2106
3197
1803
4519
16115
9503
15155
9478
14573
8273
8677
7994
14727
4140
4244
11207
2811
12886
5229
11909
5996
8483
5106
12391
12043
14041
656
7803
10879
6758
8615
3871
11012
11802
9638
9744
12928
6758
10691
11286
471
3915
8748
13586
11366
8177
13840
14192
11012
11974
10066
3867
4722
3388
4498
7826
8361
8896
9529
13705
2650
3931
11138
9080
6817
7250
10765
2722
5493
11876
9703
3047
7055
10882
7703
7532
14310
9531
5645
14611
8962
9213
13281
8246
209
13577
4716
2184
13180
11297
6576
9714
13287
3528
9977
8845
13700
7660
14698
3933
7502
647
6281
9947
12065
11898
10091
13091
10675
13675
11918
12102
2533
2353
11046
5738
12063
14251
10523
8078
9846
3986
4222
6780
12279
2718
16974
11316
9515
3265
4848
10515
9674
13045
12542
10260
10433
6408
11601
3267
5742
3963
1821
12190
4483
11944
5806
11025
9618
8311
5088
3868
13508
3960
9395
14789
14075
2875
10734
12528
385
7636
11013
8259
13979
8299
11116
2790
10707
0
10578
9290
4644
10691
4647
7939
6871
8556
11430
11045
953
12235
8729
7936
3773
6933
8671
9937
8183
7642
12327
1526
12819
11805
8324
4363
9424
8631
5869
12468
10006
3780
13000
10522
6153
7361
10899
2370
10244
9023
10222
8210
11630
9678
5949
4474
6865
9165
6862
8116
12937
10233
6513
13089
15431
5801
12775
4616
10605
6040
3121
11048
14756
12067
11698
9641
11025
9394
10770
7446
11343
9140
8602
12588
2687
7833
8547
9757
14295
490
12817
1896
9531
6965
260
12192
7451
15233
9840
155
7751
11994
12974
11827
10744
13622
4819
12613
7092
3971
737
4149
12340
6481
12719
6261
10317
4609
8821
6469
11415
1304
12236
9486
6969
6619
11148
11322
13405
8813
3276
4370
7053
3868
3520
10260
8824
7016
11163
10921
814
10426
14753
5292
12619
2323
9402
7722
7316
10983
5341
8295
10431
10899
11642
12130
6848
13550
9196
10589
12459
13228
12509
7166
4536
4145
1946
11157
11556
11882
8003
6855
6564
8527
8344
7887
8383
4379
4624
13279
6274
5855
10657
9044
3833
7829
11024
11369
8697
12684
8626
12073
11523
478
11474
7317
10092
6214
9978
11074
3830
12394
11706
11205
8284
10881
10788
11410
2449
10847
8754
9543
7729
10124
11037
11178
11991
10397
4610
12312
8270
7868
12324
1371
6988
1728
7207
3008
13639
7527
4305
14089
6059
8190
1536
7050
7633
13467
5658
7060
9054
1095
4950
8522
14766
11878
8582
5347
11336
6279
12132
10568
11579
7899
667
538
622
10949
9352
8345
9479
8854
7712
4868
10638
11078
13581
7810
5598
8405
11393
12614
9271
14448
12867
2559
5309
9492
1890
7276
5272
10452
7133
4134
7117
5125
11368
7153
8507
8011
12158
6501
9964
1760
1375
9765
3517
9569
7707
163
12223
9164
9246
9550
9548
3613
8654
11190
11924
1832
4428
7995
7085
8552
15576
2843
7226
5688
15768
2060
10380
5420
12930
9066
11527
14510
7891
8676
9236
3636
8578
11874
8433
9851
8267
11422
13926
1545
14499
9035
10476
12171
5038
6452
10390
10975
10443
2696
12141
2816
10505
9986
9193
11493
8770
11172
10271
11823
11520
7965
7705
11936
9558
4291
6400
12027
13417
12645
8617
11451
1921
7685
5083
5570
6016
14431
12000
4996
4527
3036
12935
7213
4509
2566
6299
10655
12300
12033
7420
7831
9582
10610
8892
12133
9286
6680
7493
12787
10168
13614
6672
13655
11875
4520
10411
14189
10273
7903
11215
9083
3318
10008
12375
11319
5553
5459
6775
3867
11263
6569
9570
1476
3892
9374
14270
10370
10926
8989
8676
11100
12747
7757
13676
14575
9129
5811
3575
6733
10629
11320
3999
11675
7334
103
9624
13927
10081
9982
4106
10285
10704
4219
1835
10484
10754
10844
13925
11596
6094
9513
11521
854
2146
4315
10809
2337
11122
4698
1561
10465
9634
4286
7955
12307
8062
587
9420
14220
5505
10381
11407
4449
2328
1517
6818
10818
11107
11656
774
920
4049
14605
3666
8614
8545
9863
2118
10801
9627
6310
12230
8506
11222
1971
9845
11900
10554
8679
15234
10664
11289
7773
11928
7466
10637
14630
1220
5798
689
8243
7731
8550
13345
12599
6936
3244
4524
4220
10295
8846
3994
9908
7569
12970
6326
5672
13084
10882
5904
14609
2803
12653
8876
8217
8928
309
7512
15585
3259
12240
14617
10675
5248
14336
11029
8319
7504
9169
9475
11931
3554
8869
5903
13400
12709
13734
9646
5565
11881
12784
15635
9832
7475
12588
11321
12535
12949
4766
2298
4703
3098
11331
12199
12419
7176
8242
8775
8551
2800
9361
7298
4819
14478
15188
11770
6247
6355
2270
11482
6456
12092
4394
7809
10336
7375
13473
11677
10413
11698
5945
7796
7919
7323
4344
2502
1842
11788
6829
9410
9641
6627
9159
9297
14647
5969
12626
7255
4088
4732
2314
10866
3017
10604
5499
9608
8200
15168
5568
11864
17374
14961
14121
7211
5424
13
9941
6394
7064
11161
5477
3998
4174
10389
9836
11360
1637
4603
2839
3310
9172
11769
505
14408
3072
5800
2306
10671
9674
6136
11731
10064
6160
14103
8235
5112
4734
1537
2860
13420
2279
13572
12726
8877
10658
11987
9616
11598
5809
8974
2421
8652
13601
11112
7910
8143
9128
8582
6229
9383
11934
10834
14569
12643
7005
6719
11880
11137
10105
10749
10567
12136
5576
8365
8288
10951
14835
9302
7040
8166
10749
8368
1012
7097
10217
7884
8100
12608
10620
11065
16085
8852
10303
8958
10709
2454
7743
64
3742
10704
12284
3935
13878
10476
4962
6387
4515
3131
8681
5607
6220
5379
9743
2236
13703
9641
10095
2639
13303
8601
11353
7107
5923
10047
11512
13087
11807
10608
1340
282
11274
9802
11916
11344
9070
9989
14572
7707
5226
9916
7691
11579
5412
11135
1786
12632
12771
11995
10166
11140
12318
12099
11658
11062
5617
11375
12275
11652
2040
6876
9742
11209
10195
4213
5719
11099
11718
4909
11071
557
9798
11440
12955
12853
7653
9163
4454
2421
4470
11189
13311
10274
6437
10155
10057
7935
5293
6582
5508
8621
10372
12100
11921
12341
9506
9252
14667
11772
12870
9746
147
6086
13502
7243
6494
8747
64
7596
2143
6907
13352
5667
9584
7362
5535
5818
14991
10733
2331
14085
940
11487
2357
9372
9383
14799
5726
10312
5957
12053
5837
8270
12926
11084
11992
13756
10143
6604
3251
7125
7587
8587
9529
1913
1286
14863
7386
5755
10734
10679
7008
10922
4729
9456
9436
9745
12644
4407
10449
6616
10748
10432
1522
8952
9580
7371
11725
3877
9570
7026
15998
12068
12370
12582
8383
1869
404
11845
10515
6311
1881
9964
554
2944
8030
2918
6212
7646
10875
3380
14763
13189
7073
6340
11754
3722
11240
11089
11950
6883
3622
3381
11729
3945
11052
6906
13773
11014
1506
7498
11092
8466
6671
9459
6785
10401
11546
12840
12177
884
9166
9645
8824
5067
11016
8771
12020
3060
6693
10740
7523
11977
7160
663
13857
5628
11289
1694
8594
2179
7130
988
7030
11784
10977
9119
13271
11453
7469
1932
11444
8659
9508
10527
10144
569
11472
3079
10366
9125
7267
10512
12989
1528
6683
10981
11493
8863
4924
3876
11929
4417
5788
13683
9418
10207
8894
471
11031
6288
6548
10770
10624
10318
7749
12070
14141
10427
11913
7055
6523
4244
3747
6008
7269
11208
10222
1401
8560
12770
3908
7623
11162
5444
9926
11171
3612
6800
13534
11145
10971
10032
16282
572
4071
8796
5661
4272
13831
13772
5707
5065
11013
8715
11989
4892
6426
5415
13427
10055
6155
7673
13837
12069
13413
12429
7845
4958
8724
6734
9187
10815
11898
13080
13955
11401
10061
10751
13670
6285
8480
12172
6053
10645
8789
9239
4769
8590
11080
4393
7456
13503
1098
12119
10713
12869
7299
11153
7713
14590
5946
12234
13644
12203
4525
11319
8663
7913
1654
5047
7764
13590
9057
10708
10173
8733
9152
6551
9124
12291
8548
12431
1520
10872
9399
5371
9462
4098
2733
12143
9283
6584
9010
5896
10424
5836
9896
5612
10785
8800
11125
7452
7018
9030
12446
1199
13027
3932
11955
12034
4887
7174
9224
9061
12768
9919
5803
10970
10738
11585
11067
12651
1572
15262
1405
490
6291
318
12610
5294
350
7872
8456
11234
12911
1424
2825
12258
15321
3559
11844
10995
3852
10217
14948
12297
8709
10554
4970
7739
14878
479
3117
1774
6069
1968
10542
3174
3254
12295
7644
3672
7967
9737
11947
5108
5246
6123
2381
12566
9215
6885
10397
14767
5001
744
9507
11074
13284
8675
7400
10965
900
310
1972
7239
10583
11737
14359
3926
5851
12017
10829
14241
9833
11771
9751
5312
15152
10816
6823
3720
12594
11332
1489
1794
8911
11838
10181
8522
12757
2278
466
9166
10010
7227
11917
10757
12169
12751
1035
1407
4079
9007
11867
11465
8716
7821
7885
10139
2139
14077
7354
11907
7816
10911
10716
12064
11848
7352
615
11628
12096
6370
7268
1496
6510
7365
1627
11613
12385
9802
10014
13761
3087
11609
8826
11480
9072
12363
13731
12903
1623
7549
13469
9516
13942
7742
8941
12354
12635
11872
419
5153
6447
11398
7559
979
5429
9433
11794
8889
12937
10220
6975
2306
4952
13784
11305
11098
10225
8449
12042
12127
12637
9034
421
9861
9369
16590
8472
9741
11960
10975
11397
14671
12038
9528
8873
13774
12063
9297
13071
10946
4047
4206
10286
11849
8097
4772
6458
4549
4075
14082
9742
9014
6242
7859
10019
14525
9086
16096
12007
8458
2460
7584
15132
1656
7769
12107
5922
7328
9148
13170
11735
4674
8817
12723
9466
2079
2000
3614
8092
8278
11953
1348
10352
8671
10113
2570
2803
8324
2030
11436
9962
10195
8421
6934
8126
5887
11750
12298
13858
14476
9411
8772
6421
6399
9701
11944
13740
7345
10842
10566
9694
7009
10636
13535
10532
10530
8988
9298
10647
11262
12653
7489
4480
7414
1194
12170
13027
3731
2828
8889
7693
10932
8468
13371
10080
3363
15161
11029
7852
7883
8957
2394
11466
11315
9147
12814
11121
5959
6471
7844
11266
4345
7237
9748
14546
11041
11494
13328
12843
10438
8425
11712
11299
5448
11040
4091
10648
11329
11427
7477
10026
10723
13021
10822
6519
7975
1945
11038
12173
10887
2315
13347
11511
2538
2684
7239
4103
7983
13331
10118
7833
10666
12487
10572
9971
13296
10156
8947
11738
8961
11823
3913
10907
11259
1071
6775
10758
8330
5896
12528
3173
1920
3335
5402
12717
7906
8296
11644
5629
11813
1877
10097
12123
11000
1141
6672
10857
8079
11445
14194
12893
12901
7440
11453
9591
4178
9354
12187
8446
7186
7259
11626
3547
11071
1922
7510
12078
16252
6134
2549
10213
10275
8449
11490
5233
3351
6490
2015
9561
12287
6840
5503
7445
4532
3333
9024
8712
3373
3535
6668
10199
8983
6285
3873
4780
3608
8058
9990
15472
8924
10361
5622
10154
9570
4202
1568
12092
8153
10780
9139
12084
5033
11932
10056
2855
6059
10285
2073
11461
13088
7580
14291
4194
1352
3796
8044
6059
9423
12458
8282
2521
12493
6657
7635
7557
2371
11268
7542
8722
2329
2907
6260
10981
13055
2939
11574
8046
4676
7038
6708
354
12302
645
11076
15224
11566
4010
1062
114
9028
12825
6034
12935
7573
10393
13055
8674
7155
4891
2202
11911
9655
12865
11239
11082
8493
2022
3284
14793
13632
2889
2850
11003
9813
10775
7615
554
13699
11877
12747
8425
11816
9958
12945
6746
4170
9508
8290
5425
2104
8177
7465
11163
3170
12009
12248
10009
12132
8117
2502
11058
14589
12596
13783
14219
8417
10456
2881
13200
11732
7235
10793
5752
1954
6347
11640
9550
5521
13376
10139
6135
12046
9012
9720
577
2086
5324
9784
14811
12834
6508
9226
7393
11152
7212
4711
10148
7770
14023
9449
12346
7054
11987
11619
5997
7270
7484
9694
13297
9902
9723
7473
9125
12170
8300
11061
11133
8593
3421
9756
11311
7816
1102
8952
10924
6055
10982
11816
8423
3887
9434
2366
4705
11844
11543
10566
5073
5167
7285
2154
11863
5592
9566
4290
7503
10723
10624
12064
7727
10249
11465
6955
9011
7298
15442
12164
2327
6854
9210
5431
12007
5215
3554
6312
12474
11269
10320
186
7984
10119
11137
13720
5831
10079
8109
5432
4532
13140
14856
12347
7963
4805
6957
2261
3691
8594
10820
4684
7043
2610
1366
6748
14528
8843
5763
7916
14435
12241
12774
12281
7445
10759
12424
3170
13254
12320
1617
6511
10147
15686
14345
11823
13071
6133
6097
5651
11619
10387
13239
9212
9160
11383
11383
5404
14108
8042
12642
6335
11312
3268
7307
8942
948
8153
6283
9827
11906
13240
1718
8491
4435
9264
11840
9622
11488
6717
3448
13034
6658
14224
11685
8711
11195
8237
9285
11599
9931
3337
8958
2309
2875
13700
353
5405
2993
9157
3628
2892
11740
2302
10333
4168
7484
5214
1314
10919
11365
7033
6395
11987
7238
2814
5584
12787
6419
10814
10960
2688
5515
11744
6329
9196
11274
2217
12546
8378
6765
2593
10750
5807
5912
8987
10815
11272
813
11387
2094
9405
5972
9954
10438
8090
14246
12868
13344
3408
4568
11424
10777
9170
12173
14814
11188
6444
4395
11000
3831
13172
11140
8823
11540
7279
12183
2203
5836
11924
11887
12254
11342
7738
14268
8524
12065
15391
11293
13229
10188
3290
7443
16382
12863
5573
5952
13896
1949
9934
7241
12888
13298
7005
1075
9004
6143
11152
4151
12187
7383
9119
10843
9531
1732
6387
13624
2166
10058
3242
1577
6955
6106
15180
11415
9747
10789
14252
8100
8761
11840
7988
12479
1839
12055
9678
6491
8148
10381
3507
8575
5478
13550
2046
11462
7339
8748
1396
11288
9508
5276
4686
10465
7719
1639
11655
11239
6249
6584
9390
1170
10893
9647
13037
12478
13936
1447
6400
4681
1400
11863
7795
10936
11387
6661
6044
3105
8506
13818
11734
13333
13175
12156
3309
10689
9416
10942
1434
12581
10208
1383
5907
7258
8639
11343
11749
12931
14884
3386
10782
12330
6381
873
12600
3046
9021
13569
3581
3552
1709
5797
3197
559
11225
3989
9839
12096
10024
11820
13405
9405
6043
10276
1871
9635
4985
9621
11139
5149
11238
12946
9963
8998
4032
10566
13600
6266
7863
15176
4958
3865
9716
10397
14014
11576
12479
12467
9835
7609
12175
13414
7076
6975
6992
14243
9871
4997
11149
8746
13390
14234
5578
4837
10154
8009
8816
10744
1872
4694
9138
6549
173
11999
14218
6776
13876
9377
11282
10877
2142
15618
13261
10354
4628
1663
8293
637
10012
6327
6217
5389
8644
11349
13033
4767
11222
6010
12846
14411
9008
852
2112
11920
1151
11407
3553
6337
3644
1684
11029
7015
10449
6917
8087
10964
11120
9120
7315
4732
1103
14184
12251
7474
7405
11174
7689
13603
9769
12387
10102
8828
3508
11089
7674
11317
5023
12285
11858
4582
2940
6296
6910
12382
11815
10325
11316
14731
11885
9457
12874
3686
7588
5963
6689
12403
6953
2549
3846
7079
10884
9808
11710
14810
14805
11349
4151
11543
7997
11694
8165
9696
9603
2825
9330
9262
9804
11986
13147
13448
4633
12029
9744
3867
11305
9377
7725
7088
7731
9546
5724
12140
7769
10026
10733
7121
7893
11571
1509
8566
8744
1526
10719
3330
9317
7025
11202
1987
10031
12573
5088
11669
6243
4564
8093
3023
1307
2787
7806
12848
13273
4185
12562
1117
2702
3755
10620
9329
5050
1211
8214
3033
6344
1554
98
8409
6842
9054
8949
11219
9221
11008
9414
6016
13182
2705
11164
9890
10007
10328
8740
4066
8183
7939
7783
7923
11979
4659
10534
10925
2763
12255
13738
6754
16789
11500
8748
8192
5550
3259
12023
11312
12004
4066
10651
13968
9469
12116
13545
11123
12026
11788
14625
5019
4460
347
2107
7469
6119
8590
12474
11172
10790
8959
14813
11906
6494
12793
9134
5231
14264
6461
7301
12292
14989
9086
9677
11493
13417
7344
10823
13378
11779
6034
3475
13040
3351
14826
14488
9535
8866
9495
2828
8422
14596
9387
2716
10855
3783
3098
10540
9459
7643
12192
11358
12537
1276
12173
7526
7736
4960
8432
2348
10541
5620
6004
12801
3487
6983
11754
5767
10754
12419
9932
9952
8735
5957
5183
1013
14344
1012
5070
8129
10609
11851
709
10607
12951
5573
16355
6516
3303
12075
13014
11875
9140
10210
4485
3799
9634
8757
13432
11074
11339
11573
12524
2986
11345
12554
7563
11969
4015
7140
10825
13838
6410
15939
8671
2780
7819
8285
6429
10872
3178
12457
7945
2880
10168
1972
4399
9009
3245
5212
7681
12239
11389
6860
8199
12952
123
12376
15448
11129
13643
9314
9536
8007
1671
11274
9373
10295
11137
11851
10218
12754
10526
4325
11996
10029
14691
6609
13325
8472
8154
5179
7297
11762
8949
7636
5592
13229
11617
1637
2234
2782
12126
5428
8782
5151
4567
2455
10913
7965
9191
12168
11912
4041
13629
10551
878
10328
9334
5525
7418
3942
1328
3013
9847
654
3194
12295
11428
10670
10444
10031
12129
10457
9564
8254
307
9431
11217
1606
13978
10037
6506
6211
9264
8104
10728
11221
11083
2790
15033
6316
1759
11307
6846
7231
9991
14268
855
15330
2294
4064
9538
9642
9340
13565
10696
9847
4034
10490
11737
13634
10253
7666
4268
10486
2234
1443
11034
12340
3320
8570
2108
5696
6567
8076
9981
8678
8386
4683
13610
9800
13894
11017
16102
7836
5191
13113
9440
14492
11301
11282
10110
12163
12615
10049
14179
10595
1791
12125
7073
8667
11041
11623
12128
10155
9697
4739
12404
10012
11518
12736
2161
9432
8552
11420
5388
11902
4531
9868
11456
10249
12563
4435
11885
15144
11953
9229
11495
1326
3992
8879
12092
8685
11560
10690
13801
8843
8553
11615
8671
10678
3996
10932
3483
12274
9537
3340
7268
6271
11347
15275
1735
11019
8407
9590
14777
4765
149
10742
12748
7483
16330
5152
6308
8548
13526
3781
6716
11431
826
4668
1782
9802
9292
4907
8286
8047
5574
6700
10191
6657
567
3786
8690
12047
6814
10290
10305
969
10104
12189
11962
3695
8129
4205
9667
7892
2810
10740
6164
13022
2395
12191
8860
2427
1349
8088
9216
6882
7945
9810
9333
9208
13951
14394
10848
10260
3420
9142
8972
9754
6054
1362
2621
11330
3031
7920
5219
5621
8042
11292
12293
10878
12340
11677
3716
4859
12404
11329
11332
12702
11476
11593
10138
7749
14540
11252
6522
10711
7958
6679
5714
6775
2123
14014
2749
11775
4786
4651
13727
6203
3504
9619
10935
12340
13838
1699
4830
1414
13526
10554
11336
13384
4969
5637
8698
10394
9592
10000
11771
11197
2354
7858
10878
8978
8099
9118
11155
7374
3005
8790
11744
10973
10334
13576
6031
7042
10227
9206
9581
9615
4002
3110
5907
9698
9395
3258
12785
11536
3254
11246
13833
11622
11509
9997
13514
9624
11633
14800
13446
8106
10940
4105
11049
14076
5446
9156
7715
11342
2810
671
7829
8201
2656
1744
11139
4540
13843
4776
14038
8348
5551
12364
9155
11144
12154
1605
12889
12722
14340
4847
14054
5888
5101
10640
12143
12625
13440
7511
4437
4614
12331
11401
3575
319
7118
12886
11520
12861
11060
11349
258
11215
12060
5402
13529
7440
3993
11407
14656
7490
6400
12827
4176
5901
12150
653
11796
11797
8510
11452
11554
7385
12008
12782
5293
10449
14037
12454
12745
10471
3556
9766
