106
415
134
35
51
258
94
120
198
70
188
354
296
58
30
235
35
4
44
22
60
23
454
2
86
23
289
57
30
20
52
146
8
2
90
326
52
3
203
179
47
136
227
4
33
129
37
443
136
163
0
109
387
35
123
55
10
398
110
37
293
150
269
309
466
257
131
40
361
30
87
352
206
345
49
283
3
37
250
145
26
340
207
25
149
4
8
49
446
23
139
59
519
38
98
9
247
166
112
72
2
107
222
15
3
433
62
101
175
8
3
824
26
250
30
8
88
20
53
72
297
3
38
0
399
131
12
48
165
95
17
24
19
42
0
143
100
316
135
408
184
150
88
112
129
13
7
299
73
26
0
92
17
8
571
24
14
52
65
45
37
522
44
83
185
150
26
30
297
54
166
0
225
162
36
0
141
12
724
2
740
25
36
422
74
399
137
215
2
42
111
16
146
0
15
52
16
2
131
2
789
237
41
302
101
629
5
32
2
46
152
139
46
2
29
2
57
27
3
16
401
446
8
130
78
31
131
68
109
492
105
150
66
557
166
40
80
1
14
0
29
206
73
431
123
74
269
29
37
198
435
69
228
48
17
567
35
106
3
12
44
232
2
204
373
200
499
27
71
160
61
88
14
52
540
606
540
24
0
22
2
2
101
68
195
124
307
334
464
22
22
96
14
254
0
264
497
76
173
16
105
48
638
71
583
226
1
296
5
18
232
119
70
364
260
132
24
271
328
5
369
724
470
100
0
102
221
32
16
52
40
20
92
58
99
196
361
83
409
23
64
440
91
191
110
193
396
468
216
34
204
113
153
388
7
170
336
202
194
4
282
534
8
47
15
162
29
91
122
261
2
40
48
13
105
21
94
420
26
260
113
279
296
267
0
20
169
321
457
41
0
192
14
115
359
224
98
16
270
175
206
479
58
43
545
760
383
219
394
304
112
431
2
377
55
6
52
444
260
410
260
483
10
135
597
119
22
349
42
102
19
0
39
395
204
282
2
124
217
39
357
115
223
299
8
15
47
218
57
20
83
29
200
61
241
172
430
135
74
2
35
433
88
63
98
14
522
406
106
134
27
62
204
366
2
445
110
147
0
90
38
3
23
20
149
2
140
73
0
33
126
110
400
569
302
1
499
135
642
454
36
2
41
168
13
46
328
142
50
351
121
58
370
0
507
197
0
355
71
107
71
260
39
7
194
120
320
110
177
109
269
151
32
56
73
192
51
25
13
9
22
183
37
506
79
26
321
60
5
112
137
46
282
255
83
404
60
234
9
13
18
46
21
156
18
12
15
136
33
461
103
65
53
67
119
51
78
207
76
597
11
81
44
551
373
156
45
299
549
57
7
59
14
106
57
139
259
100
173
0
83
64
70
93
5
300
93
26
547
10
385
23
111
441
27
110
304
389
333
91
103
101
21
612
4
17
14
3
488
219
9
91
20
435
1
126
267
32
419
7
113
246
20
75
23
124
99
2
12
2
64
241
104
98
1
94
70
211
222
39
0
4
20
3
391
39
91
322
265
9
204
216
0
310
15
343
262
359
361
404
5
92
279
22
273
111
546
97
48
7
115
134
178
109
247
313
20
293
9
40
8
13
7
3
58
153
127
211
48
473
5
126
394
55
7
156
89
105
0
79
53
333
0
297
22
5
487
178
203
186
13
75
11
218
212
9
152
106
142
42
226
445
154
7
566
142
86
316
4
133
353
19
27
457
53
41
1
14
2
642
26
29
161
30
0
75
228
97
57
181
292
227
43
113
16
67
217
65
14
37
9
265
19
93
209
56
550
9
0
69
40
311
37
268
3
441
54
200
357
5
155
156
14
42
128
88
69
29
65
138
560
90
109
31
213
162
75
62
15
9
123
39
577
341
9
34
7
245
5
0
53
3
139
33
448
11
16
14
252
84
131
153
32
47
315
20
63
87
73
379
22
348
18
338
61
155
113
94
16
27
262
9
133
749
102
393
361
126
382
591
22
117
290
251
78
63
58
8
35
26
295
1
288
41
36
216
291
181
355
267
263
93
685
470
87
467
223
5
193
4
91
107
7
96
233
95
4
72
618
47
366
5
64
2
427
0
166
391
531
546
61
79
106
370
7
54
57
71
180
75
31
200
352
1
0
21
17
373
393
21
29
74
5
502
19
515
439
3
72
229
20
589
84
108
17
6
5
116
16
67
665
10
88
3
93
84
272
348
252
67
24
192
108
9
20
24
98
433
53
57
77
96
245
105
219
360
51
203
98
567
1
399
181
72
133
0
57
36
101
46
