+-+-+-+-+-+-+-+-+-+
|0|0|0|0|0|0|9|7|3|
+-+-+-+-+-+-+-+-+-+
|8|0|0|0|7|3|1|6|2|
+-+-+-+-+-+-+-+-+-+
|0|7|3|0|0|0|8|0|0|
+-+-+-+-+-+-+-+-+-+
|6|0|8|4|5|9|0|0|0|
+-+-+-+-+-+-+-+-+-+
|0|0|0|7|0|1|0|2|8|
+-+-+-+-+-+-+-+-+-+
|7|3|1|6|2|0|0|5|0|
+-+-+-+-+-+-+-+-+-+
|2|0|0|0|9|7|0|1|0|
+-+-+-+-+-+-+-+-+-+
|5|9|7|0|1|6|2|0|0|
+-+-+-+-+-+-+-+-+-+
|0|1|0|2|0|0|5|0|7|
+-+-+-+-+-+-+-+-+-+
OK!
40 1
Error!
+-+-+-+-+-+-+-+-+-+
|0|0|0|0|0|0|9|7|3|
+-+-+-+-+-+-+-+-+-+
|8|0|0|0|7|3|1|6|2|
+-+-+-+-+-+-+-+-+-+
|0|7|3|0|0|0|8|0|0|
+-+-+-+-+-+-+-+-+-+
|6|0|8|4|5|9|0|0|0|
+-+-+-+-+-+-+-+-+-+
|0|0|0|7|0|1|0|2|8|
+-+-+-+-+-+-+-+-+-+
|7|3|1|6|2|0|0|5|0|
+-+-+-+-+-+-+-+-+-+
|2|0|0|0|9|7|0|1|0|
+-+-+-+-+-+-+-+-+-+
|5|9|7|0|1|6|2|0|0|
+-+-+-+-+-+-+-+-+-+
|0|1|0|2|0|0|5|0|7|
+-+-+-+-+-+-+-+-+-+
Error!
41 0
4
3
4
8
9
+-+-+-+-+-+-+-+-+-+
|0|0|0|0|0|0|9|7|3|
+-+-+-+-+-+-+-+-+-+
|8|0|0|0|7|3|1|6|2|
+-+-+-+-+-+-+-+-+-+
|0|7|3|0|0|0|8|0|0|
+-+-+-+-+-+-+-+-+-+
|6|0|8|4|5|9|0|0|0|
+-+-+-+-+-+-+-+-+-+
|0|0|0|7|0|1|0|2|8|
+-+-+-+-+-+-+-+-+-+
|7|3|1|6|2|0|0|5|0|
+-+-+-+-+-+-+-+-+-+
|2|0|0|0|9|7|0|1|0|
+-+-+-+-+-+-+-+-+-+
|5|9|7|0|1|6|2|0|0|
+-+-+-+-+-+-+-+-+-+
|0|1|0|2|0|0|5|0|7|
+-+-+-+-+-+-+-+-+-+
OK!
41 0
1
3
+-+-+-+-+-+-+-+-+-+
|0|0|0|0|0|0|9|7|3|
+-+-+-+-+-+-+-+-+-+
|8|0|0|0|7|3|1|6|2|
+-+-+-+-+-+-+-+-+-+
|0|7|3|0|0|0|8|0|0|
+-+-+-+-+-+-+-+-+-+
|6|0|8|4|5|9|0|0|0|
+-+-+-+-+-+-+-+-+-+
|0|0|0|7|0|1|0|2|8|
+-+-+-+-+-+-+-+-+-+
|7|3|1|6|2|0|0|5|0|
+-+-+-+-+-+-+-+-+-+
|2|0|0|0|9|7|0|1|0|
+-+-+-+-+-+-+-+-+-+
|5|9|7|0|1|6|2|0|0|
+-+-+-+-+-+-+-+-+-+
|0|1|0|2|0|0|5|0|7|
+-+-+-+-+-+-+-+-+-+
OK!
40 1
2
4
8
+-+-+-+-+-+-+-+-+-+
|0|0|0|0|0|0|9|7|3|
+-+-+-+-+-+-+-+-+-+
|8|0|0|0|7|3|1|6|2|
+-+-+-+-+-+-+-+-+-+
|0|7|3|0|0|0|8|0|0|
+-+-+-+-+-+-+-+-+-+
|6|0|8|4|5|9|0|0|0|
+-+-+-+-+-+-+-+-+-+
|0|0|0|7|0|1|0|2|8|
+-+-+-+-+-+-+-+-+-+
|7|3|1|6|2|0|0|5|0|
+-+-+-+-+-+-+-+-+-+
|2|0|0|0|9|7|0|1|0|
+-+-+-+-+-+-+-+-+-+
|5|9|7|0|1|6|2|0|0|
+-+-+-+-+-+-+-+-+-+
|0|1|0|2|0|0|5|0|7|
+-+-+-+-+-+-+-+-+-+
Error!
41 0
3
3
4
6
+-+-+-+-+-+-+-+-+-+
|0|0|0|0|0|0|9|7|3|
+-+-+-+-+-+-+-+-+-+
|8|0|0|0|7|3|1|6|2|
+-+-+-+-+-+-+-+-+-+
|0|7|3|0|0|0|8|0|0|
+-+-+-+-+-+-+-+-+-+
|6|0|8|4|5|9|0|0|0|
+-+-+-+-+-+-+-+-+-+
|0|0|0|7|0|1|0|2|8|
+-+-+-+-+-+-+-+-+-+
|7|3|1|6|2|0|0|5|0|
+-+-+-+-+-+-+-+-+-+
|2|0|0|0|9|7|0|1|0|
+-+-+-+-+-+-+-+-+-+
|5|9|7|0|1|6|2|0|0|
+-+-+-+-+-+-+-+-+-+
|0|1|0|2|0|0|5|0|7|
+-+-+-+-+-+-+-+-+-+
Error!
41 0
4
2
4
5
6
+-+-+-+-+-+-+-+-+-+
|0|0|0|0|0|0|9|7|3|
+-+-+-+-+-+-+-+-+-+
|8|0|0|0|7|3|1|6|2|
+-+-+-+-+-+-+-+-+-+
|0|7|3|0|0|0|8|0|0|
+-+-+-+-+-+-+-+-+-+
|6|0|8|4|5|9|0|0|0|
+-+-+-+-+-+-+-+-+-+
|0|0|0|7|0|1|0|2|8|
+-+-+-+-+-+-+-+-+-+
|7|3|1|6|2|0|0|5|0|
+-+-+-+-+-+-+-+-+-+
|2|0|0|0|9|7|0|1|0|
+-+-+-+-+-+-+-+-+-+
|5|9|7|0|1|6|2|0|0|
+-+-+-+-+-+-+-+-+-+
|0|1|0|2|0|0|5|0|7|
+-+-+-+-+-+-+-+-+-+
Error!
41 0
3
4
6
8
+-+-+-+-+-+-+-+-+-+
|0|0|0|0|0|0|9|7|3|
+-+-+-+-+-+-+-+-+-+
|8|0|0|0|7|3|1|6|2|
+-+-+-+-+-+-+-+-+-+
|0|7|3|0|0|0|8|0|0|
+-+-+-+-+-+-+-+-+-+
|6|0|8|4|5|9|0|0|0|
+-+-+-+-+-+-+-+-+-+
|0|0|0|7|0|1|0|2|8|
+-+-+-+-+-+-+-+-+-+
|7|3|1|6|2|0|0|5|0|
+-+-+-+-+-+-+-+-+-+
|2|0|0|0|9|7|0|1|0|
+-+-+-+-+-+-+-+-+-+
|5|9|7|0|1|6|2|0|0|
+-+-+-+-+-+-+-+-+-+
|0|1|0|2|0|0|5|0|7|
+-+-+-+-+-+-+-+-+-+
Error:column!
41 0
1
4
+-+-+-+-+-+-+-+-+-+
|0|0|0|0|0|0|9|7|3|
+-+-+-+-+-+-+-+-+-+
|8|0|0|0|7|3|1|6|2|
+-+-+-+-+-+-+-+-+-+
|0|7|3|0|0|0|8|0|0|
+-+-+-+-+-+-+-+-+-+
|6|0|8|4|5|9|0|0|0|
+-+-+-+-+-+-+-+-+-+
|0|0|0|7|0|1|0|2|8|
+-+-+-+-+-+-+-+-+-+
|7|3|1|6|2|0|0|5|0|
+-+-+-+-+-+-+-+-+-+
|2|0|0|0|9|7|0|1|0|
+-+-+-+-+-+-+-+-+-+
|5|9|7|0|1|6|2|0|0|
+-+-+-+-+-+-+-+-+-+
|0|1|0|2|0|0|5|0|7|
+-+-+-+-+-+-+-+-+-+
Error!
41 0
Error!
+-+-+-+-+-+-+-+-+-+
|0|0|0|0|0|0|9|7|3|
+-+-+-+-+-+-+-+-+-+
|8|0|0|0|7|3|1|6|2|
+-+-+-+-+-+-+-+-+-+
|0|7|3|0|0|0|8|0|0|
+-+-+-+-+-+-+-+-+-+
|6|0|8|4|5|9|0|0|0|
+-+-+-+-+-+-+-+-+-+
|0|0|0|7|0|1|0|2|8|
+-+-+-+-+-+-+-+-+-+
|7|3|1|6|2|0|0|5|0|
+-+-+-+-+-+-+-+-+-+
|2|0|0|0|9|7|0|1|0|
+-+-+-+-+-+-+-+-+-+
|5|9|7|0|1|6|2|0|0|
+-+-+-+-+-+-+-+-+-+
|0|1|0|2|0|0|5|0|7|
+-+-+-+-+-+-+-+-+-+
Error!
41 0
Error!
+-+-+-+-+-+-+-+-+-+
|0|0|0|0|0|0|9|7|3|
+-+-+-+-+-+-+-+-+-+
|8|0|0|0|7|3|1|6|2|
+-+-+-+-+-+-+-+-+-+
|0|7|3|0|0|0|8|0|0|
+-+-+-+-+-+-+-+-+-+
|6|0|8|4|5|9|0|0|0|
+-+-+-+-+-+-+-+-+-+
|0|0|0|7|0|1|0|2|8|
+-+-+-+-+-+-+-+-+-+
|7|3|1|6|2|0|0|5|0|
+-+-+-+-+-+-+-+-+-+
|2|0|0|0|9|7|0|1|0|
+-+-+-+-+-+-+-+-+-+
|5|9|7|0|1|6|2|0|0|
+-+-+-+-+-+-+-+-+-+
|0|1|0|2|0|0|5|0|7|
+-+-+-+-+-+-+-+-+-+
OK!
40 1
Error!
+-+-+-+-+-+-+-+-+-+
|0|0|0|0|0|0|9|7|3|
+-+-+-+-+-+-+-+-+-+
|8|0|0|0|7|3|1|6|2|
+-+-+-+-+-+-+-+-+-+
|0|7|3|0|0|0|8|0|0|
+-+-+-+-+-+-+-+-+-+
|6|0|8|4|5|9|0|0|0|
+-+-+-+-+-+-+-+-+-+
|0|0|0|7|0|1|0|2|8|
+-+-+-+-+-+-+-+-+-+
|7|3|1|6|2|0|0|5|0|
+-+-+-+-+-+-+-+-+-+
|2|0|0|0|9|7|0|1|0|
+-+-+-+-+-+-+-+-+-+
|5|9|7|0|1|6|2|0|0|
+-+-+-+-+-+-+-+-+-+
|0|1|0|2|0|0|5|0|7|
+-+-+-+-+-+-+-+-+-+
Error!
41 0
Error!
+-+-+-+-+-+-+-+-+-+
|0|0|0|0|0|0|9|7|3|
+-+-+-+-+-+-+-+-+-+
|8|0|0|0|7|3|1|6|2|
+-+-+-+-+-+-+-+-+-+
|0|7|3|0|0|0|8|0|0|
+-+-+-+-+-+-+-+-+-+
|6|0|8|4|5|9|0|0|0|
+-+-+-+-+-+-+-+-+-+
|0|0|0|7|0|1|0|2|8|
+-+-+-+-+-+-+-+-+-+
|7|3|1|6|2|0|0|5|0|
+-+-+-+-+-+-+-+-+-+
|2|0|0|0|9|7|0|1|0|
+-+-+-+-+-+-+-+-+-+
|5|9|7|0|1|6|2|0|0|
+-+-+-+-+-+-+-+-+-+
|0|1|0|2|0|0|5|0|7|
+-+-+-+-+-+-+-+-+-+
Error!
41 0
1
4
+-+-+-+-+-+-+-+-+-+
|0|0|0|0|0|0|9|7|3|
+-+-+-+-+-+-+-+-+-+
|8|0|0|0|7|3|1|6|2|
+-+-+-+-+-+-+-+-+-+
|0|7|3|0|0|0|8|0|0|
+-+-+-+-+-+-+-+-+-+
|6|0|8|4|5|9|0|0|0|
+-+-+-+-+-+-+-+-+-+
|0|0|0|7|0|1|0|2|8|
+-+-+-+-+-+-+-+-+-+
|7|3|1|6|2|0|0|5|0|
+-+-+-+-+-+-+-+-+-+
|2|0|0|0|9|7|0|1|0|
+-+-+-+-+-+-+-+-+-+
|5|9|7|0|1|6|2|0|0|
+-+-+-+-+-+-+-+-+-+
|0|1|0|2|0|0|5|0|7|
+-+-+-+-+-+-+-+-+-+
OK!
42 0
Error!
+-+-+-+-+-+-+-+-+-+
|0|0|0|0|0|0|9|7|3|
+-+-+-+-+-+-+-+-+-+
|8|0|0|0|7|3|1|6|2|
+-+-+-+-+-+-+-+-+-+
|1|7|3|0|0|0|8|0|0|
+-+-+-+-+-+-+-+-+-+
|6|0|8|4|5|9|0|0|0|
+-+-+-+-+-+-+-+-+-+
|0|0|0|7|0|1|0|2|8|
+-+-+-+-+-+-+-+-+-+
|7|3|1|6|2|0|0|5|0|
+-+-+-+-+-+-+-+-+-+
|2|0|0|0|9|7|0|1|0|
+-+-+-+-+-+-+-+-+-+
|5|9|7|0|1|6|2|0|0|
+-+-+-+-+-+-+-+-+-+
|0|1|0|2|0|0|5|0|7|
+-+-+-+-+-+-+-+-+-+
Error!
41 0
Error!
+-+-+-+-+-+-+-+-+-+
|0|0|0|0|0|0|9|7|3|
+-+-+-+-+-+-+-+-+-+
|8|0|0|0|7|3|1|6|2|
+-+-+-+-+-+-+-+-+-+
|0|7|3|0|0|0|8|0|0|
+-+-+-+-+-+-+-+-+-+
|6|0|8|4|5|9|0|0|0|
+-+-+-+-+-+-+-+-+-+
|0|0|0|7|0|1|0|2|8|
+-+-+-+-+-+-+-+-+-+
|7|3|1|6|2|0|0|5|0|
+-+-+-+-+-+-+-+-+-+
|2|0|0|0|9|7|0|1|0|
+-+-+-+-+-+-+-+-+-+
|5|9|7|0|1|6|2|0|0|
+-+-+-+-+-+-+-+-+-+
|0|1|0|2|0|0|5|0|7|
+-+-+-+-+-+-+-+-+-+
Error!
41 0
Error!
+-+-+-+-+-+-+-+-+-+
|0|0|0|0|0|0|9|7|3|
+-+-+-+-+-+-+-+-+-+
|8|0|0|0|7|3|1|6|2|
+-+-+-+-+-+-+-+-+-+
|0|7|3|0|0|0|8|0|0|
+-+-+-+-+-+-+-+-+-+
|6|0|8|4|5|9|0|0|0|
+-+-+-+-+-+-+-+-+-+
|0|0|0|7|0|1|0|2|8|
+-+-+-+-+-+-+-+-+-+
|7|3|1|6|2|0|0|5|0|
+-+-+-+-+-+-+-+-+-+
|2|0|0|0|9|7|0|1|0|
+-+-+-+-+-+-+-+-+-+
|5|9|7|0|1|6|2|0|0|
+-+-+-+-+-+-+-+-+-+
|0|1|0|2|0|0|5|0|7|
+-+-+-+-+-+-+-+-+-+
Error:row!
41 0
3
3
4
6
+-+-+-+-+-+-+-+-+-+
|0|0|0|0|0|0|9|7|3|
+-+-+-+-+-+-+-+-+-+
|8|0|0|0|7|3|1|6|2|
+-+-+-+-+-+-+-+-+-+
|0|7|3|0|0|0|8|0|0|
+-+-+-+-+-+-+-+-+-+
|6|0|8|4|5|9|0|0|0|
+-+-+-+-+-+-+-+-+-+
|0|0|0|7|0|1|0|2|8|
+-+-+-+-+-+-+-+-+-+
|7|3|1|6|2|0|0|5|0|
+-+-+-+-+-+-+-+-+-+
|2|0|0|0|9|7|0|1|0|
+-+-+-+-+-+-+-+-+-+
|5|9|7|0|1|6|2|0|0|
+-+-+-+-+-+-+-+-+-+
|0|1|0|2|0|0|5|0|7|
+-+-+-+-+-+-+-+-+-+
OK!
41 1
1
8
+-+-+-+-+-+-+-+-+-+
|0|0|0|0|0|0|9|7|3|
+-+-+-+-+-+-+-+-+-+
|8|0|0|0|7|3|1|6|2|
+-+-+-+-+-+-+-+-+-+
|1|7|3|0|0|0|8|0|0|
+-+-+-+-+-+-+-+-+-+
|6|0|8|4|5|9|0|0|0|
+-+-+-+-+-+-+-+-+-+
|0|0|0|7|0|1|0|2|8|
+-+-+-+-+-+-+-+-+-+
|7|3|1|6|2|0|0|5|0|
+-+-+-+-+-+-+-+-+-+
|2|0|0|0|9|7|0|1|0|
+-+-+-+-+-+-+-+-+-+
|5|9|7|0|1|6|2|0|0|
+-+-+-+-+-+-+-+-+-+
|0|1|0|2|0|0|5|0|7|
+-+-+-+-+-+-+-+-+-+
OK!
40 1
2
4
5
+-+-+-+-+-+-+-+-+-+
|0|0|0|0|0|0|9|7|3|
+-+-+-+-+-+-+-+-+-+
|8|0|0|0|7|3|1|6|2|
+-+-+-+-+-+-+-+-+-+
|0|7|3|0|0|0|8|0|0|
+-+-+-+-+-+-+-+-+-+
|6|0|8|4|5|9|0|0|0|
+-+-+-+-+-+-+-+-+-+
|0|0|0|7|0|1|0|2|8|
+-+-+-+-+-+-+-+-+-+
|7|3|1|6|2|0|0|5|0|
+-+-+-+-+-+-+-+-+-+
|2|0|0|0|9|7|0|1|0|
+-+-+-+-+-+-+-+-+-+
|5|9|7|0|1|6|2|0|0|
+-+-+-+-+-+-+-+-+-+
|0|1|0|2|0|0|5|0|7|
+-+-+-+-+-+-+-+-+-+
Error!
40 1
Error!
+-+-+-+-+-+-+-+-+-+
|0|0|0|0|0|0|9|7|3|
+-+-+-+-+-+-+-+-+-+
|8|0|0|0|7|3|1|6|2|
+-+-+-+-+-+-+-+-+-+
|0|7|3|0|0|0|8|0|0|
+-+-+-+-+-+-+-+-+-+
|6|0|8|4|5|9|0|0|0|
+-+-+-+-+-+-+-+-+-+
|0|0|0|7|0|1|0|2|8|
+-+-+-+-+-+-+-+-+-+
|7|3|1|6|2|0|0|5|0|
+-+-+-+-+-+-+-+-+-+
|2|0|0|0|9|7|0|1|0|
+-+-+-+-+-+-+-+-+-+
|5|9|7|0|1|6|2|0|0|
+-+-+-+-+-+-+-+-+-+
|0|1|0|2|0|0|5|0|7|
+-+-+-+-+-+-+-+-+-+
OK!
41 0
Error!
+-+-+-+-+-+-+-+-+-+
|0|0|0|0|0|0|9|7|3|
+-+-+-+-+-+-+-+-+-+
|8|0|0|0|7|3|1|6|2|
+-+-+-+-+-+-+-+-+-+
|0|7|3|0|0|0|8|0|0|
+-+-+-+-+-+-+-+-+-+
|6|0|8|4|5|9|0|0|0|
+-+-+-+-+-+-+-+-+-+
|0|0|0|7|0|1|0|2|8|
+-+-+-+-+-+-+-+-+-+
|7|3|1|6|2|0|0|5|0|
+-+-+-+-+-+-+-+-+-+
|2|0|0|0|9|7|0|1|0|
+-+-+-+-+-+-+-+-+-+
|5|9|7|0|1|6|2|0|0|
+-+-+-+-+-+-+-+-+-+
|0|1|0|2|0|0|5|0|7|
+-+-+-+-+-+-+-+-+-+
Error!
41 0
3
3
4
6
+-+-+-+-+-+-+-+-+-+
|0|0|0|0|0|0|9|7|3|
+-+-+-+-+-+-+-+-+-+
|8|0|0|0|7|3|1|6|2|
+-+-+-+-+-+-+-+-+-+
|0|7|3|0|0|0|8|0|0|
+-+-+-+-+-+-+-+-+-+
|6|0|8|4|5|9|0|0|0|
+-+-+-+-+-+-+-+-+-+
|0|0|0|7|0|1|0|2|8|
+-+-+-+-+-+-+-+-+-+
|7|3|1|6|2|0|0|5|0|
+-+-+-+-+-+-+-+-+-+
|2|0|0|0|9|7|0|1|0|
+-+-+-+-+-+-+-+-+-+
|5|9|7|0|1|6|2|0|0|
+-+-+-+-+-+-+-+-+-+
|0|1|0|2|0|0|5|0|7|
+-+-+-+-+-+-+-+-+-+
OK!
41 0
Error!
+-+-+-+-+-+-+-+-+-+
|0|0|0|0|0|0|9|7|3|
+-+-+-+-+-+-+-+-+-+
|8|0|0|0|7|3|1|6|2|
+-+-+-+-+-+-+-+-+-+
|0|7|3|0|0|0|8|0|0|
+-+-+-+-+-+-+-+-+-+
|6|0|8|4|5|9|0|0|0|
+-+-+-+-+-+-+-+-+-+
|0|0|0|7|0|1|0|2|8|
+-+-+-+-+-+-+-+-+-+
|7|3|1|6|2|0|0|5|0|
+-+-+-+-+-+-+-+-+-+
|2|0|0|0|9|7|0|1|0|
+-+-+-+-+-+-+-+-+-+
|5|9|7|0|1|6|2|0|0|
+-+-+-+-+-+-+-+-+-+
|0|1|0|2|0|0|5|0|7|
+-+-+-+-+-+-+-+-+-+
OK!
41 0
Error!
