123.000
122.002
121.000
117.000
117.000
116.002
115.000
114.002
113.000
112.002
111.000
110.002
109.000
108.002
107.000
106.002
105.000
104.002
102.000
102.000
101.002
100.000
99.002
98.000
97.002
96.000
95.002
94.000
93.002
92.000
91.002
90.000
89.002
88.000
87.002
86.000
85.002
81.000
81.000
77.000
77.000
76.003
75.000
74.003
73.000
72.003
71.000
70.003
67.000
67.000
66.004
65.000
64.004
63.000
62.004
58.000
58.000
57.004
56.000
55.004
54.000
53.004
52.000
51.004
50.001
49.004
48.001
47.004
46.001
45.004
44.001
43.005
42.001
39.000
39.000
38.006
37.000
35.000
36.007
33.056
33.950
31.112
31.893
29.168
29.836
26.000
26.000
23.000
23.000
22.011
21.001
20.011
19.002
18.011
17.003
16.012
15.005
14.012
13.007
12.013
11.009
10.015
9.012
8.017
7.016
6.022
5.023
4.977
4.069
3.011
2.076
1.000
0.250
39.018
0.006
31.000
31.000
30.008
29.001
28.008
27.001
26.008
25.002
24.008
23.002
22.009
21.003
20.009
19.004
18.009
17.005
16.010
15.006
14.011
13.008
11.000
9.000
9.000
8.028
7.007
6.030
5.017
4.036
3.035
2.059
1.093
0.229
8.238
0.030
274.000
271.008
270.000
269.000
266.000
266.000
264.000
264.000
263.001
262.000
261.001
260.000
259.001
258.000
257.001
256.000
255.001
254.000
253.001
252.000
251.001
250.000
249.001
248.000
247.001
246.000
245.001
244.000
243.001
242.000
241.001
240.000
239.001
236.000
236.000
235.001
234.000
233.001
232.000
231.001
230.000
229.001
225.000
225.000
224.001
223.000
222.001
221.000
220.001
219.000
218.001
217.000
216.001
212.000
217.029
206.111
214.982
204.158
212.935
202.204
210.887
200.250
208.840
198.297
206.792
196.343
204.745
194.389
202.697
192.436
200.650
190.482
198.603
188.529
189.000
189.000
188.001
187.000
186.001
185.000
184.001
183.000
182.001
181.000
180.001
179.000
178.001
177.000
176.001
175.000
174.001
173.000
172.001
171.000
170.001
169.000
167.000
167.000
163.000
163.000
162.002
161.000
160.002
159.000
158.002
157.000
156.002
155.000
154.002
153.000
152.002
151.000
150.002
149.000
148.002
147.000
146.002
145.000
144.002
143.000
142.002
141.000
138.000
138.000
137.002
136.000
135.002
134.000
130.000
130.000
129.002
128.000
127.002
126.000
125.002
124.000
122.000
120.000
120.000
119.002
118.000
117.002
116.000
115.002
114.000
113.002
112.000
111.002
109.000
109.000
108.002
107.000
106.002
105.000
104.002
103.000
102.002
101.000
100.002
99.000
98.002
97.000
96.002
92.000
92.000
91.003
90.000
89.003
88.000
87.003
85.000
85.000
84.003
83.000
82.003
81.000
80.003
79.000
78.003
77.000
73.000
78.086
67.314
75.946
65.444
73.807
63.574
71.668
61.705
69.529
59.835
67.389
57.965
65.250
56.096
56.000
56.000
55.004
54.000
53.004
52.000
51.004
50.001
47.000
47.000
46.005
45.000
44.005
43.000
42.005
41.001
38.000
38.000
37.007
36.000
35.007
34.001
33.007
32.001
28.000
28.000
27.009
26.001
25.009
24.001
23.009
22.002
21.009
20.003
19.010
18.004
17.010
16.005
15.011
14.007
13.012
12.008
11.013
10.011
9.015
8.014
4.000
4.000
3.062
2.041
1.102
0.227
137.224
0.002
9.976
37.000
32.169
34.886
30.277
32.772
28.385
30.659
26.493
28.545
24.602
26.431
22.710
24.318
20.818
22.204
19.861
21.159
17.971
18.000
17.014
16.002
15.014
14.004
13.015
12.006
11.016
10.009
9.017
8.012
5.000
5.000
4.050
3.025
2.066
1.089
0.230
2.066
0.121
71.000
68.032
68.972
66.060
66.943
64.088
64.915
62.116
62.886
60.144
60.858
58.173
58.829
56.201
56.801
54.229
54.772
52.257
52.744
50.285
49.000
50.005
47.040
47.964
45.080
45.923
43.121
43.883
41.161
41.842
39.201
39.801
37.241
35.000
34.000
34.000
33.007
32.000
31.007
30.001
29.007
28.001
27.008
26.002
25.008
24.003
23.008
22.003
21.008
20.004
19.009
18.005
17.009
13.000
13.000
12.019
11.003
10.020
7.000
7.000
6.036
5.012
4.040
1.000
1.000
0.250
160.936
0.002
365.000
362.006
362.995
360.012
360.989
357.000
357.000
356.001
355.000
354.001
353.000
352.001
351.000
350.001
349.000
348.001
347.000
346.001
345.000
344.001
343.000
342.001
341.000
340.001
339.000
338.001
337.000
336.001
334.000
332.000
332.000
331.001
330.000
326.000
326.000
325.001
324.000
323.001
322.000
321.001
320.000
319.001
318.000
317.001
316.000
315.001
314.000
313.001
312.000
311.001
308.000
308.000
307.001
306.000
305.001
304.000
303.001
302.000
301.001
298.000
296.000
296.000
295.001
294.000
293.001
292.000
291.001
290.000
289.001
288.000
287.001
286.000
285.001
284.000
283.001
279.000
284.022
273.085
281.986
271.120
275.000
274.001
273.000
272.001
271.000
270.001
269.000
268.001
267.000
266.001
265.000
264.001
263.000
262.001
261.000
260.001
259.000
258.001
257.000
256.001
255.000
254.001
253.000
252.001
251.000
250.001
249.000
248.001
247.000
246.001
245.000
242.000
242.000
241.001
240.000
239.001
238.000
234.000
234.000
233.001
232.000
231.001
230.000
229.001
228.000
227.001
225.000
225.000
224.001
223.000
222.001
221.000
220.001
219.000
218.001
217.000
216.001
214.000
214.000
213.001
209.000
209.000
208.001
207.000
206.001
205.000
204.001
203.000
202.001
201.000
200.001
196.000
196.000
195.001
194.000
193.001
192.000
191.001
190.000
189.001
188.000
187.001
186.000
185.001
184.000
183.001
182.000
181.001
180.000
179.001
178.000
177.001
174.000
174.000
173.001
172.000
171.001
170.000
169.001
168.000
165.000
168.014
161.060
165.977
159.096
163.941
157.132
161.904
155.167
159.868
153.203
157.831
151.239
155.795
149.275
153.758
147.311
151.722
145.347
149.685
143.383
147.649
141.419
145.612
139.454
143.576
137.490
141.539
135.526
135.000
133.000
136.017
129.074
133.972
127.118
128.000
129.002
126.016
126.986
124.031
124.971
122.047
122.955
120.062
120.939
116.000
116.000
115.002
114.000
113.002
112.000
111.002
110.000
109.002
108.000
107.002
106.000
105.002
104.000
103.002
102.000
101.002
100.000
99.002
98.000
94.000
94.000
93.003
92.000
91.003
90.000
89.003
88.000
87.003
86.000
82.000
87.076
76.281
84.952
74.397
82.829
72.514
80.705
70.631
78.581
68.747
69.000
69.000
68.004
67.000
66.004
65.000
64.004
63.000
62.004
61.000
60.004
59.001
58.004
54.000
54.000
52.000
52.000
51.005
48.000
48.000
44.000
44.000
43.006
42.000
41.006
40.001
39.006
35.000
35.000
34.007
33.000
32.007
31.001
30.007
29.001
27.000
27.000
26.009
25.001
24.009
23.001
22.009
21.002
20.010
17.000
17.000
16.015
14.000
14.000
13.018
12.003
11.018
8.000
8.000
7.031
6.009
5.034
2.000
2.000
1.125
0.222
150.222
0.002
95.858
120.000
115.052
117.966
113.085
115.932
111.119
113.898
109.152
111.865
107.185
106.000
106.000
105.002
104.000
103.002
102.000
101.002
100.000
99.002
98.000
97.002
96.000
95.002
94.000
93.002
92.000
91.002
90.000
89.002
88.000
87.002
86.000
85.002
84.001
83.002
82.001
80.000
80.000
79.003
78.000
77.003
76.000
75.003
74.000
73.003
72.000
71.003
70.000
69.003
68.001
67.003
66.001
63.000
63.000
62.004
61.000
60.004
59.000
58.004
57.000
56.004
55.001
54.004
53.001
52.004
48.000
48.000
47.005
46.000
45.005
44.000
43.005
42.001
41.005
40.001
39.005
38.001
37.005
36.002
32.000
32.000
31.008
30.001
29.008
28.001
27.008
26.992
26.017
24.993
24.016
22.995
22.016
20.996
20.016
18.998
18.015
17.985
17.028
15.988
15.027
13.992
13.026
11.996
10.000
9.000
7.000
7.000
6.036
5.012
4.040
3.960
3.093
2.909
2.148
1.862
1.208
0.207
105.264
0.002
108.000
105.021
105.981
103.039
103.963
101.058
101.944
99.076
99.925
97.095
97.907
94.000
94.000
93.003
92.000
91.003
90.000
89.003
88.000
87.003
86.000
84.000
81.000
81.000
80.003
79.000
78.003
77.000
76.003
75.000
74.003
73.000
72.003
71.000
70.003
69.000
68.003
67.001
66.003
65.001
64.003
63.001
62.003
61.001
60.003
59.001
58.003
57.001
54.000
54.000
53.005
52.000
51.005
50.000
48.000
48.000
47.005
46.000
45.005
44.000
40.000
40.000
39.006
38.000
37.006
36.001
35.006
32.000
31.000
31.000
30.008
29.001
26.000
26.000
25.010
24.001
23.010
22.002
21.010
20.003
17.000
17.000
16.015
15.002
14.015
13.004
12.016
11.984
11.035
7.000
7.000
6.036
5.012
4.040
3.032
2.061
1.091
0.229
335.000
0.001
4.540
17.469
38.116
33.063
35.999
31.174
32.000
31.008
30.001
29.008
28.001
27.008
26.002
25.008
24.002
23.008
22.003
20.000
20.000
19.013
18.988
18.025
16.990
16.024
14.993
14.023
13.977
13.039
11.983
8.000
8.000
7.031
6.009
5.034
4.022
3.045
1.000
1.000
0.250
20.250
0.012
399.000
396.006
396.995
394.011
394.990
392.016
392.985
388.000
387.000
387.000
386.001
385.000
382.000
382.000
381.001
380.000
379.001
378.000
377.001
376.000
375.001
374.000
373.001
372.000
368.000
368.000
367.001
366.000
365.001
364.000
363.001
362.000
361.001
360.000
359.001
358.000
357.001
356.000
355.001
354.000
353.001
350.000
350.000
349.001
348.000
347.001
346.000
344.000
345.001
342.006
342.995
340.012
340.989
338.017
338.983
336.023
336.977
334.029
334.972
331.000
331.000
327.000
327.000
326.001
325.000
324.001
323.000
322.001
321.000
320.001
319.000
318.001
317.000
316.001
315.000
311.000
311.000
310.001
309.000
308.001
307.000
306.001
305.000
304.001
303.000
302.001
301.000
300.001
299.000
298.001
297.000
296.001
295.000
294.001
293.999
293.002
291.999
291.002
289.999
289.002
287.999
287.002
284.000
284.000
283.001
282.000
281.001
280.000
279.001
278.000
277.001
276.000
275.001
274.000
273.001
272.000
271.001
270.000
269.001
268.000
267.001
266.000
265.001
262.000
265.009
258.038
257.000
257.000
256.001
254.000
255.001
251.000
254.009
247.040
251.985
245.063
249.961
243.087
243.000
243.000
242.001
241.000
240.001
239.000
237.000
237.000
236.001
235.000
234.001
233.000
232.001
231.000
230.001
229.000
228.001
227.000
226.001
224.000
224.000
223.001
222.000
218.000
218.000
217.001
216.000
213.000
213.000
212.001
210.000
211.001
208.000
208.000
207.001
206.000
205.001
204.000
203.001
202.000
201.001
200.000
199.001
198.000
197.001
196.000
195.001
194.000
193.001
192.000
191.001
187.000
187.000
186.001
185.000
181.000
186.035
175.130
183.979
173.184
176.000
176.000
175.001
174.000
173.001
172.000
168.000
168.000
167.001
166.000
165.001
164.000
163.001
162.000
161.001
160.000
159.001
158.000
157.001
156.000
155.001
154.000
153.001
152.000
151.001
150.000
148.000
148.000
147.002
146.000
145.002
144.000
143.002
142.000
141.002
140.000
139.002
138.000
137.002
136.000
135.002
134.000
133.002
132.000
131.002
130.000
129.002
128.000
127.002
126.000
125.002
124.000
121.000
121.000
120.002
119.000
118.002
117.000
116.002
115.000
114.002
113.000
112.002
111.000
107.000
107.000
106.002
105.000
104.002
103.000
102.002
101.000
100.002
96.000
95.000
95.000
94.003
93.000
92.003
91.000
90.003
89.000
88.003
87.000
86.003
85.000
84.003
83.000
81.000
81.000
80.003
79.000
76.000
76.000
75.003
73.000
73.000
72.003
71.000
70.003
69.000
68.003
67.000
66.003
65.000
61.000
61.000
60.004
59.000
58.004
55.000
55.000
54.005
53.000
52.005
51.000
50.005
46.000
46.000
45.005
44.000
43.005
42.000
41.005
40.001
37.000
37.000
36.007
35.000
34.007
33.001
32.007
31.001
30.007
29.002
28.007
27.002
26.007
25.003
22.000
22.000
21.011
20.001
19.011
18.002
17.012
16.004
15.012
14.005
13.013
12.007
11.014
10.010
9.016
8.013
7.019
6.019
5.026
4.029
1.000
1.000
0.250
120.122
0.002
360.000
357.006
357.994
355.012
355.989
353.017
353.983
351.023
351.978
349.028
349.972
347.034
347.967
345.040
345.961
343.045
343.955
341.051
341.950
339.056
336.000
336.000
335.001
334.000
333.001
332.000
331.001
330.000
329.001
328.000
327.001
326.000
325.001
324.000
321.000
321.000
317.000
317.000
316.001
315.000
314.001
313.000
312.001
311.000
310.001
309.000
308.001
304.000
304.000
303.001
300.000
299.000
299.000
298.001
295.000
298.008
291.034
295.987
289.054
293.967
287.074
291.946
285.094
289.926
283.114
287.906
281.135
285.885
279.155
283.865
277.175
278.000
278.000
276.000
276.000
272.000
272.000
268.000
268.000
267.001
266.000
265.001
264.000
260.000
260.000
259.001
258.000
257.001
256.000
255.001
254.000
253.001
252.000
251.001
250.000
247.000
247.000
243.000
243.000
242.001
241.000
240.001
239.000
238.001
237.000
236.001
235.000
234.001
233.000
232.001
231.000
230.001
229.000
225.000
225.000
224.001
223.000
222.001
221.000
218.000
218.000
214.000
213.000
213.000
212.001
211.999
211.002
209.999
209.002
207.999
207.002
205.999
205.002
203.999
203.002
201.999
201.002
199.999
199.002
197.999
197.002
195.999
195.002
193.999
193.002
191.999
191.002
189.999
189.002
187.999
187.002
185.999
183.000
183.000
182.001
181.000
180.001
179.000
178.001
177.000
176.001
175.000
174.001
173.000
172.001
171.000
170.001
169.000
168.001
167.000
166.001
165.000
164.001
163.000
162.001
161.000
160.001
159.000
158.001
157.000
156.001
155.000
154.001
153.000
152.001
151.000
150.001
149.000
148.001
147.000
146.001
145.000
144.001
143.000
140.000
140.000
139.002
138.000
137.002
136.000
132.000
132.000
128.000
128.000
127.002
126.000
122.000
122.000
120.000
120.000
119.002
118.000
117.002
116.000
112.000
110.000
110.000
109.002
108.000
107.002
106.000
105.002
104.000
103.002
102.000
101.002
100.000
99.002
98.000
97.002
96.000
95.002
94.000
93.002
92.000
91.002
90.000
87.000
87.000
86.003
85.000
84.003
83.000
82.003
81.000
80.003
79.000
78.003
77.000
76.003
75.000
74.003
73.001
72.003
71.001
67.000
67.000
66.004
65.000
64.004
63.000
62.004
61.000
60.004
59.000
58.004
57.001
56.004
52.000
52.000
49.000
49.000
48.005
47.000
46.005
45.000
44.005
43.001
42.005
41.001
40.005
39.001
38.005
37.001
35.000
35.000
34.007
33.000
32.007
31.001
30.007
29.001
28.007
27.002
26.007
22.000
21.000
21.000
20.012
19.001
18.012
17.003
16.012
15.004
13.000
13.000
12.019
11.003
10.020
9.007
8.021
7.012
6.025
5.021
4.033
3.037
2.058
1.093
0.229
385.598
0.001
23.901
94.114
92.890
92.112
90.892
90.110
88.895
88.107
86.897
86.105
84.899
84.102
82.902
82.100
80.904
80.098
78.907
78.095
76.909
76.093
74.912
74.091
72.914
72.088
70.917
70.086
68.000
68.000
67.004
66.000
65.004
64.000
60.000
65.104
54.378
62.934
52.535
53.000
50.000
55.125
44.449
52.920
42.635
50.715
40.821
48.511
39.007
46.306
37.193
37.000
42.169
31.593
39.890
29.838
37.611
28.084
35.332
26.329
33.053
24.574
30.774
22.819
28.496
21.065
26.217
19.310
23.938
17.556
21.660
15.801
19.382
14.047
17.103
12.293
14.826
10.539
12.548
8.786
10.272
7.034
9.099
6.182
6.834
4.426
4.575
2.678
2.334
0.964
0.259
78.076
0.003
17.534
67.322
17.680
63.476
16.640
59.630
15.600
55.784
14.561
51.938
13.521
25.000
24.010
23.001
22.010
21.002
20.010
19.003
18.011
17.004
16.011
15.005
13.000
13.000
11.000
11.000
10.023
7.000
7.000
6.036
5.012
4.040
2.000
2.000
1.125
0.889
0.281
28.125
0.009
138.000
135.016
134.000
135.002
132.015
132.987
130.030
130.972
128.045
128.957
126.059
124.000
124.000
123.002
122.000
121.002
120.000
119.002
118.000
117.002
116.000
115.002
114.000
113.002
111.000
111.000
108.000
108.000
106.000
106.000
105.002
104.000
103.002
102.000
101.002
98.000
98.000
97.003
96.000
95.003
94.000
93.003
92.000
91.003
90.000
89.003
86.000
89.026
82.114
86.956
80.181
84.886
78.249
82.815
76.317
80.745
74.385
73.000
73.000
72.003
71.000
70.003
69.000
68.003
67.000
66.003
64.000
64.000
63.004
62.000
61.004
60.000
59.004
58.000
57.004
56.001
53.000
53.000
52.005
50.000
50.000
46.000
46.000
45.005
44.000
43.005
39.000
39.000
38.006
37.000
36.006
35.001
