213.000
0.001
0.042
0.095
0.117
213.000
0.001
0.380
1.278
2.484
3.813
5.113
2.396
2.609
0.863
1.000
213.000
0.001
0.469
1.607
3.174
4.959
5.000
4.050
3.951
3.101
2.016
1.116
0.224
5.599
0.045
8.000
5.281
5.728
3.000
3.000
2.083
1.080
0.926
0.270
4.320
0.058
5.000
2.450
2.551
0.882
0.283
6.272
0.040
1.435
1.568
0.159
213.000
0.001
0.075
0.198
0.300
0.380
213.000
0.001
0.117
0.339
0.568
0.734
0.341
0.734
0.341
1.128
0.222
1.357
0.184
3.174
5.269
7.512
4.027
5.029
2.436
2.566
0.877
0.285
0.877
0.285
4.000
4.000
3.062
2.041
1.000
0.250
4.000
0.062
8.000
5.281
5.728
3.535
3.465
2.597
2.406
1.662
1.354
0.185
213.000
0.001
0.300
0.987
1.878
2.818
3.681
1.698
1.325
0.189
1.698
0.147
3.000
0.750
0.333
0.750
0.333
0.750
213.000
0.001
0.117
0.339
0.568
0.734
0.341
213.000
0.001
0.117
0.339
0.380
0.424
0.469
0.987
1.521
1.973
1.140
0.219
213.000
0.001
0.117
0.380
0.734
1.056
1.278
0.196
213.000
0.001
0.005
213.000
0.001
0.300
1.056
2.170
3.423
4.658
2.630
2.377
0.947
0.264
0.947
0.264
2.000
0.500
0.500
0.500
0.500
0.500
4.500
0.056
0.222
0.500
0.500
3.000
0.750
0.333
0.750
0.333
9.000
6.000
6.000
5.042
4.017
3.050
2.049
1.098
0.228
5.692
0.044
1.581
1.423
0.176
213.000
0.001
0.019
0.042
0.058
0.075
0.095
0.920
2.377
4.225
6.255
4.836
4.187
2.926
2.136
1.053
0.237
5.934
0.042
7.000
4.321
4.686
2.614
2.391
0.941
0.266
213.000
0.001
0.042
0.095
0.117
0.142
0.169
1.128
2.704
4.658
6.779
4.462
4.538
2.699
2.315
0.972
0.257
213.000
0.001
0.042
0.095
0.117
213.000
0.001
0.230
0.734
1.357
1.973
2.484
0.906
1.104
0.226
0.906
0.276
4.658
2.630
1.000
1.000
0.250
1.000
0.250
6.000
6.000
5.042
4.017
3.050
2.049
1.098
0.228
5.692
0.044
0.176
6.324
0.040
3.953
3.099
1.000
1.000
0.250
1.000
0.250
1.000
1.000
0.250
8.000
5.281
5.728
3.000
3.000
2.083
1.920
1.172
0.853
0.293
2.637
0.095
7.000
4.321
4.686
2.614
2.391
0.941
0.266
4.250
0.059
9.000
6.250
6.760
4.475
2.000
2.000
1.125
0.222
2.000
0.125
0.500
10.125
0.025
0.099
0.222
0.395
2.000
1.125
0.889
0.281
0.889
0.281
7.000
4.321
4.686
2.614
2.391
1.673
1.345
0.186
2.974
0.084
3.000
0.750
0.333
0.750
0.333
18.750
0.653
1.000
1.000
0.250
215.053
0.001
0.377
1.266
2.051
2.791
2.239
1.005
0.249
215.948
0.001
0.375
1.261
2.450
3.761
5.043
2.429
2.573
0.874
1.144
0.219
0.874
0.286
9.000
6.250
6.760
4.475
4.525
2.707
2.309
0.975
0.257
216.052
0.001
0.296
0.973
1.851
2.778
3.629
1.722
1.306
0.191
1.722
0.145
4.000
2.250
2.778
0.810
0.309
2.778
0.090
5.000
3.200
3.828
2.351
1.701
0.588
5.290
0.047
6.000
12.042
2.512
8.061
1.520
4.113
0.547
0.457
0.547
0.457
3.000
0.750
0.333
216.949
0.001
0.461
1.578
3.116
4.869
6.213
3.259
3.759
1.663
1.353
0.185
0.739
0.338
7.000
4.321
4.686
2.614
2.391
0.941
0.266
8.470
0.030
0.118
217.052
0.001
0.018
0.041
0.056
217.949
0.001
0.459
1.570
3.102
4.846
6.801
4.448
5.621
3.603
2.000
2.000
1.125
0.222
5.000
0.050
0.200
5.000
0.050
1.800
1.250
0.200
5.000
0.050
20.000
3.612
12.800
3.301
9.164
2.210
5.544
1.623
2.464
0.101
22.829
0.011
0.701
1.851
1.216
0.206
1.851
0.135
13.415
3.149
9.605
2.108
5.810
1.549
4.035
0.558
0.448
24.783
0.010
1.009
2.915
2.144
1.866
1.206
0.829
4.000
