3
2
3
9
Error!
2
2
3
2
6
9
4
2
3
6
9
Error!
Error!
Error!
3
1
3
6
Error!
3
2
3
4
3
2
3
4
3
7
8
9
Error!
3
1
3
8
3
1
3
9
2
8
9
2
1
3
Error!
Error!
Error!
3
6
8
9
4
3
6
8
9
3
3
6
8
3
3
6
9
Error!
Error!
3
3
4
8
2
3
4
4
3
4
6
8
Error!
4
3
4
6
8
Error!
Error!
Error!
Error!
2
2
4
2
2
4
4
2
4
6
7
Error!
Error!
Error!
Error!
Error!
2
6
7
Error!
Error!
Error!
2
6
8
4
3
4
6
8
3
3
6
8
Error!
3
4
6
7
2
6
7
2
2
3
Error!
3
2
3
5
Error!
2
7
9
1
5
3
1
3
9
2
7
9
Error!
3
3
4
8
Error!
4
3
4
5
8
Error!
3
6
8
9
3
5
6
8
4
3
4
6
9
3
4
6
9
Error!
Error!
Error!
2
4
8
Error!
3
6
7
8
Error!
2
4
6
3
4
6
7
Error!
+-+-+-+-+-+-+-+-+-+
|0|8|0|0|0|4|7|5|0|
+-+-+-+-+-+-+-+-+-+
|6|0|0|0|5|0|0|0|0|
+-+-+-+-+-+-+-+-+-+
|7|5|1|0|0|0|0|2|4|
+-+-+-+-+-+-+-+-+-+
|0|0|0|2|0|7|5|1|9|
+-+-+-+-+-+-+-+-+-+
|0|0|0|5|1|9|8|3|0|
+-+-+-+-+-+-+-+-+-+
|5|1|9|0|0|0|2|0|0|
+-+-+-+-+-+-+-+-+-+
|0|6|0|4|0|0|0|0|8|
+-+-+-+-+-+-+-+-+-+
|0|7|0|1|0|0|0|0|2|
+-+-+-+-+-+-+-+-+-+
|1|9|0|3|0|2|0|0|5|
+-+-+-+-+-+-+-+-+-+
