+-+-+-+-+-+-+-+-+-+
|0|0|0|0|9|0|5|0|7|
+-+-+-+-+-+-+-+-+-+
|0|9|4|0|0|7|0|2|6|
+-+-+-+-+-+-+-+-+-+
|5|0|0|0|2|0|8|9|4|
+-+-+-+-+-+-+-+-+-+
|0|0|8|0|4|5|0|0|0|
+-+-+-+-+-+-+-+-+-+
|0|4|5|1|7|3|2|6|0|
+-+-+-+-+-+-+-+-+-+
|0|0|0|2|6|0|9|4|0|
+-+-+-+-+-+-+-+-+-+
|0|0|0|4|0|0|7|0|2|
+-+-+-+-+-+-+-+-+-+
|0|5|0|0|3|0|6|8|0|
+-+-+-+-+-+-+-+-+-+
|0|0|0|0|0|9|0|5|0|
+-+-+-+-+-+-+-+-+-+
5
1
2
3
6
8
5
1
2
3
6
8
4
1
2
3
6
3
3
6
8
Error!
4
1
4
6
8
Error!
2
1
3
Error!
3
1
3
8
Error!
Error!
3
3
5
8
3
1
5
8
Error!
2
1
3
Error!
Error!
Error!
4
1
3
6
7
4
1
3
6
7
2
3
6
Error!
2
1
6
Error!
Error!
Error!
6
1
2
3
6
7
9
5
1
2
3
6
7
Error!
1
9
Error!
Error!
2
1
3
3
1
3
7
2
1
3
1
9
Error!
Error!
Error!
Error!
Error!
Error!
Error!
1
8
3
1
3
7
3
1
3
7
3
1
3
7
Error!
Error!
1
8
Error!
Error!
4
1
3
5
8
5
1
3
6
8
9
4
1
3
6
8
4
1
3
6
9
Error!
3
1
5
8
3
1
6
8
Error!
2
1
3
Error!
5
1
2
4
7
9
Error!
4
1
2
7
9
1
7
Error!
2
1
2
Error!
Error!
2
1
9
7
1
2
3
4
6
7
8
6
1
2
3
6
7
8
5
1
2
3
6
7
3
6
7
8
2
1
8
Error!
3
1
3
4
Error!
2
1
3
