+-+-+-+-+-+-+-+-+-+
|4|0|0|2|6|1|0|9|3|
+-+-+-+-+-+-+-+-+-+
|0|0|1|0|0|3|0|7|5|
+-+-+-+-+-+-+-+-+-+
|0|9|3|4|7|5|2|6|1|
+-+-+-+-+-+-+-+-+-+
|0|5|2|6|0|8|0|3|4|
+-+-+-+-+-+-+-+-+-+
|0|0|8|0|3|4|7|0|0|
+-+-+-+-+-+-+-+-+-+
|9|0|0|0|0|0|6|0|0|
+-+-+-+-+-+-+-+-+-+
|5|2|6|0|0|0|0|4|7|
+-+-+-+-+-+-+-+-+-+
|1|8|9|3|0|7|5|2|6|
+-+-+-+-+-+-+-+-+-+
|0|4|7|5|0|6|1|0|9|
+-+-+-+-+-+-+-+-+-+
Error!
Error!
Error!
Error!
OK!
OK!
Error:row!
Error!
Error!
Error!
OK!
OK!
Error!
Error!
Error!
OK!
OK!
Error!
1
7
1
5
Error!
Error!
1
1
1
8
Error!
Error!
3
2
6
8
2
6
9
Error!
2
8
9
2
8
9
Error!
2
4
8
Error!
Error!
1
8
1
9
Error!
Error!
Error!
Error!
Error!
Error!
Error!
2
3
7
Error!
Error!
Error!
2
1
9
Error!
2
3
9
2
1
3
Error!
1
6
2
1
6
Error!
2
1
9
Error!
Error!
Error!
3
1
2
5
1
2
Error!
4
1
3
4
7
1
4
2
1
7
3
1
2
5
2
1
2
Error!
5
1
2
3
5
8
2
2
8
Error!
Error!
Error!
3
1
8
9
3
1
8
9
2
1
9
2
3
8
Error!
2
7
8
Error!
Error!
Error!
Error!
2
2
4
Error!
Error!
1
2
Error!
1
3
2
3
4
Error!
Error!
3
2
4
8
Error!
Error!
3
2
3
8
Error!
+-+-+-+-+-+-+-+-+-+
|4|0|0|2|6|0|0|9|3|
+-+-+-+-+-+-+-+-+-+
|0|0|1|0|0|3|0|7|5|
+-+-+-+-+-+-+-+-+-+
|0|0|3|4|7|5|2|6|1|
+-+-+-+-+-+-+-+-+-+
|0|5|2|6|0|8|0|0|4|
+-+-+-+-+-+-+-+-+-+
|0|0|8|0|3|4|7|0|0|
+-+-+-+-+-+-+-+-+-+
|9|0|0|0|0|0|6|0|0|
+-+-+-+-+-+-+-+-+-+
|5|2|6|0|0|0|0|4|0|
+-+-+-+-+-+-+-+-+-+
|1|8|9|3|0|7|5|0|6|
+-+-+-+-+-+-+-+-+-+
|0|0|7|5|0|6|1|0|9|
+-+-+-+-+-+-+-+-+-+
