+-+-+-+-+-+-+-+-+-+
|0|9|0|0|3|6|0|4|1|
+-+-+-+-+-+-+-+-+-+
|2|0|0|0|4|1|7|0|5|
+-+-+-+-+-+-+-+-+-+
|0|4|0|0|0|0|0|3|0|
+-+-+-+-+-+-+-+-+-+
|9|5|0|0|6|0|4|0|7|
+-+-+-+-+-+-+-+-+-+
|0|6|0|4|1|7|9|0|0|
+-+-+-+-+-+-+-+-+-+
|0|0|0|9|5|0|0|0|0|
+-+-+-+-+-+-+-+-+-+
|0|2|0|0|0|0|1|7|9|
+-+-+-+-+-+-+-+-+-+
|6|8|0|0|7|9|0|2|0|
+-+-+-+-+-+-+-+-+-+
|1|0|0|0|0|0|6|8|4|
+-+-+-+-+-+-+-+-+-+
Error!
37 0
Error!
+-+-+-+-+-+-+-+-+-+
|0|9|0|0|3|6|0|4|1|
+-+-+-+-+-+-+-+-+-+
|2|0|0|0|4|1|7|0|5|
+-+-+-+-+-+-+-+-+-+
|0|4|0|0|0|0|0|3|0|
+-+-+-+-+-+-+-+-+-+
|9|5|0|0|6|0|4|0|7|
+-+-+-+-+-+-+-+-+-+
|0|6|0|4|1|7|9|0|0|
+-+-+-+-+-+-+-+-+-+
|0|0|0|9|5|0|0|0|0|
+-+-+-+-+-+-+-+-+-+
|0|2|0|0|0|0|1|7|9|
+-+-+-+-+-+-+-+-+-+
|6|8|0|0|7|9|0|2|0|
+-+-+-+-+-+-+-+-+-+
|1|0|0|0|0|0|6|8|4|
+-+-+-+-+-+-+-+-+-+
OK!
37 0
Error!
+-+-+-+-+-+-+-+-+-+
|0|9|0|0|3|6|0|4|1|
+-+-+-+-+-+-+-+-+-+
|2|0|0|0|4|1|7|0|5|
+-+-+-+-+-+-+-+-+-+
|0|4|0|0|0|0|0|3|0|
+-+-+-+-+-+-+-+-+-+
|9|5|0|0|6|0|4|0|7|
+-+-+-+-+-+-+-+-+-+
|0|6|0|4|1|7|9|0|0|
+-+-+-+-+-+-+-+-+-+
|0|0|0|9|5|0|0|0|0|
+-+-+-+-+-+-+-+-+-+
|0|2|0|0|0|0|1|7|9|
+-+-+-+-+-+-+-+-+-+
|6|8|0|0|7|9|0|2|0|
+-+-+-+-+-+-+-+-+-+
|1|0|0|0|0|0|6|8|4|
+-+-+-+-+-+-+-+-+-+
Error:column!
37 0
Error!
+-+-+-+-+-+-+-+-+-+
|0|9|0|0|3|6|0|4|1|
+-+-+-+-+-+-+-+-+-+
|2|0|0|0|4|1|7|0|5|
+-+-+-+-+-+-+-+-+-+
|0|4|0|0|0|0|0|3|0|
+-+-+-+-+-+-+-+-+-+
|9|5|0|0|6|0|4|0|7|
+-+-+-+-+-+-+-+-+-+
|0|6|0|4|1|7|9|0|0|
+-+-+-+-+-+-+-+-+-+
|0|0|0|9|5|0|0|0|0|
+-+-+-+-+-+-+-+-+-+
|0|2|0|0|0|0|1|7|9|
+-+-+-+-+-+-+-+-+-+
|6|8|0|0|7|9|0|2|0|
+-+-+-+-+-+-+-+-+-+
|1|0|0|0|0|0|6|8|4|
+-+-+-+-+-+-+-+-+-+
Error:row!
37 0
3
2
3
8
+-+-+-+-+-+-+-+-+-+
|0|9|0|0|3|6|0|4|1|
+-+-+-+-+-+-+-+-+-+
|2|0|0|0|4|1|7|0|5|
+-+-+-+-+-+-+-+-+-+
|0|4|0|0|0|0|0|3|0|
+-+-+-+-+-+-+-+-+-+
|9|5|0|0|6|0|4|0|7|
+-+-+-+-+-+-+-+-+-+
|0|6|0|4|1|7|9|0|0|
+-+-+-+-+-+-+-+-+-+
|0|0|0|9|5|0|0|0|0|
+-+-+-+-+-+-+-+-+-+
|0|2|0|0|0|0|1|7|9|
+-+-+-+-+-+-+-+-+-+
|6|8|0|0|7|9|0|2|0|
+-+-+-+-+-+-+-+-+-+
|1|0|0|0|0|0|6|8|4|
+-+-+-+-+-+-+-+-+-+
Error!
37 0
Error!
+-+-+-+-+-+-+-+-+-+
|0|9|0|0|3|6|0|4|1|
+-+-+-+-+-+-+-+-+-+
|2|0|0|0|4|1|7|0|5|
+-+-+-+-+-+-+-+-+-+
|0|4|0|0|0|0|0|3|0|
+-+-+-+-+-+-+-+-+-+
|9|5|0|0|6|0|4|0|7|
+-+-+-+-+-+-+-+-+-+
|0|6|0|4|1|7|9|0|0|
+-+-+-+-+-+-+-+-+-+
|0|0|0|9|5|0|0|0|0|
+-+-+-+-+-+-+-+-+-+
|0|2|0|0|0|0|1|7|9|
+-+-+-+-+-+-+-+-+-+
|6|8|0|0|7|9|0|2|0|
+-+-+-+-+-+-+-+-+-+
|1|0|0|0|0|0|6|8|4|
+-+-+-+-+-+-+-+-+-+
Error!
37 0
2
3
5
+-+-+-+-+-+-+-+-+-+
|0|9|0|0|3|6|0|4|1|
+-+-+-+-+-+-+-+-+-+
|2|0|0|0|4|1|7|0|5|
+-+-+-+-+-+-+-+-+-+
|0|4|0|0|0|0|0|3|0|
+-+-+-+-+-+-+-+-+-+
|9|5|0|0|6|0|4|0|7|
+-+-+-+-+-+-+-+-+-+
|0|6|0|4|1|7|9|0|0|
+-+-+-+-+-+-+-+-+-+
|0|0|0|9|5|0|0|0|0|
+-+-+-+-+-+-+-+-+-+
|0|2|0|0|0|0|1|7|9|
+-+-+-+-+-+-+-+-+-+
|6|8|0|0|7|9|0|2|0|
+-+-+-+-+-+-+-+-+-+
|1|0|0|0|0|0|6|8|4|
+-+-+-+-+-+-+-+-+-+
OK!
37 0
3
5
7
8
+-+-+-+-+-+-+-+-+-+
|0|9|0|0|3|6|0|4|1|
+-+-+-+-+-+-+-+-+-+
|2|0|0|0|4|1|7|0|5|
+-+-+-+-+-+-+-+-+-+
|0|4|0|0|0|0|0|3|0|
+-+-+-+-+-+-+-+-+-+
|9|5|0|0|6|0|4|0|7|
+-+-+-+-+-+-+-+-+-+
|0|6|0|4|1|7|9|0|0|
+-+-+-+-+-+-+-+-+-+
|0|0|0|9|5|0|0|0|0|
+-+-+-+-+-+-+-+-+-+
|0|2|0|0|0|0|1|7|9|
+-+-+-+-+-+-+-+-+-+
|6|8|0|0|7|9|0|2|0|
+-+-+-+-+-+-+-+-+-+
|1|0|0|0|0|0|6|8|4|
+-+-+-+-+-+-+-+-+-+
Error!
37 0
6
1
2
3
4
7
8
+-+-+-+-+-+-+-+-+-+
|0|9|0|0|3|6|0|4|1|
+-+-+-+-+-+-+-+-+-+
|2|0|0|0|4|1|7|0|5|
+-+-+-+-+-+-+-+-+-+
|0|4|0|0|0|0|0|3|0|
+-+-+-+-+-+-+-+-+-+
|9|5|0|0|6|0|4|0|7|
+-+-+-+-+-+-+-+-+-+
|0|6|0|4|1|7|9|0|0|
+-+-+-+-+-+-+-+-+-+
|0|0|0|9|5|0|0|0|0|
+-+-+-+-+-+-+-+-+-+
|0|2|0|0|0|0|1|7|9|
+-+-+-+-+-+-+-+-+-+
|6|8|0|0|7|9|0|2|0|
+-+-+-+-+-+-+-+-+-+
|1|0|0|0|0|0|6|8|4|
+-+-+-+-+-+-+-+-+-+
Error:row!
37 0
3
5
7
8
+-+-+-+-+-+-+-+-+-+
|0|9|0|0|3|6|0|4|1|
+-+-+-+-+-+-+-+-+-+
|2|0|0|0|4|1|7|0|5|
+-+-+-+-+-+-+-+-+-+
|0|4|0|0|0|0|0|3|0|
+-+-+-+-+-+-+-+-+-+
|9|5|0|0|6|0|4|0|7|
+-+-+-+-+-+-+-+-+-+
|0|6|0|4|1|7|9|0|0|
+-+-+-+-+-+-+-+-+-+
|0|0|0|9|5|0|0|0|0|
+-+-+-+-+-+-+-+-+-+
|0|2|0|0|0|0|1|7|9|
+-+-+-+-+-+-+-+-+-+
|6|8|0|0|7|9|0|2|0|
+-+-+-+-+-+-+-+-+-+
|1|0|0|0|0|0|6|8|4|
+-+-+-+-+-+-+-+-+-+
Error!
37 0
3
2
3
8
+-+-+-+-+-+-+-+-+-+
|0|9|0|0|3|6|0|4|1|
+-+-+-+-+-+-+-+-+-+
|2|0|0|0|4|1|7|0|5|
+-+-+-+-+-+-+-+-+-+
|0|4|0|0|0|0|0|3|0|
+-+-+-+-+-+-+-+-+-+
|9|5|0|0|6|0|4|0|7|
+-+-+-+-+-+-+-+-+-+
|0|6|0|4|1|7|9|0|0|
+-+-+-+-+-+-+-+-+-+
|0|0|0|9|5|0|0|0|0|
+-+-+-+-+-+-+-+-+-+
|0|2|0|0|0|0|1|7|9|
+-+-+-+-+-+-+-+-+-+
|6|8|0|0|7|9|0|2|0|
+-+-+-+-+-+-+-+-+-+
|1|0|0|0|0|0|6|8|4|
+-+-+-+-+-+-+-+-+-+
OK!
37 0
5
1
5
6
7
8
+-+-+-+-+-+-+-+-+-+
|0|9|0|0|3|6|0|4|1|
+-+-+-+-+-+-+-+-+-+
|2|0|0|0|4|1|7|0|5|
+-+-+-+-+-+-+-+-+-+
|0|4|0|0|0|0|0|3|0|
+-+-+-+-+-+-+-+-+-+
|9|5|0|0|6|0|4|0|7|
+-+-+-+-+-+-+-+-+-+
|0|6|0|4|1|7|9|0|0|
+-+-+-+-+-+-+-+-+-+
|0|0|0|9|5|0|0|0|0|
+-+-+-+-+-+-+-+-+-+
|0|2|0|0|0|0|1|7|9|
+-+-+-+-+-+-+-+-+-+
|6|8|0|0|7|9|0|2|0|
+-+-+-+-+-+-+-+-+-+
|1|0|0|0|0|0|6|8|4|
+-+-+-+-+-+-+-+-+-+
Error!
37 0
1
3
+-+-+-+-+-+-+-+-+-+
|0|9|0|0|3|6|0|4|1|
+-+-+-+-+-+-+-+-+-+
|2|0|0|0|4|1|7|0|5|
+-+-+-+-+-+-+-+-+-+
|0|4|0|0|0|0|0|3|0|
+-+-+-+-+-+-+-+-+-+
|9|5|0|0|6|0|4|0|7|
+-+-+-+-+-+-+-+-+-+
|0|6|0|4|1|7|9|0|0|
+-+-+-+-+-+-+-+-+-+
|0|0|0|9|5|0|0|0|0|
+-+-+-+-+-+-+-+-+-+
|0|2|0|0|0|0|1|7|9|
+-+-+-+-+-+-+-+-+-+
|6|8|0|0|7|9|0|2|0|
+-+-+-+-+-+-+-+-+-+
|1|0|0|0|0|0|6|8|4|
+-+-+-+-+-+-+-+-+-+
Error!
37 0
Error!
+-+-+-+-+-+-+-+-+-+
|0|9|0|0|3|6|0|4|1|
+-+-+-+-+-+-+-+-+-+
|2|0|0|0|4|1|7|0|5|
+-+-+-+-+-+-+-+-+-+
|0|4|0|0|0|0|0|3|0|
+-+-+-+-+-+-+-+-+-+
|9|5|0|0|6|0|4|0|7|
+-+-+-+-+-+-+-+-+-+
|0|6|0|4|1|7|9|0|0|
+-+-+-+-+-+-+-+-+-+
|0|0|0|9|5|0|0|0|0|
+-+-+-+-+-+-+-+-+-+
|0|2|0|0|0|0|1|7|9|
+-+-+-+-+-+-+-+-+-+
|6|8|0|0|7|9|0|2|0|
+-+-+-+-+-+-+-+-+-+
|1|0|0|0|0|0|6|8|4|
+-+-+-+-+-+-+-+-+-+
Error!
37 0
Error!
+-+-+-+-+-+-+-+-+-+
|0|9|0|0|3|6|0|4|1|
+-+-+-+-+-+-+-+-+-+
|2|0|0|0|4|1|7|0|5|
+-+-+-+-+-+-+-+-+-+
|0|4|0|0|0|0|0|3|0|
+-+-+-+-+-+-+-+-+-+
|9|5|0|0|6|0|4|0|7|
+-+-+-+-+-+-+-+-+-+
|0|6|0|4|1|7|9|0|0|
+-+-+-+-+-+-+-+-+-+
|0|0|0|9|5|0|0|0|0|
+-+-+-+-+-+-+-+-+-+
|0|2|0|0|0|0|1|7|9|
+-+-+-+-+-+-+-+-+-+
|6|8|0|0|7|9|0|2|0|
+-+-+-+-+-+-+-+-+-+
|1|0|0|0|0|0|6|8|4|
+-+-+-+-+-+-+-+-+-+
Error:row!
37 0
4
3
5
7
9
+-+-+-+-+-+-+-+-+-+
|0|9|0|0|3|6|0|4|1|
+-+-+-+-+-+-+-+-+-+
|2|0|0|0|4|1|7|0|5|
+-+-+-+-+-+-+-+-+-+
|0|4|0|0|0|0|0|3|0|
+-+-+-+-+-+-+-+-+-+
|9|5|0|0|6|0|4|0|7|
+-+-+-+-+-+-+-+-+-+
|0|6|0|4|1|7|9|0|0|
+-+-+-+-+-+-+-+-+-+
|0|0|0|9|5|0|0|0|0|
+-+-+-+-+-+-+-+-+-+
|0|2|0|0|0|0|1|7|9|
+-+-+-+-+-+-+-+-+-+
|6|8|0|0|7|9|0|2|0|
+-+-+-+-+-+-+-+-+-+
|1|0|0|0|0|0|6|8|4|
+-+-+-+-+-+-+-+-+-+
Error!
37 0
3
2
3
8
+-+-+-+-+-+-+-+-+-+
|0|9|0|0|3|6|0|4|1|
+-+-+-+-+-+-+-+-+-+
|2|0|0|0|4|1|7|0|5|
+-+-+-+-+-+-+-+-+-+
|0|4|0|0|0|0|0|3|0|
+-+-+-+-+-+-+-+-+-+
|9|5|0|0|6|0|4|0|7|
+-+-+-+-+-+-+-+-+-+
|0|6|0|4|1|7|9|0|0|
+-+-+-+-+-+-+-+-+-+
|0|0|0|9|5|0|0|0|0|
+-+-+-+-+-+-+-+-+-+
|0|2|0|0|0|0|1|7|9|
+-+-+-+-+-+-+-+-+-+
|6|8|0|0|7|9|0|2|0|
+-+-+-+-+-+-+-+-+-+
|1|0|0|0|0|0|6|8|4|
+-+-+-+-+-+-+-+-+-+
OK!
37 0
Error!
+-+-+-+-+-+-+-+-+-+
|0|9|0|0|3|6|0|4|1|
+-+-+-+-+-+-+-+-+-+
|2|0|0|0|4|1|7|0|5|
+-+-+-+-+-+-+-+-+-+
|0|4|0|0|0|0|0|3|0|
+-+-+-+-+-+-+-+-+-+
|9|5|0|0|6|0|4|0|7|
+-+-+-+-+-+-+-+-+-+
|0|6|0|4|1|7|9|0|0|
+-+-+-+-+-+-+-+-+-+
|0|0|0|9|5|0|0|0|0|
+-+-+-+-+-+-+-+-+-+
|0|2|0|0|0|0|1|7|9|
+-+-+-+-+-+-+-+-+-+
|6|8|0|0|7|9|0|2|0|
+-+-+-+-+-+-+-+-+-+
|1|0|0|0|0|0|6|8|4|
+-+-+-+-+-+-+-+-+-+
OK!
37 0
3
3
6
8
+-+-+-+-+-+-+-+-+-+
|0|9|0|0|3|6|0|4|1|
+-+-+-+-+-+-+-+-+-+
|2|0|0|0|4|1|7|0|5|
+-+-+-+-+-+-+-+-+-+
|0|4|0|0|0|0|0|3|0|
+-+-+-+-+-+-+-+-+-+
|9|5|0|0|6|0|4|0|7|
+-+-+-+-+-+-+-+-+-+
|0|6|0|4|1|7|9|0|0|
+-+-+-+-+-+-+-+-+-+
|0|0|0|9|5|0|0|0|0|
+-+-+-+-+-+-+-+-+-+
|0|2|0|0|0|0|1|7|9|
+-+-+-+-+-+-+-+-+-+
|6|8|0|0|7|9|0|2|0|
+-+-+-+-+-+-+-+-+-+
|1|0|0|0|0|0|6|8|4|
+-+-+-+-+-+-+-+-+-+
Error!
37 0
4
3
5
7
9
+-+-+-+-+-+-+-+-+-+
|0|9|0|0|3|6|0|4|1|
+-+-+-+-+-+-+-+-+-+
|2|0|0|0|4|1|7|0|5|
+-+-+-+-+-+-+-+-+-+
|0|4|0|0|0|0|0|3|0|
+-+-+-+-+-+-+-+-+-+
|9|5|0|0|6|0|4|0|7|
+-+-+-+-+-+-+-+-+-+
|0|6|0|4|1|7|9|0|0|
+-+-+-+-+-+-+-+-+-+
|0|0|0|9|5|0|0|0|0|
+-+-+-+-+-+-+-+-+-+
|0|2|0|0|0|0|1|7|9|
+-+-+-+-+-+-+-+-+-+
|6|8|0|0|7|9|0|2|0|
+-+-+-+-+-+-+-+-+-+
|1|0|0|0|0|0|6|8|4|
+-+-+-+-+-+-+-+-+-+
OK!
37 0
4
2
5
7
8
+-+-+-+-+-+-+-+-+-+
|0|9|0|0|3|6|0|4|1|
+-+-+-+-+-+-+-+-+-+
|2|0|0|0|4|1|7|0|5|
+-+-+-+-+-+-+-+-+-+
|0|4|0|0|0|0|0|3|0|
+-+-+-+-+-+-+-+-+-+
|9|5|0|0|6|0|4|0|7|
+-+-+-+-+-+-+-+-+-+
|0|6|0|4|1|7|9|0|0|
+-+-+-+-+-+-+-+-+-+
|0|0|0|9|5|0|0|0|0|
+-+-+-+-+-+-+-+-+-+
|0|2|0|0|0|0|1|7|9|
+-+-+-+-+-+-+-+-+-+
|6|8|0|0|7|9|0|2|0|
+-+-+-+-+-+-+-+-+-+
|1|0|0|0|0|0|6|8|4|
+-+-+-+-+-+-+-+-+-+
Error!
37 0
Error!
+-+-+-+-+-+-+-+-+-+
|0|9|0|0|3|6|0|4|1|
+-+-+-+-+-+-+-+-+-+
|2|0|0|0|4|1|7|0|5|
+-+-+-+-+-+-+-+-+-+
|0|4|0|0|0|0|0|3|0|
+-+-+-+-+-+-+-+-+-+
|9|5|0|0|6|0|4|0|7|
+-+-+-+-+-+-+-+-+-+
|0|6|0|4|1|7|9|0|0|
+-+-+-+-+-+-+-+-+-+
|0|0|0|9|5|0|0|0|0|
+-+-+-+-+-+-+-+-+-+
|0|2|0|0|0|0|1|7|9|
+-+-+-+-+-+-+-+-+-+
|6|8|0|0|7|9|0|2|0|
+-+-+-+-+-+-+-+-+-+
|1|0|0|0|0|0|6|8|4|
+-+-+-+-+-+-+-+-+-+
OK!
37 0
2
6
9
+-+-+-+-+-+-+-+-+-+
|0|9|0|0|3|6|0|4|1|
+-+-+-+-+-+-+-+-+-+
|2|0|0|0|4|1|7|0|5|
+-+-+-+-+-+-+-+-+-+
|0|4|0|0|0|0|0|3|0|
+-+-+-+-+-+-+-+-+-+
|9|5|0|0|6|0|4|0|7|
+-+-+-+-+-+-+-+-+-+
|0|6|0|4|1|7|9|0|0|
+-+-+-+-+-+-+-+-+-+
|0|0|0|9|5|0|0|0|0|
+-+-+-+-+-+-+-+-+-+
|0|2|0|0|0|0|1|7|9|
+-+-+-+-+-+-+-+-+-+
|6|8|0|0|7|9|0|2|0|
+-+-+-+-+-+-+-+-+-+
|1|0|0|0|0|0|6|8|4|
+-+-+-+-+-+-+-+-+-+
Error!
37 0
Error!
+-+-+-+-+-+-+-+-+-+
|0|9|0|0|3|6|0|4|1|
+-+-+-+-+-+-+-+-+-+
|2|0|0|0|4|1|7|0|5|
+-+-+-+-+-+-+-+-+-+
|0|4|0|0|0|0|0|3|0|
+-+-+-+-+-+-+-+-+-+
|9|5|0|0|6|0|4|0|7|
+-+-+-+-+-+-+-+-+-+
|0|6|0|4|1|7|9|0|0|
+-+-+-+-+-+-+-+-+-+
|0|0|0|9|5|0|0|0|0|
+-+-+-+-+-+-+-+-+-+
|0|2|0|0|0|0|1|7|9|
+-+-+-+-+-+-+-+-+-+
|6|8|0|0|7|9|0|2|0|
+-+-+-+-+-+-+-+-+-+
|1|0|0|0|0|0|6|8|4|
+-+-+-+-+-+-+-+-+-+
Error:row!
37 0
Error!
