+-+-+-+-+-+-+-+-+-+
|8|9|3|2|1|7|6|5|4|
+-+-+-+-+-+-+-+-+-+
|2|1|7|6|5|4|8|9|3|
+-+-+-+-+-+-+-+-+-+
|6|5|4|8|9|3|2|1|7|
+-+-+-+-+-+-+-+-+-+
|9|3|2|1|7|6|5|4|8|
+-+-+-+-+-+-+-+-+-+
|1|7|6|5|4|8|9|3|2|
+-+-+-+-+-+-+-+-+-+
|5|4|8|9|3|2|1|7|6|
+-+-+-+-+-+-+-+-+-+
|3|2|1|7|6|5|4|8|9|
+-+-+-+-+-+-+-+-+-+
|7|6|5|4|8|9|3|2|1|
+-+-+-+-+-+-+-+-+-+
|4|8|9|3|2|1|7|6|5|
+-+-+-+-+-+-+-+-+-+
OK!
1
8
OK!
1
9
OK!
1
3
OK!
1
2
OK!
1
1
OK!
1
7
OK!
1
6
OK!
1
5
OK!
1
4
OK!
1
2
OK!
1
1
OK!
1
7
OK!
2
2
6
OK!
2
1
5
OK!
2
4
7
OK!
2
6
8
OK!
2
5
9
OK!
2
3
4
OK!
1
6
OK!
1
5
OK!
1
4
OK!
2
6
8
OK!
2
5
9
OK!
2
3
4
OK!
3
2
6
8
OK!
3
1
5
9
OK!
3
3
4
7
OK!
1
9
OK!
2
3
9
OK!
2
2
3
OK!
1
1
OK!
2
1
7
OK!
2
6
7
OK!
1
5
OK!
2
4
5
OK!
2
4
8
OK!
1
1
OK!
2
1
7
OK!
2
6
7
OK!
3
1
5
6
OK!
4
1
4
5
7
OK!
4
4
6
7
8
OK!
3
5
8
9
OK!
4
3
4
5
9
OK!
4
2
3
4
8
+-+-+-+-+-+-+-+-+-+
|0|0|0|0|0|0|0|0|0|
+-+-+-+-+-+-+-+-+-+
|0|0|0|0|0|0|0|0|0|
+-+-+-+-+-+-+-+-+-+
|0|0|0|0|0|0|0|0|0|
+-+-+-+-+-+-+-+-+-+
|0|0|0|0|0|0|0|0|0|
+-+-+-+-+-+-+-+-+-+
|0|0|0|0|0|0|0|0|0|
+-+-+-+-+-+-+-+-+-+
|5|4|8|9|3|2|1|7|6|
+-+-+-+-+-+-+-+-+-+
|3|2|1|7|6|5|4|8|9|
+-+-+-+-+-+-+-+-+-+
|7|6|5|4|8|9|3|2|1|
+-+-+-+-+-+-+-+-+-+
|4|8|9|3|2|1|7|6|5|
+-+-+-+-+-+-+-+-+-+
