OK!
+-+-+-+-+-+-+-+-+-+
|3|0|0|0|2|0|0|8|1|
+-+-+-+-+-+-+-+-+-+
|0|2|0|0|8|1|0|0|0|
+-+-+-+-+-+-+-+-+-+
|0|0|0|0|6|0|7|0|5|
+-+-+-+-+-+-+-+-+-+
|0|4|0|0|1|0|8|0|3|
+-+-+-+-+-+-+-+-+-+
|0|5|0|8|0|3|0|4|7|
+-+-+-+-+-+-+-+-+-+
|0|0|0|0|0|0|0|5|0|
+-+-+-+-+-+-+-+-+-+
|0|0|0|5|0|0|1|3|6|
+-+-+-+-+-+-+-+-+-+
|0|0|0|1|3|0|0|7|0|
+-+-+-+-+-+-+-+-+-+
|0|3|6|0|0|0|5|9|0|
+-+-+-+-+-+-+-+-+-+
OK!
+-+-+-+-+-+-+-+-+-+
|3|0|0|0|2|0|0|8|1|
+-+-+-+-+-+-+-+-+-+
|0|2|0|0|8|1|0|0|0|
+-+-+-+-+-+-+-+-+-+
|0|0|0|0|6|0|7|0|5|
+-+-+-+-+-+-+-+-+-+
|0|4|0|0|0|0|8|0|3|
+-+-+-+-+-+-+-+-+-+
|0|5|0|8|0|3|0|4|7|
+-+-+-+-+-+-+-+-+-+
|0|0|0|0|0|0|0|5|0|
+-+-+-+-+-+-+-+-+-+
|0|0|0|5|0|0|1|3|6|
+-+-+-+-+-+-+-+-+-+
|0|0|0|1|3|0|0|7|0|
+-+-+-+-+-+-+-+-+-+
|0|3|6|0|0|0|5|9|0|
+-+-+-+-+-+-+-+-+-+
Error:row!
+-+-+-+-+-+-+-+-+-+
|3|0|0|0|2|0|0|8|1|
+-+-+-+-+-+-+-+-+-+
|0|2|0|0|8|1|0|0|0|
+-+-+-+-+-+-+-+-+-+
|0|0|0|0|6|0|7|0|5|
+-+-+-+-+-+-+-+-+-+
|0|4|0|0|0|0|8|0|3|
+-+-+-+-+-+-+-+-+-+
|0|5|0|8|0|3|0|4|7|
+-+-+-+-+-+-+-+-+-+
|0|0|0|0|0|0|0|5|0|
+-+-+-+-+-+-+-+-+-+
|0|0|0|5|0|0|1|3|6|
+-+-+-+-+-+-+-+-+-+
|0|0|0|1|3|0|0|7|0|
+-+-+-+-+-+-+-+-+-+
|0|3|6|0|0|0|5|9|0|
+-+-+-+-+-+-+-+-+-+
Error!
+-+-+-+-+-+-+-+-+-+
|3|0|0|0|2|0|0|8|1|
+-+-+-+-+-+-+-+-+-+
|0|2|0|0|8|1|0|0|0|
+-+-+-+-+-+-+-+-+-+
|0|0|0|0|6|0|7|0|5|
+-+-+-+-+-+-+-+-+-+
|0|4|0|0|0|0|8|0|3|
+-+-+-+-+-+-+-+-+-+
|0|5|0|8|0|3|0|4|7|
+-+-+-+-+-+-+-+-+-+
|0|0|0|0|0|0|0|5|0|
+-+-+-+-+-+-+-+-+-+
|0|0|0|5|0|0|1|3|6|
+-+-+-+-+-+-+-+-+-+
|0|0|0|1|3|0|0|7|0|
+-+-+-+-+-+-+-+-+-+
|0|3|6|0|0|0|5|9|0|
+-+-+-+-+-+-+-+-+-+
Error:row!
+-+-+-+-+-+-+-+-+-+
|3|0|0|0|2|0|0|8|1|
+-+-+-+-+-+-+-+-+-+
|0|2|0|0|8|1|0|0|0|
+-+-+-+-+-+-+-+-+-+
|0|0|0|0|6|0|7|0|5|
+-+-+-+-+-+-+-+-+-+
|0|4|0|0|0|0|8|0|3|
+-+-+-+-+-+-+-+-+-+
|0|5|0|8|0|3|0|4|7|
+-+-+-+-+-+-+-+-+-+
|0|0|0|0|0|0|0|5|0|
+-+-+-+-+-+-+-+-+-+
|0|0|0|5|0|0|1|3|6|
+-+-+-+-+-+-+-+-+-+
|0|0|0|1|3|0|0|7|0|
+-+-+-+-+-+-+-+-+-+
|0|3|6|0|0|0|5|9|0|
+-+-+-+-+-+-+-+-+-+
Error!
+-+-+-+-+-+-+-+-+-+
|3|0|0|0|2|0|0|8|1|
+-+-+-+-+-+-+-+-+-+
|0|2|0|0|8|1|0|0|0|
+-+-+-+-+-+-+-+-+-+
|0|0|0|0|6|0|7|0|5|
+-+-+-+-+-+-+-+-+-+
|0|4|0|0|0|0|8|0|3|
+-+-+-+-+-+-+-+-+-+
|0|5|0|8|0|3|0|4|7|
+-+-+-+-+-+-+-+-+-+
|0|0|0|0|0|0|0|5|0|
+-+-+-+-+-+-+-+-+-+
|0|0|0|5|0|0|1|3|6|
+-+-+-+-+-+-+-+-+-+
|0|0|0|1|3|0|0|7|0|
+-+-+-+-+-+-+-+-+-+
|0|3|6|0|0|0|5|9|0|
+-+-+-+-+-+-+-+-+-+
OK!
+-+-+-+-+-+-+-+-+-+
|3|0|0|0|2|0|0|8|1|
+-+-+-+-+-+-+-+-+-+
|0|2|0|0|8|1|0|0|0|
+-+-+-+-+-+-+-+-+-+
|0|0|0|0|6|0|7|0|5|
+-+-+-+-+-+-+-+-+-+
|0|4|0|0|1|0|8|0|3|
+-+-+-+-+-+-+-+-+-+
|0|5|0|8|0|3|0|4|7|
+-+-+-+-+-+-+-+-+-+
|0|0|0|0|0|0|0|5|0|
+-+-+-+-+-+-+-+-+-+
|0|0|0|5|0|0|1|3|6|
+-+-+-+-+-+-+-+-+-+
|0|0|0|1|3|0|0|7|0|
+-+-+-+-+-+-+-+-+-+
|0|3|6|0|0|0|5|9|0|
+-+-+-+-+-+-+-+-+-+
OK!
+-+-+-+-+-+-+-+-+-+
|3|0|0|0|2|0|0|8|1|
+-+-+-+-+-+-+-+-+-+
|0|2|0|0|8|1|0|0|0|
+-+-+-+-+-+-+-+-+-+
|0|0|0|0|6|0|7|0|5|
+-+-+-+-+-+-+-+-+-+
|0|4|0|0|0|0|8|0|3|
+-+-+-+-+-+-+-+-+-+
|0|5|0|8|0|3|0|4|7|
+-+-+-+-+-+-+-+-+-+
|0|0|0|0|0|0|0|5|0|
+-+-+-+-+-+-+-+-+-+
|0|0|0|5|0|0|1|3|6|
+-+-+-+-+-+-+-+-+-+
|0|0|0|1|3|0|0|7|0|
+-+-+-+-+-+-+-+-+-+
|0|3|6|0|0|0|5|9|0|
+-+-+-+-+-+-+-+-+-+
Error:column!
+-+-+-+-+-+-+-+-+-+
|3|0|0|0|2|0|0|8|1|
+-+-+-+-+-+-+-+-+-+
|0|2|0|0|8|1|0|0|0|
+-+-+-+-+-+-+-+-+-+
|0|0|0|0|6|0|7|0|5|
+-+-+-+-+-+-+-+-+-+
|0|4|0|0|0|0|8|0|3|
+-+-+-+-+-+-+-+-+-+
|0|5|0|8|0|3|0|4|7|
+-+-+-+-+-+-+-+-+-+
|0|0|0|0|0|0|0|5|0|
+-+-+-+-+-+-+-+-+-+
|0|0|0|5|0|0|1|3|6|
+-+-+-+-+-+-+-+-+-+
|0|0|0|1|3|0|0|7|0|
+-+-+-+-+-+-+-+-+-+
|0|3|6|0|0|0|5|9|0|
+-+-+-+-+-+-+-+-+-+
Error!
+-+-+-+-+-+-+-+-+-+
|3|0|0|0|2|0|0|8|1|
+-+-+-+-+-+-+-+-+-+
|0|2|0|0|8|1|0|0|0|
+-+-+-+-+-+-+-+-+-+
|0|0|0|0|6|0|7|0|5|
+-+-+-+-+-+-+-+-+-+
|0|4|0|0|0|0|8|0|3|
+-+-+-+-+-+-+-+-+-+
|0|5|0|8|0|3|0|4|7|
+-+-+-+-+-+-+-+-+-+
|0|0|0|0|0|0|0|5|0|
+-+-+-+-+-+-+-+-+-+
|0|0|0|5|0|0|1|3|6|
+-+-+-+-+-+-+-+-+-+
|0|0|0|1|3|0|0|7|0|
+-+-+-+-+-+-+-+-+-+
|0|3|6|0|0|0|5|9|0|
+-+-+-+-+-+-+-+-+-+
Error:row!
+-+-+-+-+-+-+-+-+-+
|3|0|0|0|2|0|0|8|1|
+-+-+-+-+-+-+-+-+-+
|0|2|0|0|8|1|0|0|0|
+-+-+-+-+-+-+-+-+-+
|0|0|0|0|6|0|7|0|5|
+-+-+-+-+-+-+-+-+-+
|0|4|0|0|0|0|8|0|3|
+-+-+-+-+-+-+-+-+-+
|0|5|0|8|0|3|0|4|7|
+-+-+-+-+-+-+-+-+-+
|0|0|0|0|0|0|0|5|0|
+-+-+-+-+-+-+-+-+-+
|0|0|0|5|0|0|1|3|6|
+-+-+-+-+-+-+-+-+-+
|0|0|0|1|3|0|0|7|0|
+-+-+-+-+-+-+-+-+-+
|0|3|6|0|0|0|5|9|0|
+-+-+-+-+-+-+-+-+-+
Error!
+-+-+-+-+-+-+-+-+-+
|3|0|0|0|2|0|0|8|1|
+-+-+-+-+-+-+-+-+-+
|0|2|0|0|8|1|0|0|0|
+-+-+-+-+-+-+-+-+-+
|0|0|0|0|6|0|7|0|5|
+-+-+-+-+-+-+-+-+-+
|0|4|0|0|0|0|8|0|3|
+-+-+-+-+-+-+-+-+-+
|0|5|0|8|0|3|0|4|7|
+-+-+-+-+-+-+-+-+-+
|0|0|0|0|0|0|0|5|0|
+-+-+-+-+-+-+-+-+-+
|0|0|0|5|0|0|1|3|6|
+-+-+-+-+-+-+-+-+-+
|0|0|0|1|3|0|0|7|0|
+-+-+-+-+-+-+-+-+-+
|0|3|6|0|0|0|5|9|0|
+-+-+-+-+-+-+-+-+-+
OK!
+-+-+-+-+-+-+-+-+-+
|3|0|0|0|2|0|0|8|1|
+-+-+-+-+-+-+-+-+-+
|0|2|0|0|8|1|0|0|0|
+-+-+-+-+-+-+-+-+-+
|0|0|0|0|6|0|7|0|5|
+-+-+-+-+-+-+-+-+-+
|0|4|0|0|0|0|8|0|3|
+-+-+-+-+-+-+-+-+-+
|0|5|0|8|0|3|0|4|7|
+-+-+-+-+-+-+-+-+-+
|1|0|0|0|0|0|0|5|0|
+-+-+-+-+-+-+-+-+-+
|0|0|0|5|0|0|1|3|6|
+-+-+-+-+-+-+-+-+-+
|0|0|0|1|3|0|0|7|0|
+-+-+-+-+-+-+-+-+-+
|0|3|6|0|0|0|5|9|0|
+-+-+-+-+-+-+-+-+-+
OK!
+-+-+-+-+-+-+-+-+-+
|3|0|0|0|2|0|0|8|1|
+-+-+-+-+-+-+-+-+-+
|0|2|0|0|8|1|0|0|0|
+-+-+-+-+-+-+-+-+-+
|0|0|0|0|6|0|7|0|5|
+-+-+-+-+-+-+-+-+-+
|0|4|0|0|0|0|8|0|3|
+-+-+-+-+-+-+-+-+-+
|0|5|0|8|0|3|0|4|7|
+-+-+-+-+-+-+-+-+-+
|0|0|0|0|0|0|0|5|0|
+-+-+-+-+-+-+-+-+-+
|0|0|0|5|0|0|1|3|6|
+-+-+-+-+-+-+-+-+-+
|0|0|0|1|3|0|0|7|0|
+-+-+-+-+-+-+-+-+-+
|0|3|6|0|0|0|5|9|0|
+-+-+-+-+-+-+-+-+-+
OK!
+-+-+-+-+-+-+-+-+-+
|3|0|0|0|2|0|0|8|1|
+-+-+-+-+-+-+-+-+-+
|0|2|0|0|8|1|0|0|0|
+-+-+-+-+-+-+-+-+-+
|0|1|0|0|6|0|7|0|5|
+-+-+-+-+-+-+-+-+-+
|0|4|0|0|0|0|8|0|3|
+-+-+-+-+-+-+-+-+-+
|0|5|0|8|0|3|0|4|7|
+-+-+-+-+-+-+-+-+-+
|0|0|0|0|0|0|0|5|0|
+-+-+-+-+-+-+-+-+-+
|0|0|0|5|0|0|1|3|6|
+-+-+-+-+-+-+-+-+-+
|0|0|0|1|3|0|0|7|0|
+-+-+-+-+-+-+-+-+-+
|0|3|6|0|0|0|5|9|0|
+-+-+-+-+-+-+-+-+-+
OK!
+-+-+-+-+-+-+-+-+-+
|3|0|0|0|2|0|0|8|1|
+-+-+-+-+-+-+-+-+-+
|0|2|0|0|8|1|0|0|0|
+-+-+-+-+-+-+-+-+-+
|0|0|0|0|6|0|7|0|5|
+-+-+-+-+-+-+-+-+-+
|0|4|0|0|0|0|8|0|3|
+-+-+-+-+-+-+-+-+-+
|0|5|0|8|0|3|0|4|7|
+-+-+-+-+-+-+-+-+-+
|0|0|0|0|0|0|0|5|0|
+-+-+-+-+-+-+-+-+-+
|0|0|0|5|0|0|1|3|6|
+-+-+-+-+-+-+-+-+-+
|0|0|0|1|3|0|0|7|0|
+-+-+-+-+-+-+-+-+-+
|0|3|6|0|0|0|5|9|0|
+-+-+-+-+-+-+-+-+-+
Error:column!
+-+-+-+-+-+-+-+-+-+
|3|0|0|0|2|0|0|8|1|
+-+-+-+-+-+-+-+-+-+
|0|2|0|0|8|1|0|0|0|
+-+-+-+-+-+-+-+-+-+
|0|0|0|0|6|0|7|0|5|
+-+-+-+-+-+-+-+-+-+
|0|4|0|0|0|0|8|0|3|
+-+-+-+-+-+-+-+-+-+
|0|5|0|8|0|3|0|4|7|
+-+-+-+-+-+-+-+-+-+
|0|0|0|0|0|0|0|5|0|
+-+-+-+-+-+-+-+-+-+
|0|0|0|5|0|0|1|3|6|
+-+-+-+-+-+-+-+-+-+
|0|0|0|1|3|0|0|7|0|
+-+-+-+-+-+-+-+-+-+
|0|3|6|0|0|0|5|9|0|
+-+-+-+-+-+-+-+-+-+
Error!
+-+-+-+-+-+-+-+-+-+
|3|0|0|0|2|0|0|8|1|
+-+-+-+-+-+-+-+-+-+
|0|2|0|0|8|1|0|0|0|
+-+-+-+-+-+-+-+-+-+
|0|0|0|0|6|0|7|0|5|
+-+-+-+-+-+-+-+-+-+
|0|4|0|0|0|0|8|0|3|
+-+-+-+-+-+-+-+-+-+
|0|5|0|8|0|3|0|4|7|
+-+-+-+-+-+-+-+-+-+
|0|0|0|0|0|0|0|5|0|
+-+-+-+-+-+-+-+-+-+
|0|0|0|5|0|0|1|3|6|
+-+-+-+-+-+-+-+-+-+
|0|0|0|1|3|0|0|7|0|
+-+-+-+-+-+-+-+-+-+
|0|3|6|0|0|0|5|9|0|
+-+-+-+-+-+-+-+-+-+
Error:row!
+-+-+-+-+-+-+-+-+-+
|3|0|0|0|2|0|0|8|1|
+-+-+-+-+-+-+-+-+-+
|0|2|0|0|8|1|0|0|0|
+-+-+-+-+-+-+-+-+-+
|0|0|0|0|6|0|7|0|5|
+-+-+-+-+-+-+-+-+-+
|0|4|0|0|0|0|8|0|3|
+-+-+-+-+-+-+-+-+-+
|0|5|0|8|0|3|0|4|7|
+-+-+-+-+-+-+-+-+-+
|0|0|0|0|0|0|0|5|0|
+-+-+-+-+-+-+-+-+-+
|0|0|0|5|0|0|1|3|6|
+-+-+-+-+-+-+-+-+-+
|0|0|0|1|3|0|0|7|0|
+-+-+-+-+-+-+-+-+-+
|0|3|6|0|0|0|5|9|0|
+-+-+-+-+-+-+-+-+-+
Error!
+-+-+-+-+-+-+-+-+-+
|3|0|0|0|2|0|0|8|1|
+-+-+-+-+-+-+-+-+-+
|0|2|0|0|8|1|0|0|0|
+-+-+-+-+-+-+-+-+-+
|0|0|0|0|6|0|7|0|5|
+-+-+-+-+-+-+-+-+-+
|0|4|0|0|0|0|8|0|3|
+-+-+-+-+-+-+-+-+-+
|0|5|0|8|0|3|0|4|7|
+-+-+-+-+-+-+-+-+-+
|0|0|0|0|0|0|0|5|0|
+-+-+-+-+-+-+-+-+-+
|0|0|0|5|0|0|1|3|6|
+-+-+-+-+-+-+-+-+-+
|0|0|0|1|3|0|0|7|0|
+-+-+-+-+-+-+-+-+-+
|0|3|6|0|0|0|5|9|0|
+-+-+-+-+-+-+-+-+-+
Error:column!
+-+-+-+-+-+-+-+-+-+
|3|0|0|0|2|0|0|8|1|
+-+-+-+-+-+-+-+-+-+
|0|2|0|0|8|1|0|0|0|
+-+-+-+-+-+-+-+-+-+
|0|0|0|0|6|0|7|0|5|
+-+-+-+-+-+-+-+-+-+
|0|4|0|0|0|0|8|0|3|
+-+-+-+-+-+-+-+-+-+
|0|5|0|8|0|3|0|4|7|
+-+-+-+-+-+-+-+-+-+
|0|0|0|0|0|0|0|5|0|
+-+-+-+-+-+-+-+-+-+
|0|0|0|5|0|0|1|3|6|
+-+-+-+-+-+-+-+-+-+
|0|0|0|1|3|0|0|7|0|
+-+-+-+-+-+-+-+-+-+
|0|3|6|0|0|0|5|9|0|
+-+-+-+-+-+-+-+-+-+
Error!
+-+-+-+-+-+-+-+-+-+
|3|0|0|0|2|0|0|8|1|
+-+-+-+-+-+-+-+-+-+
|0|2|0|0|8|1|0|0|0|
+-+-+-+-+-+-+-+-+-+
|0|0|0|0|6|0|7|0|5|
+-+-+-+-+-+-+-+-+-+
|0|4|0|0|0|0|8|0|3|
+-+-+-+-+-+-+-+-+-+
|0|5|0|8|0|3|0|4|7|
+-+-+-+-+-+-+-+-+-+
|0|0|0|0|0|0|0|5|0|
+-+-+-+-+-+-+-+-+-+
|0|0|0|5|0|0|1|3|6|
+-+-+-+-+-+-+-+-+-+
|0|0|0|1|3|0|0|7|0|
+-+-+-+-+-+-+-+-+-+
|0|3|6|0|0|0|5|9|0|
+-+-+-+-+-+-+-+-+-+
Error:row!
+-+-+-+-+-+-+-+-+-+
|3|0|0|0|2|0|0|8|1|
+-+-+-+-+-+-+-+-+-+
|0|2|0|0|8|1|0|0|0|
+-+-+-+-+-+-+-+-+-+
|0|0|0|0|6|0|7|0|5|
+-+-+-+-+-+-+-+-+-+
|0|4|0|0|0|0|8|0|3|
+-+-+-+-+-+-+-+-+-+
|0|5|0|8|0|3|0|4|7|
+-+-+-+-+-+-+-+-+-+
|0|0|0|0|0|0|0|5|0|
+-+-+-+-+-+-+-+-+-+
|0|0|0|5|0|0|1|3|6|
+-+-+-+-+-+-+-+-+-+
|0|0|0|1|3|0|0|7|0|
+-+-+-+-+-+-+-+-+-+
|0|3|6|0|0|0|5|9|0|
+-+-+-+-+-+-+-+-+-+
Error!
+-+-+-+-+-+-+-+-+-+
|3|0|0|0|2|0|0|8|1|
+-+-+-+-+-+-+-+-+-+
|0|2|0|0|8|1|0|0|0|
+-+-+-+-+-+-+-+-+-+
|0|0|0|0|6|0|7|0|5|
+-+-+-+-+-+-+-+-+-+
|0|4|0|0|0|0|8|0|3|
+-+-+-+-+-+-+-+-+-+
|0|5|0|8|0|3|0|4|7|
+-+-+-+-+-+-+-+-+-+
|0|0|0|0|0|0|0|5|0|
+-+-+-+-+-+-+-+-+-+
|0|0|0|5|0|0|1|3|6|
+-+-+-+-+-+-+-+-+-+
|0|0|0|1|3|0|0|7|0|
+-+-+-+-+-+-+-+-+-+
|0|3|6|0|0|0|5|9|0|
+-+-+-+-+-+-+-+-+-+
Error!
+-+-+-+-+-+-+-+-+-+
|3|0|0|0|2|0|0|8|1|
+-+-+-+-+-+-+-+-+-+
|0|2|0|0|8|1|0|0|0|
+-+-+-+-+-+-+-+-+-+
|0|0|0|0|6|0|7|0|5|
+-+-+-+-+-+-+-+-+-+
|0|4|0|0|0|0|8|0|3|
+-+-+-+-+-+-+-+-+-+
|0|5|0|8|0|3|0|4|7|
+-+-+-+-+-+-+-+-+-+
|0|0|0|0|0|0|0|5|0|
+-+-+-+-+-+-+-+-+-+
|0|0|0|5|0|0|1|3|6|
+-+-+-+-+-+-+-+-+-+
|0|0|0|1|3|0|0|7|0|
+-+-+-+-+-+-+-+-+-+
|0|3|6|0|0|0|5|9|0|
+-+-+-+-+-+-+-+-+-+
OK!
+-+-+-+-+-+-+-+-+-+
|3|0|0|0|2|0|0|8|1|
+-+-+-+-+-+-+-+-+-+
|0|2|0|0|0|1|0|0|0|
+-+-+-+-+-+-+-+-+-+
|0|0|0|0|6|0|7|0|5|
+-+-+-+-+-+-+-+-+-+
|0|4|0|0|0|0|8|0|3|
+-+-+-+-+-+-+-+-+-+
|0|5|0|8|0|3|0|4|7|
+-+-+-+-+-+-+-+-+-+
|0|0|0|0|0|0|0|5|0|
+-+-+-+-+-+-+-+-+-+
|0|0|0|5|0|0|1|3|6|
+-+-+-+-+-+-+-+-+-+
|0|0|0|1|3|0|0|7|0|
+-+-+-+-+-+-+-+-+-+
|0|3|6|0|0|0|5|9|0|
+-+-+-+-+-+-+-+-+-+
Error!
+-+-+-+-+-+-+-+-+-+
|3|0|0|0|2|0|0|8|1|
+-+-+-+-+-+-+-+-+-+
|0|2|0|0|0|1|0|0|0|
+-+-+-+-+-+-+-+-+-+
|0|0|0|0|6|0|7|0|5|
+-+-+-+-+-+-+-+-+-+
|0|4|0|0|0|0|8|0|3|
+-+-+-+-+-+-+-+-+-+
|0|5|0|8|0|3|0|4|7|
+-+-+-+-+-+-+-+-+-+
|0|0|0|0|0|0|0|5|0|
+-+-+-+-+-+-+-+-+-+
|0|0|0|5|0|0|1|3|6|
+-+-+-+-+-+-+-+-+-+
|0|0|0|1|3|0|0|7|0|
+-+-+-+-+-+-+-+-+-+
|0|3|6|0|0|0|5|9|0|
+-+-+-+-+-+-+-+-+-+
OK!
+-+-+-+-+-+-+-+-+-+
|3|0|0|0|2|0|0|8|1|
+-+-+-+-+-+-+-+-+-+
|0|2|0|0|0|1|0|0|0|
+-+-+-+-+-+-+-+-+-+
|0|0|0|0|6|0|7|0|5|
+-+-+-+-+-+-+-+-+-+
|0|4|0|0|0|0|8|0|3|
+-+-+-+-+-+-+-+-+-+
|0|5|0|8|0|3|0|4|7|
+-+-+-+-+-+-+-+-+-+
|0|0|0|0|0|0|0|5|0|
+-+-+-+-+-+-+-+-+-+
|0|0|0|5|0|0|1|0|6|
+-+-+-+-+-+-+-+-+-+
|0|0|0|1|3|0|0|7|0|
+-+-+-+-+-+-+-+-+-+
|0|3|6|0|0|0|5|9|0|
+-+-+-+-+-+-+-+-+-+
Error:column!
+-+-+-+-+-+-+-+-+-+
|3|0|0|0|2|0|0|8|1|
+-+-+-+-+-+-+-+-+-+
|0|2|0|0|0|1|0|0|0|
+-+-+-+-+-+-+-+-+-+
|0|0|0|0|6|0|7|0|5|
+-+-+-+-+-+-+-+-+-+
|0|4|0|0|0|0|8|0|3|
+-+-+-+-+-+-+-+-+-+
|0|5|0|8|0|3|0|4|7|
+-+-+-+-+-+-+-+-+-+
|0|0|0|0|0|0|0|5|0|
+-+-+-+-+-+-+-+-+-+
|0|0|0|5|0|0|1|0|6|
+-+-+-+-+-+-+-+-+-+
|0|0|0|1|3|0|0|7|0|
+-+-+-+-+-+-+-+-+-+
|0|3|6|0|0|0|5|9|0|
+-+-+-+-+-+-+-+-+-+
Error!
+-+-+-+-+-+-+-+-+-+
|3|0|0|0|2|0|0|8|1|
+-+-+-+-+-+-+-+-+-+
|0|2|0|0|0|1|0|0|0|
+-+-+-+-+-+-+-+-+-+
|0|0|0|0|6|0|7|0|5|
+-+-+-+-+-+-+-+-+-+
|0|4|0|0|0|0|8|0|3|
+-+-+-+-+-+-+-+-+-+
|0|5|0|8|0|3|0|4|7|
+-+-+-+-+-+-+-+-+-+
|0|0|0|0|0|0|0|5|0|
+-+-+-+-+-+-+-+-+-+
|0|0|0|5|0|0|1|0|6|
+-+-+-+-+-+-+-+-+-+
|0|0|0|1|3|0|0|7|0|
+-+-+-+-+-+-+-+-+-+
|0|3|6|0|0|0|5|9|0|
+-+-+-+-+-+-+-+-+-+
Error:column!
+-+-+-+-+-+-+-+-+-+
|3|0|0|0|2|0|0|8|1|
+-+-+-+-+-+-+-+-+-+
|0|2|0|0|0|1|0|0|0|
+-+-+-+-+-+-+-+-+-+
|0|0|0|0|6|0|7|0|5|
+-+-+-+-+-+-+-+-+-+
|0|4|0|0|0|0|8|0|3|
+-+-+-+-+-+-+-+-+-+
|0|5|0|8|0|3|0|4|7|
+-+-+-+-+-+-+-+-+-+
|0|0|0|0|0|0|0|5|0|
+-+-+-+-+-+-+-+-+-+
|0|0|0|5|0|0|1|0|6|
+-+-+-+-+-+-+-+-+-+
|0|0|0|1|3|0|0|7|0|
+-+-+-+-+-+-+-+-+-+
|0|3|6|0|0|0|5|9|0|
+-+-+-+-+-+-+-+-+-+
Error!
+-+-+-+-+-+-+-+-+-+
|3|0|0|0|2|0|0|8|1|
+-+-+-+-+-+-+-+-+-+
|0|2|0|0|0|1|0|0|0|
+-+-+-+-+-+-+-+-+-+
|0|0|0|0|6|0|7|0|5|
+-+-+-+-+-+-+-+-+-+
|0|4|0|0|0|0|8|0|3|
+-+-+-+-+-+-+-+-+-+
|0|5|0|8|0|3|0|4|7|
+-+-+-+-+-+-+-+-+-+
|0|0|0|0|0|0|0|5|0|
+-+-+-+-+-+-+-+-+-+
|0|0|0|5|0|0|1|0|6|
+-+-+-+-+-+-+-+-+-+
|0|0|0|1|3|0|0|7|0|
+-+-+-+-+-+-+-+-+-+
|0|3|6|0|0|0|5|9|0|
+-+-+-+-+-+-+-+-+-+
Error!
+-+-+-+-+-+-+-+-+-+
|3|0|0|0|2|0|0|8|1|
+-+-+-+-+-+-+-+-+-+
|0|2|0|0|0|1|0|0|0|
+-+-+-+-+-+-+-+-+-+
|0|0|0|0|6|0|7|0|5|
+-+-+-+-+-+-+-+-+-+
|0|4|0|0|0|0|8|0|3|
+-+-+-+-+-+-+-+-+-+
|0|5|0|8|0|3|0|4|7|
+-+-+-+-+-+-+-+-+-+
|0|0|0|0|0|0|0|5|0|
+-+-+-+-+-+-+-+-+-+
|0|0|0|5|0|0|1|0|6|
+-+-+-+-+-+-+-+-+-+
|0|0|0|1|3|0|0|7|0|
+-+-+-+-+-+-+-+-+-+
|0|3|6|0|0|0|5|9|0|
+-+-+-+-+-+-+-+-+-+
OK!
+-+-+-+-+-+-+-+-+-+
|3|0|0|0|2|0|0|8|1|
+-+-+-+-+-+-+-+-+-+
|0|2|0|0|0|1|0|0|0|
+-+-+-+-+-+-+-+-+-+
|0|0|0|0|6|0|7|0|5|
+-+-+-+-+-+-+-+-+-+
|0|4|0|0|0|0|8|0|3|
+-+-+-+-+-+-+-+-+-+
|0|5|0|8|0|3|0|4|7|
+-+-+-+-+-+-+-+-+-+
|0|0|0|0|0|0|0|5|0|
+-+-+-+-+-+-+-+-+-+
|0|0|0|5|0|0|1|0|6|
+-+-+-+-+-+-+-+-+-+
|0|0|0|1|3|0|0|7|0|
+-+-+-+-+-+-+-+-+-+
|0|0|6|0|0|0|5|9|0|
+-+-+-+-+-+-+-+-+-+
Error:row!
+-+-+-+-+-+-+-+-+-+
|3|0|0|0|2|0|0|8|1|
+-+-+-+-+-+-+-+-+-+
|0|2|0|0|0|1|0|0|0|
+-+-+-+-+-+-+-+-+-+
|0|0|0|0|6|0|7|0|5|
+-+-+-+-+-+-+-+-+-+
|0|4|0|0|0|0|8|0|3|
+-+-+-+-+-+-+-+-+-+
|0|5|0|8|0|3|0|4|7|
+-+-+-+-+-+-+-+-+-+
|0|0|0|0|0|0|0|5|0|
+-+-+-+-+-+-+-+-+-+
|0|0|0|5|0|0|1|0|6|
+-+-+-+-+-+-+-+-+-+
|0|0|0|1|3|0|0|7|0|
+-+-+-+-+-+-+-+-+-+
|0|0|6|0|0|0|5|9|0|
+-+-+-+-+-+-+-+-+-+
Error!
+-+-+-+-+-+-+-+-+-+
|3|0|0|0|2|0|0|8|1|
+-+-+-+-+-+-+-+-+-+
|0|2|0|0|0|1|0|0|0|
+-+-+-+-+-+-+-+-+-+
|0|0|0|0|6|0|7|0|5|
+-+-+-+-+-+-+-+-+-+
|0|4|0|0|0|0|8|0|3|
+-+-+-+-+-+-+-+-+-+
|0|5|0|8|0|3|0|4|7|
+-+-+-+-+-+-+-+-+-+
|0|0|0|0|0|0|0|5|0|
+-+-+-+-+-+-+-+-+-+
|0|0|0|5|0|0|1|0|6|
+-+-+-+-+-+-+-+-+-+
|0|0|0|1|3|0|0|7|0|
+-+-+-+-+-+-+-+-+-+
|0|0|6|0|0|0|5|9|0|
+-+-+-+-+-+-+-+-+-+
OK!
+-+-+-+-+-+-+-+-+-+
|3|0|0|0|2|0|0|8|1|
+-+-+-+-+-+-+-+-+-+
|0|2|0|0|0|1|0|0|0|
+-+-+-+-+-+-+-+-+-+
|0|0|0|0|6|0|7|0|5|
+-+-+-+-+-+-+-+-+-+
|0|4|0|0|1|0|8|0|3|
+-+-+-+-+-+-+-+-+-+
|0|5|0|8|0|3|0|4|7|
+-+-+-+-+-+-+-+-+-+
|0|0|0|0|0|0|0|5|0|
+-+-+-+-+-+-+-+-+-+
|0|0|0|5|0|0|1|0|6|
+-+-+-+-+-+-+-+-+-+
|0|0|0|1|3|0|0|7|0|
+-+-+-+-+-+-+-+-+-+
|0|0|6|0|0|0|5|9|0|
+-+-+-+-+-+-+-+-+-+
OK!
+-+-+-+-+-+-+-+-+-+
|3|0|0|0|2|0|0|8|1|
+-+-+-+-+-+-+-+-+-+
|0|2|0|0|0|1|0|0|0|
+-+-+-+-+-+-+-+-+-+
|0|0|0|0|6|0|7|0|5|
+-+-+-+-+-+-+-+-+-+
|0|4|0|0|0|0|8|0|3|
+-+-+-+-+-+-+-+-+-+
|0|5|0|8|0|3|0|4|7|
+-+-+-+-+-+-+-+-+-+
|0|0|0|0|0|0|0|5|0|
+-+-+-+-+-+-+-+-+-+
|0|0|0|5|0|0|1|0|6|
+-+-+-+-+-+-+-+-+-+
|0|0|0|1|3|0|0|7|0|
+-+-+-+-+-+-+-+-+-+
|0|0|6|0|0|0|5|9|0|
+-+-+-+-+-+-+-+-+-+
Error:row!
+-+-+-+-+-+-+-+-+-+
|3|0|0|0|2|0|0|8|1|
+-+-+-+-+-+-+-+-+-+
|0|2|0|0|0|1|0|0|0|
+-+-+-+-+-+-+-+-+-+
|0|0|0|0|6|0|7|0|5|
+-+-+-+-+-+-+-+-+-+
|0|4|0|0|0|0|8|0|3|
+-+-+-+-+-+-+-+-+-+
|0|5|0|8|0|3|0|4|7|
+-+-+-+-+-+-+-+-+-+
|0|0|0|0|0|0|0|5|0|
+-+-+-+-+-+-+-+-+-+
|0|0|0|5|0|0|1|0|6|
+-+-+-+-+-+-+-+-+-+
|0|0|0|1|3|0|0|7|0|
+-+-+-+-+-+-+-+-+-+
|0|0|6|0|0|0|5|9|0|
+-+-+-+-+-+-+-+-+-+
Error!
+-+-+-+-+-+-+-+-+-+
|3|0|0|0|2|0|0|8|1|
+-+-+-+-+-+-+-+-+-+
|0|2|0|0|0|1|0|0|0|
+-+-+-+-+-+-+-+-+-+
|0|0|0|0|6|0|7|0|5|
+-+-+-+-+-+-+-+-+-+
|0|4|0|0|0|0|8|0|3|
+-+-+-+-+-+-+-+-+-+
|0|5|0|8|0|3|0|4|7|
+-+-+-+-+-+-+-+-+-+
|0|0|0|0|0|0|0|5|0|
+-+-+-+-+-+-+-+-+-+
|0|0|0|5|0|0|1|0|6|
+-+-+-+-+-+-+-+-+-+
|0|0|0|1|3|0|0|7|0|
+-+-+-+-+-+-+-+-+-+
|0|0|6|0|0|0|5|9|0|
+-+-+-+-+-+-+-+-+-+
OK!
+-+-+-+-+-+-+-+-+-+
|3|0|0|0|2|0|0|8|1|
+-+-+-+-+-+-+-+-+-+
|0|2|0|0|0|1|0|0|0|
+-+-+-+-+-+-+-+-+-+
|0|0|0|0|6|0|7|0|5|
+-+-+-+-+-+-+-+-+-+
|0|4|0|0|1|0|8|0|3|
+-+-+-+-+-+-+-+-+-+
|0|5|0|8|0|3|0|4|7|
+-+-+-+-+-+-+-+-+-+
|0|0|0|0|0|0|0|5|0|
+-+-+-+-+-+-+-+-+-+
|0|0|0|5|0|0|1|0|6|
+-+-+-+-+-+-+-+-+-+
|0|0|0|1|3|0|0|7|0|
+-+-+-+-+-+-+-+-+-+
|0|0|6|0|0|0|5|9|0|
+-+-+-+-+-+-+-+-+-+
OK!
+-+-+-+-+-+-+-+-+-+
|3|0|0|0|2|0|0|8|1|
+-+-+-+-+-+-+-+-+-+
|0|2|0|0|0|1|0|0|0|
+-+-+-+-+-+-+-+-+-+
|0|0|0|0|6|0|7|0|5|
+-+-+-+-+-+-+-+-+-+
|0|4|0|0|0|0|8|0|3|
+-+-+-+-+-+-+-+-+-+
|0|5|0|8|0|3|0|4|7|
+-+-+-+-+-+-+-+-+-+
|0|0|0|0|0|0|0|5|0|
+-+-+-+-+-+-+-+-+-+
|0|0|0|5|0|0|1|0|6|
+-+-+-+-+-+-+-+-+-+
|0|0|0|1|3|0|0|7|0|
+-+-+-+-+-+-+-+-+-+
|0|0|6|0|0|0|5|9|0|
+-+-+-+-+-+-+-+-+-+
Error:row!
+-+-+-+-+-+-+-+-+-+
|3|0|0|0|2|0|0|8|1|
+-+-+-+-+-+-+-+-+-+
|0|2|0|0|0|1|0|0|0|
+-+-+-+-+-+-+-+-+-+
|0|0|0|0|6|0|7|0|5|
+-+-+-+-+-+-+-+-+-+
|0|4|0|0|0|0|8|0|3|
+-+-+-+-+-+-+-+-+-+
|0|5|0|8|0|3|0|4|7|
+-+-+-+-+-+-+-+-+-+
|0|0|0|0|0|0|0|5|0|
+-+-+-+-+-+-+-+-+-+
|0|0|0|5|0|0|1|0|6|
+-+-+-+-+-+-+-+-+-+
|0|0|0|1|3|0|0|7|0|
+-+-+-+-+-+-+-+-+-+
|0|0|6|0|0|0|5|9|0|
+-+-+-+-+-+-+-+-+-+
Error!
+-+-+-+-+-+-+-+-+-+
|3|0|0|0|2|0|0|8|1|
+-+-+-+-+-+-+-+-+-+
|0|2|0|0|0|1|0|0|0|
+-+-+-+-+-+-+-+-+-+
|0|0|0|0|6|0|7|0|5|
+-+-+-+-+-+-+-+-+-+
|0|4|0|0|0|0|8|0|3|
+-+-+-+-+-+-+-+-+-+
|0|5|0|8|0|3|0|4|7|
+-+-+-+-+-+-+-+-+-+
|0|0|0|0|0|0|0|5|0|
+-+-+-+-+-+-+-+-+-+
|0|0|0|5|0|0|1|0|6|
+-+-+-+-+-+-+-+-+-+
|0|0|0|1|3|0|0|7|0|
+-+-+-+-+-+-+-+-+-+
|0|0|6|0|0|0|5|9|0|
+-+-+-+-+-+-+-+-+-+
Error:column!
+-+-+-+-+-+-+-+-+-+
|3|0|0|0|2|0|0|8|1|
+-+-+-+-+-+-+-+-+-+
|0|2|0|0|0|1|0|0|0|
+-+-+-+-+-+-+-+-+-+
|0|0|0|0|6|0|7|0|5|
+-+-+-+-+-+-+-+-+-+
|0|4|0|0|0|0|8|0|3|
+-+-+-+-+-+-+-+-+-+
|0|5|0|8|0|3|0|4|7|
+-+-+-+-+-+-+-+-+-+
|0|0|0|0|0|0|0|5|0|
+-+-+-+-+-+-+-+-+-+
|0|0|0|5|0|0|1|0|6|
+-+-+-+-+-+-+-+-+-+
|0|0|0|1|3|0|0|7|0|
+-+-+-+-+-+-+-+-+-+
|0|0|6|0|0|0|5|9|0|
+-+-+-+-+-+-+-+-+-+
Error!
+-+-+-+-+-+-+-+-+-+
|3|0|0|0|2|0|0|8|1|
+-+-+-+-+-+-+-+-+-+
|0|2|0|0|0|1|0|0|0|
+-+-+-+-+-+-+-+-+-+
|0|0|0|0|6|0|7|0|5|
+-+-+-+-+-+-+-+-+-+
|0|4|0|0|0|0|8|0|3|
+-+-+-+-+-+-+-+-+-+
|0|5|0|8|0|3|0|4|7|
+-+-+-+-+-+-+-+-+-+
|0|0|0|0|0|0|0|5|0|
+-+-+-+-+-+-+-+-+-+
|0|0|0|5|0|0|1|0|6|
+-+-+-+-+-+-+-+-+-+
|0|0|0|1|3|0|0|7|0|
+-+-+-+-+-+-+-+-+-+
|0|0|6|0|0|0|5|9|0|
+-+-+-+-+-+-+-+-+-+
Error!
+-+-+-+-+-+-+-+-+-+
|3|0|0|0|2|0|0|8|1|
+-+-+-+-+-+-+-+-+-+
|0|2|0|0|0|1|0|0|0|
+-+-+-+-+-+-+-+-+-+
|0|0|0|0|6|0|7|0|5|
+-+-+-+-+-+-+-+-+-+
|0|4|0|0|0|0|8|0|3|
+-+-+-+-+-+-+-+-+-+
|0|5|0|8|0|3|0|4|7|
+-+-+-+-+-+-+-+-+-+
|0|0|0|0|0|0|0|5|0|
+-+-+-+-+-+-+-+-+-+
|0|0|0|5|0|0|1|0|6|
+-+-+-+-+-+-+-+-+-+
|0|0|0|1|3|0|0|7|0|
+-+-+-+-+-+-+-+-+-+
|0|0|6|0|0|0|5|9|0|
+-+-+-+-+-+-+-+-+-+
OK!
+-+-+-+-+-+-+-+-+-+
|3|0|0|0|2|0|0|8|1|
+-+-+-+-+-+-+-+-+-+
|0|2|0|0|0|1|0|0|0|
+-+-+-+-+-+-+-+-+-+
|0|0|0|0|6|0|7|0|5|
+-+-+-+-+-+-+-+-+-+
|0|4|0|0|0|0|8|0|3|
+-+-+-+-+-+-+-+-+-+
|0|5|0|8|0|3|0|4|7|
+-+-+-+-+-+-+-+-+-+
|0|0|0|0|0|0|0|5|0|
+-+-+-+-+-+-+-+-+-+
|0|0|0|5|0|0|1|0|6|
+-+-+-+-+-+-+-+-+-+
|0|0|0|1|0|0|0|7|0|
+-+-+-+-+-+-+-+-+-+
|0|0|6|0|0|0|5|9|0|
+-+-+-+-+-+-+-+-+-+
Error:square!
+-+-+-+-+-+-+-+-+-+
|3|0|0|0|2|0|0|8|1|
+-+-+-+-+-+-+-+-+-+
|0|2|0|0|0|1|0|0|0|
+-+-+-+-+-+-+-+-+-+
|0|0|0|0|6|0|7|0|5|
+-+-+-+-+-+-+-+-+-+
|0|4|0|0|0|0|8|0|3|
+-+-+-+-+-+-+-+-+-+
|0|5|0|8|0|3|0|4|7|
+-+-+-+-+-+-+-+-+-+
|0|0|0|0|0|0|0|5|0|
+-+-+-+-+-+-+-+-+-+
|0|0|0|5|0|0|1|0|6|
+-+-+-+-+-+-+-+-+-+
|0|0|0|1|0|0|0|7|0|
+-+-+-+-+-+-+-+-+-+
|0|0|6|0|0|0|5|9|0|
+-+-+-+-+-+-+-+-+-+
Error!
+-+-+-+-+-+-+-+-+-+
|3|0|0|0|2|0|0|8|1|
+-+-+-+-+-+-+-+-+-+
|0|2|0|0|0|1|0|0|0|
+-+-+-+-+-+-+-+-+-+
|0|0|0|0|6|0|7|0|5|
+-+-+-+-+-+-+-+-+-+
|0|4|0|0|0|0|8|0|3|
+-+-+-+-+-+-+-+-+-+
|0|5|0|8|0|3|0|4|7|
+-+-+-+-+-+-+-+-+-+
|0|0|0|0|0|0|0|5|0|
+-+-+-+-+-+-+-+-+-+
|0|0|0|5|0|0|1|0|6|
+-+-+-+-+-+-+-+-+-+
|0|0|0|1|0|0|0|7|0|
+-+-+-+-+-+-+-+-+-+
|0|0|6|0|0|0|5|9|0|
+-+-+-+-+-+-+-+-+-+
