+-+-+-+-+-+-+-+-+-+
|0|0|0|0|7|3|0|6|0|
+-+-+-+-+-+-+-+-+-+
|0|0|3|9|6|0|0|0|0|
+-+-+-+-+-+-+-+-+-+
|0|0|0|0|1|0|4|0|0|
+-+-+-+-+-+-+-+-+-+
|0|0|4|0|0|0|0|8|0|
+-+-+-+-+-+-+-+-+-+
|0|0|0|0|0|0|1|2|0|
+-+-+-+-+-+-+-+-+-+
|6|8|5|0|0|4|7|3|9|
+-+-+-+-+-+-+-+-+-+
|2|4|7|3|9|0|0|5|0|
+-+-+-+-+-+-+-+-+-+
|3|0|6|0|0|1|0|0|0|
+-+-+-+-+-+-+-+-+-+
|0|5|1|0|0|0|0|0|6|
+-+-+-+-+-+-+-+-+-+
Error:row!
31 0
+-+-+-+-+-+-+-+-+-+
|0|0|0|0|7|3|0|6|0|
+-+-+-+-+-+-+-+-+-+
|0|0|3|9|6|0|0|0|0|
+-+-+-+-+-+-+-+-+-+
|0|0|0|0|1|0|4|0|0|
+-+-+-+-+-+-+-+-+-+
|0|0|4|0|0|0|0|8|0|
+-+-+-+-+-+-+-+-+-+
|0|0|0|0|0|0|1|2|0|
+-+-+-+-+-+-+-+-+-+
|6|8|5|0|0|4|7|3|9|
+-+-+-+-+-+-+-+-+-+
|2|4|7|3|9|0|0|5|0|
+-+-+-+-+-+-+-+-+-+
|3|0|6|0|0|1|0|0|0|
+-+-+-+-+-+-+-+-+-+
|0|5|1|0|0|0|0|0|6|
+-+-+-+-+-+-+-+-+-+
Error!
31 0
+-+-+-+-+-+-+-+-+-+
|0|0|0|0|7|3|0|6|0|
+-+-+-+-+-+-+-+-+-+
|0|0|3|9|6|0|0|0|0|
+-+-+-+-+-+-+-+-+-+
|0|0|0|0|1|0|4|0|0|
+-+-+-+-+-+-+-+-+-+
|0|0|4|0|0|0|0|8|0|
+-+-+-+-+-+-+-+-+-+
|0|0|0|0|0|0|1|2|0|
+-+-+-+-+-+-+-+-+-+
|6|8|5|0|0|4|7|3|9|
+-+-+-+-+-+-+-+-+-+
|2|4|7|3|9|0|0|5|0|
+-+-+-+-+-+-+-+-+-+
|3|0|6|0|0|1|0|0|0|
+-+-+-+-+-+-+-+-+-+
|0|5|1|0|0|0|0|0|6|
+-+-+-+-+-+-+-+-+-+
OK!
31 0
+-+-+-+-+-+-+-+-+-+
|0|0|0|0|7|3|0|6|0|
+-+-+-+-+-+-+-+-+-+
|0|0|3|9|6|0|0|0|0|
+-+-+-+-+-+-+-+-+-+
|0|0|0|0|1|0|4|0|0|
+-+-+-+-+-+-+-+-+-+
|0|0|4|0|0|0|0|8|0|
+-+-+-+-+-+-+-+-+-+
|0|0|0|0|0|0|1|2|0|
+-+-+-+-+-+-+-+-+-+
|6|8|5|0|0|4|7|3|9|
+-+-+-+-+-+-+-+-+-+
|2|4|7|3|9|0|0|5|0|
+-+-+-+-+-+-+-+-+-+
|3|0|6|0|0|1|0|0|0|
+-+-+-+-+-+-+-+-+-+
|0|5|1|0|0|0|0|0|6|
+-+-+-+-+-+-+-+-+-+
Error!
31 0
+-+-+-+-+-+-+-+-+-+
|0|0|0|0|7|3|0|6|0|
+-+-+-+-+-+-+-+-+-+
|0|0|3|9|6|0|0|0|0|
+-+-+-+-+-+-+-+-+-+
|0|0|0|0|1|0|4|0|0|
+-+-+-+-+-+-+-+-+-+
|0|0|4|0|0|0|0|8|0|
+-+-+-+-+-+-+-+-+-+
|0|0|0|0|0|0|1|2|0|
+-+-+-+-+-+-+-+-+-+
|6|8|5|0|0|4|7|3|9|
+-+-+-+-+-+-+-+-+-+
|2|4|7|3|9|0|0|5|0|
+-+-+-+-+-+-+-+-+-+
|3|0|6|0|0|1|0|0|0|
+-+-+-+-+-+-+-+-+-+
|0|5|1|0|0|0|0|0|6|
+-+-+-+-+-+-+-+-+-+
OK!
31 0
+-+-+-+-+-+-+-+-+-+
|0|0|0|0|7|3|0|6|0|
+-+-+-+-+-+-+-+-+-+
|0|0|3|9|6|0|0|0|0|
+-+-+-+-+-+-+-+-+-+
|0|0|0|0|1|0|4|0|0|
+-+-+-+-+-+-+-+-+-+
|0|0|4|0|0|0|0|8|0|
+-+-+-+-+-+-+-+-+-+
|0|0|0|0|0|0|1|2|0|
+-+-+-+-+-+-+-+-+-+
|6|8|5|0|0|4|7|3|9|
+-+-+-+-+-+-+-+-+-+
|2|4|7|3|9|0|0|5|0|
+-+-+-+-+-+-+-+-+-+
|3|0|6|0|0|1|0|0|0|
+-+-+-+-+-+-+-+-+-+
|0|5|1|0|0|0|0|0|6|
+-+-+-+-+-+-+-+-+-+
Error!
31 1
+-+-+-+-+-+-+-+-+-+
|0|0|0|0|7|3|0|6|0|
+-+-+-+-+-+-+-+-+-+
|0|0|3|9|6|0|0|0|0|
+-+-+-+-+-+-+-+-+-+
|0|0|0|0|1|0|4|0|0|
+-+-+-+-+-+-+-+-+-+
|0|7|4|0|0|0|0|8|0|
+-+-+-+-+-+-+-+-+-+
|0|0|0|0|0|0|1|2|0|
+-+-+-+-+-+-+-+-+-+
|6|8|5|0|0|4|7|3|9|
+-+-+-+-+-+-+-+-+-+
|2|4|7|3|9|0|0|5|0|
+-+-+-+-+-+-+-+-+-+
|3|0|6|0|0|1|0|0|0|
+-+-+-+-+-+-+-+-+-+
|0|5|1|0|0|0|0|0|6|
+-+-+-+-+-+-+-+-+-+
Error:row!
31 0
+-+-+-+-+-+-+-+-+-+
|0|0|0|0|7|3|0|6|0|
+-+-+-+-+-+-+-+-+-+
|0|0|3|9|6|0|0|0|0|
+-+-+-+-+-+-+-+-+-+
|0|0|0|0|1|0|4|0|0|
+-+-+-+-+-+-+-+-+-+
|0|0|4|0|0|0|0|8|0|
+-+-+-+-+-+-+-+-+-+
|0|0|0|0|0|0|1|2|0|
+-+-+-+-+-+-+-+-+-+
|6|8|5|0|0|4|7|3|9|
+-+-+-+-+-+-+-+-+-+
|2|4|7|3|9|0|0|5|0|
+-+-+-+-+-+-+-+-+-+
|3|0|6|0|0|1|0|0|0|
+-+-+-+-+-+-+-+-+-+
|0|5|1|0|0|0|0|0|6|
+-+-+-+-+-+-+-+-+-+
Error:square!
31 0
+-+-+-+-+-+-+-+-+-+
|0|0|0|0|7|3|0|6|0|
+-+-+-+-+-+-+-+-+-+
|0|0|3|9|6|0|0|0|0|
+-+-+-+-+-+-+-+-+-+
|0|0|0|0|1|0|4|0|0|
+-+-+-+-+-+-+-+-+-+
|0|0|4|0|0|0|0|8|0|
+-+-+-+-+-+-+-+-+-+
|0|0|0|0|0|0|1|2|0|
+-+-+-+-+-+-+-+-+-+
|6|8|5|0|0|4|7|3|9|
+-+-+-+-+-+-+-+-+-+
|2|4|7|3|9|0|0|5|0|
+-+-+-+-+-+-+-+-+-+
|3|0|6|0|0|1|0|0|0|
+-+-+-+-+-+-+-+-+-+
|0|5|1|0|0|0|0|0|6|
+-+-+-+-+-+-+-+-+-+
OK!
31 0
+-+-+-+-+-+-+-+-+-+
|0|0|0|0|7|3|0|6|0|
+-+-+-+-+-+-+-+-+-+
|0|0|3|9|6|0|0|0|0|
+-+-+-+-+-+-+-+-+-+
|0|0|0|0|1|0|4|0|0|
+-+-+-+-+-+-+-+-+-+
|0|0|4|0|0|0|0|8|0|
+-+-+-+-+-+-+-+-+-+
|0|0|0|0|0|0|1|2|0|
+-+-+-+-+-+-+-+-+-+
|6|8|5|0|0|4|7|3|9|
+-+-+-+-+-+-+-+-+-+
|2|4|7|3|9|0|0|5|0|
+-+-+-+-+-+-+-+-+-+
|3|0|6|0|0|1|0|0|0|
+-+-+-+-+-+-+-+-+-+
|0|5|1|0|0|0|0|0|6|
+-+-+-+-+-+-+-+-+-+
Error!
31 0
+-+-+-+-+-+-+-+-+-+
|0|0|0|0|7|3|0|6|0|
+-+-+-+-+-+-+-+-+-+
|0|0|3|9|6|0|0|0|0|
+-+-+-+-+-+-+-+-+-+
|0|0|0|0|1|0|4|0|0|
+-+-+-+-+-+-+-+-+-+
|0|0|4|0|0|0|0|8|0|
+-+-+-+-+-+-+-+-+-+
|0|0|0|0|0|0|1|2|0|
+-+-+-+-+-+-+-+-+-+
|6|8|5|0|0|4|7|3|9|
+-+-+-+-+-+-+-+-+-+
|2|4|7|3|9|0|0|5|0|
+-+-+-+-+-+-+-+-+-+
|3|0|6|0|0|1|0|0|0|
+-+-+-+-+-+-+-+-+-+
|0|5|1|0|0|0|0|0|6|
+-+-+-+-+-+-+-+-+-+
Error!
30 1
+-+-+-+-+-+-+-+-+-+
|0|0|0|0|7|3|0|6|0|
+-+-+-+-+-+-+-+-+-+
|0|0|3|9|6|0|0|0|0|
+-+-+-+-+-+-+-+-+-+
|0|0|0|0|1|0|4|0|0|
+-+-+-+-+-+-+-+-+-+
|0|0|4|0|0|0|0|8|0|
+-+-+-+-+-+-+-+-+-+
|0|0|0|0|0|0|1|2|0|
+-+-+-+-+-+-+-+-+-+
|6|8|5|0|0|4|7|3|9|
+-+-+-+-+-+-+-+-+-+
|2|4|7|3|9|0|0|5|0|
+-+-+-+-+-+-+-+-+-+
|3|0|6|0|0|1|0|0|0|
+-+-+-+-+-+-+-+-+-+
|0|5|1|0|0|0|0|0|6|
+-+-+-+-+-+-+-+-+-+
Error!
31 0
+-+-+-+-+-+-+-+-+-+
|0|0|0|0|7|3|0|6|0|
+-+-+-+-+-+-+-+-+-+
|0|0|3|9|6|0|0|0|0|
+-+-+-+-+-+-+-+-+-+
|0|0|0|0|1|0|4|0|0|
+-+-+-+-+-+-+-+-+-+
|0|0|4|0|0|0|0|8|0|
+-+-+-+-+-+-+-+-+-+
|0|0|0|0|0|0|1|2|0|
+-+-+-+-+-+-+-+-+-+
|6|8|5|0|0|4|7|3|9|
+-+-+-+-+-+-+-+-+-+
|2|4|7|3|9|0|0|5|0|
+-+-+-+-+-+-+-+-+-+
|3|0|6|0|0|1|0|0|0|
+-+-+-+-+-+-+-+-+-+
|0|5|1|0|0|0|0|0|6|
+-+-+-+-+-+-+-+-+-+
Error!
31 1
+-+-+-+-+-+-+-+-+-+
|0|0|0|0|7|3|0|6|0|
+-+-+-+-+-+-+-+-+-+
|0|0|3|9|6|0|0|0|0|
+-+-+-+-+-+-+-+-+-+
|0|0|0|0|1|0|4|0|0|
+-+-+-+-+-+-+-+-+-+
|0|7|4|0|0|0|0|8|0|
+-+-+-+-+-+-+-+-+-+
|0|0|0|0|0|0|1|2|0|
+-+-+-+-+-+-+-+-+-+
|6|8|5|0|0|4|7|3|9|
+-+-+-+-+-+-+-+-+-+
|2|4|7|3|9|0|0|5|0|
+-+-+-+-+-+-+-+-+-+
|3|0|6|0|0|1|0|0|0|
+-+-+-+-+-+-+-+-+-+
|0|5|1|0|0|0|0|0|6|
+-+-+-+-+-+-+-+-+-+
Error!
31 0
+-+-+-+-+-+-+-+-+-+
|0|0|0|0|7|3|0|6|0|
+-+-+-+-+-+-+-+-+-+
|0|0|3|9|6|0|0|0|0|
+-+-+-+-+-+-+-+-+-+
|0|0|0|0|1|0|4|0|0|
+-+-+-+-+-+-+-+-+-+
|0|0|4|0|0|0|0|8|0|
+-+-+-+-+-+-+-+-+-+
|0|0|0|0|0|0|1|2|0|
+-+-+-+-+-+-+-+-+-+
|6|8|5|0|0|4|7|3|9|
+-+-+-+-+-+-+-+-+-+
|2|4|7|3|9|0|0|5|0|
+-+-+-+-+-+-+-+-+-+
|3|0|6|0|0|1|0|0|0|
+-+-+-+-+-+-+-+-+-+
|0|5|1|0|0|0|0|0|6|
+-+-+-+-+-+-+-+-+-+
Error!
31 0
+-+-+-+-+-+-+-+-+-+
|0|0|0|0|7|3|0|6|0|
+-+-+-+-+-+-+-+-+-+
|0|0|3|9|6|0|0|0|0|
+-+-+-+-+-+-+-+-+-+
|0|0|0|0|1|0|4|0|0|
+-+-+-+-+-+-+-+-+-+
|0|0|4|0|0|0|0|8|0|
+-+-+-+-+-+-+-+-+-+
|0|0|0|0|0|0|1|2|0|
+-+-+-+-+-+-+-+-+-+
|6|8|5|0|0|4|7|3|9|
+-+-+-+-+-+-+-+-+-+
|2|4|7|3|9|0|0|5|0|
+-+-+-+-+-+-+-+-+-+
|3|0|6|0|0|1|0|0|0|
+-+-+-+-+-+-+-+-+-+
|0|5|1|0|0|0|0|0|6|
+-+-+-+-+-+-+-+-+-+
Error!
31 0
+-+-+-+-+-+-+-+-+-+
|0|0|0|0|7|3|0|6|0|
+-+-+-+-+-+-+-+-+-+
|0|0|3|9|6|0|0|0|0|
+-+-+-+-+-+-+-+-+-+
|0|0|0|0|1|0|4|0|0|
+-+-+-+-+-+-+-+-+-+
|0|0|4|0|0|0|0|8|0|
+-+-+-+-+-+-+-+-+-+
|0|0|0|0|0|0|1|2|0|
+-+-+-+-+-+-+-+-+-+
|6|8|5|0|0|4|7|3|9|
+-+-+-+-+-+-+-+-+-+
|2|4|7|3|9|0|0|5|0|
+-+-+-+-+-+-+-+-+-+
|3|0|6|0|0|1|0|0|0|
+-+-+-+-+-+-+-+-+-+
|0|5|1|0|0|0|0|0|6|
+-+-+-+-+-+-+-+-+-+
Error!
32 0
+-+-+-+-+-+-+-+-+-+
|0|0|0|0|7|3|0|6|0|
+-+-+-+-+-+-+-+-+-+
|0|0|3|9|6|0|0|0|0|
+-+-+-+-+-+-+-+-+-+
|0|0|0|0|1|0|4|0|0|
+-+-+-+-+-+-+-+-+-+
|0|7|4|0|0|0|0|8|0|
+-+-+-+-+-+-+-+-+-+
|0|0|0|0|0|0|1|2|0|
+-+-+-+-+-+-+-+-+-+
|6|8|5|0|0|4|7|3|9|
+-+-+-+-+-+-+-+-+-+
|2|4|7|3|9|0|0|5|0|
+-+-+-+-+-+-+-+-+-+
|3|0|6|0|0|1|0|0|0|
+-+-+-+-+-+-+-+-+-+
|0|5|1|0|0|0|0|0|6|
+-+-+-+-+-+-+-+-+-+
OK!
31 0
+-+-+-+-+-+-+-+-+-+
|0|0|0|0|7|3|0|6|0|
+-+-+-+-+-+-+-+-+-+
|0|0|3|9|6|0|0|0|0|
+-+-+-+-+-+-+-+-+-+
|0|0|0|0|1|0|4|0|0|
+-+-+-+-+-+-+-+-+-+
|0|0|4|0|0|0|0|8|0|
+-+-+-+-+-+-+-+-+-+
|0|0|0|0|0|0|1|2|0|
+-+-+-+-+-+-+-+-+-+
|6|8|5|0|0|4|7|3|9|
+-+-+-+-+-+-+-+-+-+
|2|4|7|3|9|0|0|5|0|
+-+-+-+-+-+-+-+-+-+
|3|0|6|0|0|1|0|0|0|
+-+-+-+-+-+-+-+-+-+
|0|5|1|0|0|0|0|0|6|
+-+-+-+-+-+-+-+-+-+
Error!
31 0
+-+-+-+-+-+-+-+-+-+
|0|0|0|0|7|3|0|6|0|
+-+-+-+-+-+-+-+-+-+
|0|0|3|9|6|0|0|0|0|
+-+-+-+-+-+-+-+-+-+
|0|0|0|0|1|0|4|0|0|
+-+-+-+-+-+-+-+-+-+
|0|0|4|0|0|0|0|8|0|
+-+-+-+-+-+-+-+-+-+
|0|0|0|0|0|0|1|2|0|
+-+-+-+-+-+-+-+-+-+
|6|8|5|0|0|4|7|3|9|
+-+-+-+-+-+-+-+-+-+
|2|4|7|3|9|0|0|5|0|
+-+-+-+-+-+-+-+-+-+
|3|0|6|0|0|1|0|0|0|
+-+-+-+-+-+-+-+-+-+
|0|5|1|0|0|0|0|0|6|
+-+-+-+-+-+-+-+-+-+
Error:row!
31 0
+-+-+-+-+-+-+-+-+-+
|0|0|0|0|7|3|0|6|0|
+-+-+-+-+-+-+-+-+-+
|0|0|3|9|6|0|0|0|0|
+-+-+-+-+-+-+-+-+-+
|0|0|0|0|1|0|4|0|0|
+-+-+-+-+-+-+-+-+-+
|0|0|4|0|0|0|0|8|0|
+-+-+-+-+-+-+-+-+-+
|0|0|0|0|0|0|1|2|0|
+-+-+-+-+-+-+-+-+-+
|6|8|5|0|0|4|7|3|9|
+-+-+-+-+-+-+-+-+-+
|2|4|7|3|9|0|0|5|0|
+-+-+-+-+-+-+-+-+-+
|3|0|6|0|0|1|0|0|0|
+-+-+-+-+-+-+-+-+-+
|0|5|1|0|0|0|0|0|6|
+-+-+-+-+-+-+-+-+-+
OK!
31 0
+-+-+-+-+-+-+-+-+-+
|0|0|0|0|7|3|0|6|0|
+-+-+-+-+-+-+-+-+-+
|0|0|3|9|6|0|0|0|0|
+-+-+-+-+-+-+-+-+-+
|0|0|0|0|1|0|4|0|0|
+-+-+-+-+-+-+-+-+-+
|0|0|4|0|0|0|0|8|0|
+-+-+-+-+-+-+-+-+-+
|0|0|0|0|0|0|1|2|0|
+-+-+-+-+-+-+-+-+-+
|6|8|5|0|0|4|7|3|9|
+-+-+-+-+-+-+-+-+-+
|2|4|7|3|9|0|0|5|0|
+-+-+-+-+-+-+-+-+-+
|3|0|6|0|0|1|0|0|0|
+-+-+-+-+-+-+-+-+-+
|0|5|1|0|0|0|0|0|6|
+-+-+-+-+-+-+-+-+-+
Error!
31 0
+-+-+-+-+-+-+-+-+-+
|0|0|0|0|7|3|0|6|0|
+-+-+-+-+-+-+-+-+-+
|0|0|3|9|6|0|0|0|0|
+-+-+-+-+-+-+-+-+-+
|0|0|0|0|1|0|4|0|0|
+-+-+-+-+-+-+-+-+-+
|0|0|4|0|0|0|0|8|0|
+-+-+-+-+-+-+-+-+-+
|0|0|0|0|0|0|1|2|0|
+-+-+-+-+-+-+-+-+-+
|6|8|5|0|0|4|7|3|9|
+-+-+-+-+-+-+-+-+-+
|2|4|7|3|9|0|0|5|0|
+-+-+-+-+-+-+-+-+-+
|3|0|6|0|0|1|0|0|0|
+-+-+-+-+-+-+-+-+-+
|0|5|1|0|0|0|0|0|6|
+-+-+-+-+-+-+-+-+-+
Error!
31 0
+-+-+-+-+-+-+-+-+-+
|0|0|0|0|7|3|0|6|0|
+-+-+-+-+-+-+-+-+-+
|0|0|3|9|6|0|0|0|0|
+-+-+-+-+-+-+-+-+-+
|0|0|0|0|1|0|4|0|0|
+-+-+-+-+-+-+-+-+-+
|0|0|4|0|0|0|0|8|0|
+-+-+-+-+-+-+-+-+-+
|0|0|0|0|0|0|1|2|0|
+-+-+-+-+-+-+-+-+-+
|6|8|5|0|0|4|7|3|9|
+-+-+-+-+-+-+-+-+-+
|2|4|7|3|9|0|0|5|0|
+-+-+-+-+-+-+-+-+-+
|3|0|6|0|0|1|0|0|0|
+-+-+-+-+-+-+-+-+-+
|0|5|1|0|0|0|0|0|6|
+-+-+-+-+-+-+-+-+-+
Error!
31 0
+-+-+-+-+-+-+-+-+-+
|0|0|0|0|7|3|0|6|0|
+-+-+-+-+-+-+-+-+-+
|0|0|3|9|6|0|0|0|0|
+-+-+-+-+-+-+-+-+-+
|0|0|0|0|1|0|4|0|0|
+-+-+-+-+-+-+-+-+-+
|0|0|4|0|0|0|0|8|0|
+-+-+-+-+-+-+-+-+-+
|0|0|0|0|0|0|1|2|0|
+-+-+-+-+-+-+-+-+-+
|6|8|5|0|0|4|7|3|9|
+-+-+-+-+-+-+-+-+-+
|2|4|7|3|9|0|0|5|0|
+-+-+-+-+-+-+-+-+-+
|3|0|6|0|0|1|0|0|0|
+-+-+-+-+-+-+-+-+-+
|0|5|1|0|0|0|0|0|6|
+-+-+-+-+-+-+-+-+-+
OK!
31 0
+-+-+-+-+-+-+-+-+-+
|0|0|0|0|7|3|0|6|0|
+-+-+-+-+-+-+-+-+-+
|0|0|3|9|6|0|0|0|0|
+-+-+-+-+-+-+-+-+-+
|0|0|0|0|1|0|4|0|0|
+-+-+-+-+-+-+-+-+-+
|0|0|4|0|0|0|0|8|0|
+-+-+-+-+-+-+-+-+-+
|0|0|0|0|0|0|1|2|0|
+-+-+-+-+-+-+-+-+-+
|6|8|5|0|0|4|7|3|9|
+-+-+-+-+-+-+-+-+-+
|2|4|7|3|9|0|0|5|0|
+-+-+-+-+-+-+-+-+-+
|3|0|6|0|0|1|0|0|0|
+-+-+-+-+-+-+-+-+-+
|0|5|1|0|0|0|0|0|6|
+-+-+-+-+-+-+-+-+-+
Error:square!
31 1
+-+-+-+-+-+-+-+-+-+
|0|0|0|0|7|3|0|6|0|
+-+-+-+-+-+-+-+-+-+
|0|0|3|9|6|0|0|0|0|
+-+-+-+-+-+-+-+-+-+
|0|0|0|0|1|0|4|0|0|
+-+-+-+-+-+-+-+-+-+
|0|7|4|0|0|0|0|8|0|
+-+-+-+-+-+-+-+-+-+
|0|0|0|0|0|0|1|2|0|
+-+-+-+-+-+-+-+-+-+
|6|8|5|0|0|4|7|3|9|
+-+-+-+-+-+-+-+-+-+
|2|4|7|3|9|0|0|5|0|
+-+-+-+-+-+-+-+-+-+
|3|0|6|0|0|1|0|0|0|
+-+-+-+-+-+-+-+-+-+
|0|5|1|0|0|0|0|0|6|
+-+-+-+-+-+-+-+-+-+
Error:column!
31 0
+-+-+-+-+-+-+-+-+-+
|0|0|0|0|7|3|0|6|0|
+-+-+-+-+-+-+-+-+-+
|0|0|3|9|6|0|0|0|0|
+-+-+-+-+-+-+-+-+-+
|0|0|0|0|1|0|4|0|0|
+-+-+-+-+-+-+-+-+-+
|0|0|4|0|0|0|0|8|0|
+-+-+-+-+-+-+-+-+-+
|0|0|0|0|0|0|1|2|0|
+-+-+-+-+-+-+-+-+-+
|6|8|5|0|0|4|7|3|9|
+-+-+-+-+-+-+-+-+-+
|2|4|7|3|9|0|0|5|0|
+-+-+-+-+-+-+-+-+-+
|3|0|6|0|0|1|0|0|0|
+-+-+-+-+-+-+-+-+-+
|0|5|1|0|0|0|0|0|6|
+-+-+-+-+-+-+-+-+-+
OK!
31 0
+-+-+-+-+-+-+-+-+-+
|0|0|0|0|7|3|0|6|0|
+-+-+-+-+-+-+-+-+-+
|0|0|3|9|6|0|0|0|0|
+-+-+-+-+-+-+-+-+-+
|0|0|0|0|1|0|4|0|0|
+-+-+-+-+-+-+-+-+-+
|0|0|4|0|0|0|0|8|0|
+-+-+-+-+-+-+-+-+-+
|0|0|0|0|0|0|1|2|0|
+-+-+-+-+-+-+-+-+-+
|6|8|5|0|0|4|7|3|9|
+-+-+-+-+-+-+-+-+-+
|2|4|7|3|9|0|0|5|0|
+-+-+-+-+-+-+-+-+-+
|3|0|6|0|0|1|0|0|0|
+-+-+-+-+-+-+-+-+-+
|0|5|1|0|0|0|0|0|6|
+-+-+-+-+-+-+-+-+-+
Error!
31 0
+-+-+-+-+-+-+-+-+-+
|0|0|0|0|7|3|0|6|0|
+-+-+-+-+-+-+-+-+-+
|0|0|3|9|6|0|0|0|0|
+-+-+-+-+-+-+-+-+-+
|0|0|0|0|1|0|4|0|0|
+-+-+-+-+-+-+-+-+-+
|0|0|4|0|0|0|0|8|0|
+-+-+-+-+-+-+-+-+-+
|0|0|0|0|0|0|1|2|0|
+-+-+-+-+-+-+-+-+-+
|6|8|5|0|0|4|7|3|9|
+-+-+-+-+-+-+-+-+-+
|2|4|7|3|9|0|0|5|0|
+-+-+-+-+-+-+-+-+-+
|3|0|6|0|0|1|0|0|0|
+-+-+-+-+-+-+-+-+-+
|0|5|1|0|0|0|0|0|6|
+-+-+-+-+-+-+-+-+-+
OK!
31 0
+-+-+-+-+-+-+-+-+-+
|0|0|0|0|7|3|0|6|0|
+-+-+-+-+-+-+-+-+-+
|0|0|3|9|6|0|0|0|0|
+-+-+-+-+-+-+-+-+-+
|0|0|0|0|1|0|4|0|0|
+-+-+-+-+-+-+-+-+-+
|0|0|4|0|0|0|0|8|0|
+-+-+-+-+-+-+-+-+-+
|0|0|0|0|0|0|1|2|0|
+-+-+-+-+-+-+-+-+-+
|6|8|5|0|0|4|7|3|9|
+-+-+-+-+-+-+-+-+-+
|2|4|7|3|9|0|0|5|0|
+-+-+-+-+-+-+-+-+-+
|3|0|6|0|0|1|0|0|0|
+-+-+-+-+-+-+-+-+-+
|0|5|1|0|0|0|0|0|6|
+-+-+-+-+-+-+-+-+-+
OK!
32 0
+-+-+-+-+-+-+-+-+-+
|0|0|0|0|7|3|0|6|0|
+-+-+-+-+-+-+-+-+-+
|0|0|3|9|6|0|0|0|0|
+-+-+-+-+-+-+-+-+-+
|0|0|0|0|1|0|4|0|0|
+-+-+-+-+-+-+-+-+-+
|0|7|4|0|0|0|0|8|0|
+-+-+-+-+-+-+-+-+-+
|0|0|0|0|0|0|1|2|0|
+-+-+-+-+-+-+-+-+-+
|6|8|5|0|0|4|7|3|9|
+-+-+-+-+-+-+-+-+-+
|2|4|7|3|9|0|0|5|0|
+-+-+-+-+-+-+-+-+-+
|3|0|6|0|0|1|0|0|0|
+-+-+-+-+-+-+-+-+-+
|0|5|1|0|0|0|0|0|6|
+-+-+-+-+-+-+-+-+-+
Error!
31 0
+-+-+-+-+-+-+-+-+-+
|0|0|0|0|7|3|0|6|0|
+-+-+-+-+-+-+-+-+-+
|0|0|3|9|6|0|0|0|0|
+-+-+-+-+-+-+-+-+-+
|0|0|0|0|1|0|4|0|0|
+-+-+-+-+-+-+-+-+-+
|0|0|4|0|0|0|0|8|0|
+-+-+-+-+-+-+-+-+-+
|0|0|0|0|0|0|1|2|0|
+-+-+-+-+-+-+-+-+-+
|6|8|5|0|0|4|7|3|9|
+-+-+-+-+-+-+-+-+-+
|2|4|7|3|9|0|0|5|0|
+-+-+-+-+-+-+-+-+-+
|3|0|6|0|0|1|0|0|0|
+-+-+-+-+-+-+-+-+-+
|0|5|1|0|0|0|0|0|6|
+-+-+-+-+-+-+-+-+-+
Error:square!
31 0
+-+-+-+-+-+-+-+-+-+
|0|0|0|0|7|3|0|6|0|
+-+-+-+-+-+-+-+-+-+
|0|0|3|9|6|0|0|0|0|
+-+-+-+-+-+-+-+-+-+
|0|0|0|0|1|0|4|0|0|
+-+-+-+-+-+-+-+-+-+
|0|0|4|0|0|0|0|8|0|
+-+-+-+-+-+-+-+-+-+
|0|0|0|0|0|0|1|2|0|
+-+-+-+-+-+-+-+-+-+
|6|8|5|0|0|4|7|3|9|
+-+-+-+-+-+-+-+-+-+
|2|4|7|3|9|0|0|5|0|
+-+-+-+-+-+-+-+-+-+
|3|0|6|0|0|1|0|0|0|
+-+-+-+-+-+-+-+-+-+
|0|5|1|0|0|0|0|0|6|
+-+-+-+-+-+-+-+-+-+
