617
952
691
877
646
468
414
359
499
633
719
599
596
1288
532
645
534
789
759
885
801
753
603
531
929
214
396
691
468
403
569
709
699
373
497
891
373
557
639
958
817
454
561
453
641
729
695
927
464
330
704
499
549
619
680
647
908
617
664
326
452
673
850
1112
744
655
858
1131
477
861
600
762
831
961
720
584
850
742
566
892
457
1045
672
664
756
321
132
459
477
760
664
846
669
434
539
812
674
879
280
487
382
255
673
605
362
539
584
183
877
820
346
860
651
853
166
236
757
141
739
694
734
623
654
548
859
570
574
645
714
445
864
433
534
286
1011
477
594
621
699
948
468
257
584
280
739
502
336
770
1238
1131
636
743
555
554
672
463
871
436
564
740
432
652
324
985
186
944
649
1054
762
325
885
739
999
955
483
519
665
457
513
641
681
430
452
893
883
841
665
610
535
377
424
1028
1111
647
660
717
278
302
442
859
508
988
464
871
800
663
452
646
528
566
848
376
479
730
559
322
541
716
828
788
706
828
683
572
760
485
545
673
355
781
545
693
576
666
784
589
432
526
457
332
819
823
711
565
720
881
391
697
944
519
760
885
227
625
425
528
870
833
573
294
670
330
902
835
917
710
748
336
492
