418
640
703
571
884
560
520
191
360
495
529
312
677
574
893
820
176
402
534
493
487
750
334
646
486
570
454
542
169
573
573
416
712
631
520
1070
750
424
637
411
509
528
514
638
269
596
490
521
400
500
572
302
546
536
733
608
696
421
517
506
589
767
728
847
817
563
995
415
370
579
710
580
480
149
659
562
315
386
490
376
327
281
280
663
478
235
796
323
135
635
488
373
420
650
296
832
748
489
710
689
611
367
382
782
613
524
738
740
1035
914
624
984
542
427
410
602
918
612
746
172
163
588
511
750
595
441
888
546
598
799
759
613
497
516
602
397
567
820
511
729
425
684
703
520
832
792
634
737
487
400
544
665
689
676
802
391
382
533
830
510
443
705
622
415
653
472
372
449
547
872
1000
733
358
762
873
730
449
445
581
493
508
589
369
212
736
967
881
201
453
457
827
474
388
683
554
772
521
407
861
836
782
343
625
402
250
838
831
394
170
988
549
531
469
577
768
418
793
565
857
503
576
713
542
263
847
502
436
208
736
797
454
833
619
503
679
521
308
440
752
491
853
397
426
437
373
807
918
371
413
701
