726
666
789
633
381
699
718
513
309
709
732
208
879
813
829
659
369
562
365
785
502
925
653
486
260
788
525
981
476
475
500
963
584
618
690
711
639
559
723
423
533
202
273
907
615
338
701
816
385
850
397
451
444
582
639
282
424
310
687
305
667
485
367
684
544
793
1023
851
648
808
733
492
777
568
937
298
955
616
599
641
704
508
668
321
505
798
708
493
335
241
814
1097
384
479
389
751
493
353
337
470
436
897
474
654
707
137
706
495
775
243
539
328
133
825
471
372
666
345
727
346
552
668
439
891
314
648
234
539
941
566
913
199
538
481
548
640
432
469
372
685
287
842
611
258
50
368
826
833
575
449
668
428
467
238
258
13
446
357
408
370
746
648
912
200
565
757
728
462
573
816
465
810
751
429
811
209
582
881
627
554
510
776
346
608
348
788
240
759
434
668
667
734
730
294
813
498
783
472
421
547
541
451
668
576
642
492
338
325
587
441
526
367
665
883
543
478
299
229
562
582
779
681
603
330
313
522
470
681
752
652
170
637
380
398
421
580
612
397
921
120
495
336
494
756
643
587
110
377
754
478
822
516
729
625
497
814
504
202
480
491
430
782
643
288
656
568
750
780
315
542
320
591
271
590
408
537
168
578
470
672
649
533
529
526
614
400
481
521
782
449
522
668
640
