350
528
510
714
705
576
515
505
555
368
529
556
660
504
799
227
652
650
489
749
382
348
556
454
263
227
477
686
408
743
507
263
570
116
758
935
711
699
499
328
220
594
368
290
723
553
243
528
574
389
660
727
525
558
344
248
680
164
742
963
550
601
144
536
284
556
676
454
390
1135
377
479
619
1024
696
719
665
867
404
398
668
469
354
627
239
433
387
475
251
622
425
599
535
502
535
487
556
229
587
611
643
485
610
614
405
697
883
455
598
754
376
632
554
591
294
619
589
358
666
550
886
644
615
252
660
381
510
179
710
369
634
558
356
619
569
547
743
458
362
783
545
611
408
473
602
472
294
278
803
418
415
367
391
456
413
247
585
315
705
101
314
549
603
837
681
439
359
590
665
381
607
638
829
665
577
736
152
830
728
279
677
650
795
435
733
357
680
503
342
419
424
822
476
726
776
725
274
732
443
598
671
