778
726
308
7
6
6
3
5
6
5
3
5
2
2
1
2
5
2
5
71
8
7
1
5
7
5
5
5
5
4
5
5
5
4
5
94
7
5
7
6
6
5
7
4
3
4
5
142
7
5
5
3
4
4
3
433
2
4
8
4
362
7
8
6
6
3
5
6
5
6
6
5
6
3
3
5
5
3
4
5
3
5
584
4
4
3
0
6
5
855
7
6
7
4
5
7
5
5
3
6
6
5
2
1
4
5
6
5
5
2
6
2
4
71
4
6
5
6
6
5
7
6
3
4
4
6
4
2
5
5
3
355
4
6
4
3
6
6
3
5
3
5
6
5
6
4
3
6
547
8
7
5
7
1
5
4
5
5
5
5
5
2
4
3
6
5
5
142
4
0
6
6
6
3
4
6
92
8
4
1
6
4
5
6
6
5
4
4
7
4
5
5
4
4
94
6
7
6
6
5
4
4
3
4
5
4
4
369
1
7
4
1
7
2
3
5
2
5
5
5
5
4
5
4
4
1
1
2
584
4
7
6
5
6
0
2
4
3
6
442
7
7
5
6
6
5
6
5
0
0
6
7
5
3
3
4
4
7
4
6
4
6
1003
5
8
4
7
0
6
0
5
4
5
4
626
6
7
1
5
6
0
4
6
0
4
5
3
0
4
442
7
8
7
6
4
5
6
4
6
7
5
3
4
6
2
6
5
5
2
3
1
4
555
7
6
6
5
6
5
4
287
2
6
1
6
6
5
5
5
3
5
142
3
3
7
2
3
4
6
110
0
5
6
6
4
2
2
3
1
6
5
4
6
6
3
5
117
4
5
3
5
925
2
6
717
8
6
2
0
5
0
5
5
6
0
6
4
6
2
0
5
2
5
4
402
7
0
6
2
0
6
5
5
1
6
6
5
0
0
2
5
1
28
2
6
855
9
5
6
4
6
6
1
1
4
6
7
1
3
5
4
6
0
4
4
5
0
4
5
626
2
6
1
2
7
4
4
6
6
6
5
5
5
5
6
855
8
3
7
7
4
3
6
7
7
2
2
5
3
5
0
5
5
1
5
4
5
4
1
142
4
5
5
7
4
1
5
2
14
7
7
6
7
0
6
5
3
4
3
4
4
0
6
4
5
730
3
4
117
0
5
3
131
5
7
2
6
2
2
5
0
717
7
4
7
2
4
5
4
7
5
0
1
4
5
5
4
5
3
1
4
442
7
8
6
5
7
4
6
5
4
5
5
0
4
4
4
5
4
5
4
3
4
4
872
3
7
7
3
4
1
5
2
4
0
6
855
9
6
3
0
4
6
5
4
3
5
4
1
5
2
5
1
0
5
4
3
0
5
2
855
4
4
8
6
7
7
5
0
4
0
7
0
0
5
4
6
6
5
5
5
4
4
3
142
2
3
7
3
2
4
6
1
5
2
626
3
7
2
7
5
2
5
7
0
6
6
6
3
4
1
5
442
8
2
7
6
5
3
4
6
5
0
0
0
4
3
3
0
4
0
3
0
0
4
28
4
5
7
5
5
1
6
3
4
71
4
8
3
3
7
7
5
4
1
6
4
5
3
5
5
369
8
3
3
5
7
6
5
6
4
4
6
5
4
3
6
1
5
0
5
3
690
5
2
5
0
6
918
7
2
5
5
6
6
671
3
5
6
402
8
2
3
7
5
5
5
4
7
3
5
0
4
0
6
2
3
206
1
6
0
2
7
6
1
6
3
6
5
5
5
2
4
4
4
4
206
5
7
7
6
4
0
6
4
2
4
1
6
4
4
5
5
6
4
552
3
206
3
4
1
5
4
5
7
6
6
6
4
3
3
5
5
5
3
71
7
6
6
4
4
6
0
6
3
5
0
4
0
369
1
7
5
6
6
2
0
4
1
5
3
6
2
3
4
2
0
6
6
0
142
0
6
1
0
0
4
0
0
5
3
0
505
7
4
0
0
4
32
8
7
1
4
2
1
0
4
3
72
3
5
7
1
6
5
2
4
0
3
855
3
4
8
2
6
7
2
7
4
5
3
6
6
0
6
3
1
1
5
4
1
4
4
94
1
5
7
7
6
2
7
2
1
4
4
0
5
6
6
3
4
142
4
4
3
5
6
6
4
717
6
1
1
0
1
3
5
8
7
6
0
0
4
5
0
5
4
4
4
402
6
2
1
5
2
4
1
5
0
0
6
5
1
4
5
0
4
4
1
717
5
7
2
1
0
6
2
3
7
1
0
3
4
5
0
3
5
3
3
584
7
1
6
5
5
4
3
4
671
7
