2094180237
1723777278
29978692049
6705367325
62560542895
6603332240
692733851
311380195103
11319983441
33569267012
289064552303
90457664481
4788835997
106784849858
17390775155
209344149432
175262880588
25151747205
48067123127
38838892325
114530584004
24430907488
290377791506
114908935840
4897048500
13231308609
3065321563
31755150908
59390429373
17672589187
2827669692
2594657792
7690428737
221269677646
30913599281
867817096
46205453280
138340717324
361107405096
217835688827
401621444
148633812724
17266380002
691513328408
4846079242
183299527087
306989200988
1467333350
35866185045
27329252099
53970553059
386401049477
31927730583
33295881043
264609935743
79067068264
124265582404
17652063886
494414015094
28867065983
219668494108
41776400049
10852722851
430180538306
101195050
1716628999
8207100
4241916999
45143375269
401417015612
21842999654
36345069708
4196113967
2248719038
36900648125
393838271495
65239035987
90301079927
947422251
19519932901
122329192983
265145203638
5441840725
79920373907
19742506246
766832609
4195004063
67028473473
2149340924
96006223306
93742942584
56236743248
5346109637
2764148500
52634009904
1593762205
59692404471
259843962511
2491952222
3447575681
187298963986
15268943613
2420128842
1556666734
125628224674
133351157117
105084446915
81767987636
10003153487
64545249666
117067301439
179928949206
15191486789
41935792834
106144254163
40066799963
4699588248
6000224104
9021889678
105486388888
48273832562
60008823018
1689720752
94436425876
6022748362
72763525233
30920822537
55142811846
265867272853
2024148859
17753979141
7293889298
25166565036
314795999826
26077767743
7300784083
15991417684
73969772124
3220937358
11204787122
9686924211
281894961187
57504802039
22391356563
1046585412
37148775294
121870986406
366031409
9386989308
1139173932
3580905604
30318521568
9603060402
80613766118
50088960678
112181938925
244771391182
51062489920
187547597193
303304084231
128157680
78310582401
505143551
1314849430
42722572691
61650555418
217780162467
68210333
295599618
125546604972
562414380909
12355503539
29917060624
14662350563
14396853807
79710972480
9782529576
15234664217
17851548200
115439132055
275092816971
28928620821
6626580313
88085773196
13293380572
90085050197
234360802237
41966546266
516011990293
2120050132
67742580270
66972680101
22874748278
76660407
57259744944
73322909276
302409287509
697920960476
582773337
3536872066
86192697668
187450253970
291135456
10240093792
6745197873
13764670330
13993491069
18787285889
37067254890
264915296689
197295001
15865917561
192511981
1103383228
592175593415
25314576513
15924613864
103418160496
5735588707
95454057825
10474458772
356423605920
104298847736
6223502305
6617152914
343546304827
239602195749
3020166891
15947432103
1658541634
5063574451
21560934249
2971055791
54132071138
48668925331
99773395222
1813201956
70539016350
1653519146
111547479877
30952992412
4836576711
3094148157
33540844191
21817815283
29176727882
203981338631
29496229389
44852609559
53194906714
86013042129
36360180535
3756535565
310873100820
48267310472
311314770128
16521882867
78986169949
31795697804
27718503123
32212696538
7953434143
52599685093
9283218435
2636542948
2477977638
2289621156
154131974949
121306707706
8126939796
10345077458
82886548393
153954449541
179393260219
157314193097
1497254626
37377184761
8103734174
37114140357
98856630682
11173652345
31403657818
1571056977
186829867818
1516713750
3781891094
1068669882821
10364511507
156530956098
283332056549
57384817932
18521642768
48554404926
1835087593
2247260035
12179728092
114502556938
8109821664
2984657735
66059344912
581261708326
48856030843
169108449924
80145488221
12333511608
5416657742
30218031221
114234134
1865750579
29925965902
255550800572
603012498
98506837554
4058647962
46618690466
7149836238
82473200659
96423251586
11334219359
6900044229
61730723819
45603576428
216936511257
20712482592
91546399848
36017353819
12407535877
41259114
426936276
5878426568
33693644041
87450148676
18034200111
244861973711
414298010
5279701147
362575417973
5939167969
102289688805
1951895174
215613407890
668439096
3351133180
252190756
6934621571
28178365001
91744101794
178322829412
21628264389
84247097270
34782417916
26186081788
44342036924
5852303636
4486142144
18763778044
368081652
9356116316
30402574809
23726554161
116953252795
84147509952
20142376726
203449658757
6040920485
35820908635
75749860919
239342004743
965174505
13013651064
40063313895
60362650213
10635769277
232985686550
2849314639
8715389408
12042947778
701968822
5771427068
8034263308
27808615364
289574963499
17791926426
7262252314
332135935699
116198019469
363052427363
4938802285
2677434118
149276908494
28430415635
26051493453
7464250554
64852380075
14743008738
509523259848
77766731651
228781922534
34576621623
60404290534
204968985909
79609566650
50824797143
845705705552
64332272070
17253169661
640516452574
20294496784
18012483679
3840432365
44848437680
23710654838
15135933202
152806159
6199935933
615101835
2629952460
25796200885
508892454110
4157735392
152420708034
119688550257
18897985958
104703749177
2137685053
31079661980
295831274
179557763
102920074952
67896089001
261375984298
5216324688
6415571591
1582078596
12063133615
29492458510
10767417176
22682469656
245285815572
73267531753
6358075697
24885626139
18997556767
30421082881
43394853136
215689862785
811453481677
1319556326
217733377018
20696627225
4939057355
9698492800
13620424064
466412423982
3964900077
181990991643
248672746
172405892441
75042376922
19339398639
16926980688
241066729150
163077690792
29591090636
96460408
318130689664
55777826501
165731167
15760844742
23867786828
26349823345
18422633754
110817769485
51416106459
484581302
29527981641
99418607760
211943790
2586445088
4929711872
259793270448
13666143132
136208999864
20072379676
615176063
26597307864
24018082702
265803964759
113654678534
12757221364
110046693154
74184553688
154014607867
251762645241
60717236832
144534769876
6355052822
203090926898
78040298642
10464900452
73989529676
185643128210
34819877576
577097914
219271358706
2195458770
73499257305
41579411108
90078695
10639465306
152612123799
344911432423
259589503298
90627614642
27032335242
9159330881
15743689749
21790345161
70497000167
64527968940
5978167929
692845793
6669856978
141004235249
87882355247
14590343455
15773860776
45136570542
62342526265
518489437
19845992176
258566350026
54564429939
16567563660
85132257935
12985423406
1414878184
338218088159
6433374509
366486060
66433386235
161846308242
74090103525
68452975746
173785412115
23635846517
9719882440
4490131663
15296683092
145837781842
126618839092
196856751
34539543801
396124065055
131564010141
11989632941
196194969091
90027872523
455145681
51238328309
225609669477
14293528292
42488480593
1853928861
6918473810
55228105085
207774232326
12425915681
390020512688
161569541
117307805297
131476985995
32549594295
124703291098
50358875157
133955286452
2437489898
49538511377
31774413616
418609932510
35585267921
52152407092
288805616739
5277999741
80231870319
33129795057
36792919154
37635761771
472758173263
95701544224
2487090534
16953349437
50967147714
19120086934
353527529957
4373199015
14919214425
3801021250
12211271150
202802404210
165685978110
331578343842
50249385781
9622335938
615884724
22498934116
167788114244
119580531878
562706344
16153848087
28705213264
330086650947
68320954460
313676745397
45608151764
2630629344
8187448129
125213515569
46156197615
163380020890
15323936262
336380976628
70708372547
15010978111
2339529969
545966084372
202675265163
125108046430
431581358721
81778413523
6318765226
138121368077
1542410271
93388057136
14169005883
1898911881
22659474092
36635678555
58321386971
34384897434
14002780970
342692994461
420580519
482764315
228324109866
27336752584
21676463433
21978682507
43624736093
15756386334
88738805266
138478553735
12512701868
6475073870
1957080355
30939161127
6575436573
136487679525
4470112870
56994569733
27997760618
106912547608
29235126550
10523694306
54090711198
84775417440
300151125
20526525728
5929499918
218011417739
21668675090
319037200
1824127747
5839248960
9729583625
34949193639
9468842720
46893546927
12310005863
19075699694
125340274449
16073069491
76553082785
90922882798
27178293451
2121880421
9201000298
188499468454
222422997465
16992773047
1848576661
309001350
1162380410
30675503575
121768571035
20577300143
25581991046
15585092995
140705208586
102445457610
34912595120
22469112054
6037531499
45228564705
482114372
13208038313
68206319865
17672091441
18425385224
82549520086
366318462
11578918122
27457996927
9304818259
599326456
16507561598
8689603859
6610355464
14141022153
127943139740
110555195226
30377928482
24256956509
15312502602
405628863
84486035478
77168055238
158585732927
37609509278
22217193477
70140122152
119159215457
141185534623
361422865363
31085338220
499182657146
13935861330
41420435309
335248382702
247799537960
1741813000
8394884601
10572469602
4709338540
9264252557
248655055126
3942015195
1390009422
475442951898
10254492536
148671831008
8841735531
72475411383
5858795485
12604262381
2242422690
57740673958
100179109107
17214576385
87413092826
3246196760
15071166382
243103399572
9465265619
55700323174
39317932107
476927547715
4534752298
13993776966
113636028579
172324830647
1766800499
14794442868
434262374
50305347250
219292664780
58308293555
42594783793
202064880943
29030000376
8649038233
483001734907
80212739016
167637935560
47080029433
283141583436
75135108077
2840123150
122342342257
18891451927
50433276203
9129476425
4780632691
59739363134
318904079266
173624789891
95603876057
25021128576
36897587026
104085149952
334017217537
51754003057
5033278148
273968387787
11700195461
125857119178
18453751341
287397677
27278437330
484161252
14829413017
211909438311
727489236
78807688551
127472696604
252629972759
16763086253
2952816002
128386120859
30978737874
5399496703
53492269569
14377423110
43752344557
87733342428
35048784742
34012700272
57904634686
118979333350
954993005
15522008309
110082753719
45293189618
10424615090
7223911109
122684485834
8333182838
319626315787
59915083593
8387162492
2572432779
144410232188
17809608882
230163350142
22464578986
8234052501
48871485886
46883020857
213579687039
12061322817
30584771274
34758662473
437781178558
22997977341
43525637267
38686425375
183378957745
6372175640
44919088588
117880258446
3822396592
3762426997
40846429918
2974333221
81323606437
27877932382
17189047448
102796460226
14492529876
81511603923
9382852697
20136796156
12291610335
20714331131
33045848481
254062812317
22588797490
58638313872
5295902496
4503835018
157294985784
537225488
59370652615
135083685226
83711154683
115955925010
54655081764
2076575151
59656978436
37383674362
21864878198
307362916304
13013822773
13389272520
40411490598
75034702164
10397303383
5373626411
66998881052
2909793140
74935182075
40872888136
30033141885
2922989891
199737584
65655313569
7724492826
364968973
14223290476
5091223408
63239293950
234515154198
14135435671
7597945286
360681218937
7252276336
12281259129
3015888607
100396767431
10973236976
23199243401
54785392483
85044399201
28333216350
667848300669
199401793065
3173591147
1378653818
99360054581
5860307139
13079501143
737749179
1947980383
127068543395
37096124655
334609660
7508656950
3359693742
2768843061
332484852521
371383367462
161426301862
15176453907
11613027615
12029599426
569605960
309983678036
47017938284
54276925440
108013910727
2461323538
143163890573
169051998664
579314645724
43466981723
167397918218
95521448873
13238221791
187174157885
365914427695
11399238419
29762080228
19481629386
9480596148
914889436967
194451153821
49959664702
74272680880
221202612
4204057927
2756724754
131013372513
322935432772
2626520292
4178316
1842039469
26283039840
207868315540
273163800870
344518683
22131421647
30986321319
63797064179
4306188690
241715559165
419076484197
6281366246
15260729927
4601566322
11488355369
559830700206
61634172374
185692356766
5486423253
16971066487
798414281440
998286888
263205404873
138779713438
41849212745
