1398274891
175522622
148512845
862156129
558380830
24238025
1154460108
2816753174
53089904
1757574225
1319264372
3563706335
3035339116
2350270578
38780139
47974210
14450208
357482503
1294701406
909357009
1310727607
4241957328
84874921
1089367941
6411507
103592881
2404469533
1993184073
1336299354
736298274
5316126240
1198977201
255740022
573699692
8542130515
434586869
161160099
2457867020
2814651325
2164609657
3921721506
65453252
49929186
1592921814
399566829
4640576552
544044861
1232254987
340644972
41888658
222400056
884158368
414423999
278616825
1891223100
1369423959
903076489
16480998
3602522388
84139087
402506936
16522527
9123581735
8394617
46799529
877460531
757577398
155903170
322124906
654379878
5334493
29922310
76008064
256812340
9408957
20929896
418616848
786342973
845144186
2526057793
73486699
489584743
2777585219
1198733778
145945775
877216732
7789572
1867851133
151111456
1393157302
6737437
658340949
4356116
5065515047
4519284
2360401805
2613715053
3553186
4971869473
49942960
2678747549
64118760
339983234
1834523836
695128107
3459992093
557210295
433982108
1599741530
4089149
2129410241
3619281053
869912700
1060115755
1335942546
1366633622
2977321142
138596032
121505939
526844794
21534441
541584246
149195458
3588338
2249437715
5405653084
139808345
431258913
5264929422
704835096
120371039
110818504
568321523
3387642040
627834889
103913714
22111630
6252101155
266469201
978226597
200962234
2189886559
103039871
10379813
939873307
58028320
1630507364
933061779
1769737997
247373135
409440238
68329801
483538471
132791166
160891627
327671623
514961144
40596175
156937640
2950266928
5331149504
44248842
1912182909
584872447
7528288444
2388007607
60892811
1432103725
17644392
1532096048
1798182489
112578936
169118231
3808176513
490550343
61853407
2517050660
743601354
1348504657
6589140122
467252765
259640648
469571251
660015568
145842751
4127559892
846441398
969309504
573457689
4451989037
319463939
109019187
1538408823
294038796
4493235633
196733459
427972846
786815198
521364325
2183894888
