7271585670
43211822511
6269908084
8122839101
149658481
2313540168
5701175312
44308949067
54502698744
5788861942
5344530315
14902731057
28011352118
2209926260
13689261024
2505172381
13467591997
1014497417
16135229305
23953045945
2230339791
756196324
1182079596
11358045678
5361926962
21636069752
7714504060
45934091845
11020651217
27152047377
2815313450
67798503258
10843569735
20108212746
31302275042
12799738859
39889438722
1048932825
8451723570
3695014186
39535148726
465651998
17994373059
57583974284
4505114210
27866785679
3485325375
15447261027
26712941540
1957655548
167972560
18160802467
11252319371
1119362414
5797760047
294903112
20147327158
26343004026
13816057405
66612722987
5465012161
7091169036
12889798820
103913475761
28508151201
10862133186
3055725240
687327676
13730192473
484509753
67895920389
4839469588
14550415229
4542083960
10991031317
13881182939
12227157424
40364180
3273006630
1408187203
27817839634
34760045252
1104166637
31580864123
13395502687
19323104592
28575489046
23424599683
2076525389
15678117318
7658321348
22095922132
738885159
3339151439
16504858631
3298127667
332671686
16917203866
12777777832
3454249876
1513598178
36542234089
1676268810
7475605
434918165
119267617
11165913
38599117039
2372472292
84050342384
5312856022
5934299394
53584947934
890500067
429805428
8903021687
54341576437
947065998
2954580350
994882472
1407102879
11400436149
8430142394
589313312
17519462976
4308668194
71152541172
50637200247
39748970762
1644435415
2388935678
475353513
7760478980
1595993250
60252502669
3536966131
1228569965
4626908180
1861736715
616958597
1697302737
27116929664
617695098
35620115930
50228209292
11661263291
20994298567
10283270701
1439684023
11646523786
1759355788
22422503250
90343865422
16399612573
50379249468
62398023987
61223030787
4464730257
4780949611
1183972979
44697688543
540294075
278956026
16511240598
11453259629
2775220328
20562047501
7961208671
2205344560
35057069712
27533209869
1398380446
445916392
182151773
4181844789
1337054600
12462806786
10739576108
2237991773
15324010596
42575261641
34570546
1083011266
27628736644
2039374377
4726859734
497281917
38593714037
3279174138
77075433909
865042562
8345382949
1413038942
10979435403
109919541127
6675423047
7800750784
434012972
14486820833
53149683689
