74383007619
527611119
41671350679
24547812318
17316970888
31788362413
76583859620
534802805
248237622110
85492127231
24440526192
124922095003
276426488517
136835478076
12997890931
116927815378
11657837276
8881309251
123782952434
107113534238
84766236904
10258023625
632696725843
706343583081
99228230266
17905317244
68442270966
5611837367
31050914939
4827297412
70447057643
377714357452
385508886788
31206536865
86408691236
4091118300
147311726025
1665877644
283502133139
20599797305
526955224509
1242250383
226545060564
2911463592
55461438857
386171322582
3902077567
54210406498
91893894590
359474035879
6958257012
106227219324
1322367044
2038868797
13550323436
111674516057
14607477133
87094829639
38454139717
80223616317
122151044307
32038972273
4871658579
4109244049
60955176904
19787029595
2099675607
11401442849
32107379127
6188910762
139245096712
150100244787
206860577103
120546590555
2177956815
12800239595
324357801392
27037344350
1656440982
105079470194
55256724941
54092154207
46005166034
42450532146
143628170110
50008159227
116155585300
1694561839
2841910278
1529238029
74537702740
3079629484
606308781218
60534948179
107388105452
14588459063
11562604282
3651934201
39602391527
754287095
34771606473
964870520
10644636349
19534593272
29370932724
5896256300
16823938204
8834681801
4270584900
74293794893
7612150611
298707128411
98481826665
1949220892
183943858825
78130412833
10983100694
417552346277
20778088945
360970374086
725155123
32844875206
24229713895
26596409131
194291712096
98947964792
142552387
280611389850
9795771295
11480496684
11580942363
4365313186
65854177418
635024260
116033061299
2106466351
159701266960
91370295974
95245929528
118285621107
2166449399
10233991680
2960986000
63651713375
53035729689
163997186278
639617561140
13162037297
15250724105
37905566422
176050933210
16474825188
23984435436
5334959532
71715017068
72757863657
47409572745
10260119127
39470550855
131112911122
10630095310
455600808994
6446312483
49087308977
16194738618
1607936798
36416817670
138700405391
11875668134
1523856750
83627929087
24794256365
7755591825
158509474
766181989
12590536195
64236161569
188517625122
43787177476
190819004703
171824214579
5338676393
276458797204
6263033021
31815621
162809079862
37651850415
56019612267
40964100995
86733873352
7975087813
27290146438
1631591092
366830311614
1131527008
54864506235
1690337675
6002326400
88482091034
30749325383
13924907921
549692080
7262520432
131754549881
19789503152
762248073259
4454833359
28105443639
2485700971
1032755093
476931037
10480620258
6055029300
59073129344
5856341781
49437852933
83333172041
8255662738
6315722969
58694149979
201949147
24190611490
6415538363
557577566256
32233574974
115026909413
82827329034
435351195797
506358090648
1950226135
70231777047
9946793206
78936380362
355773522722
191036435
16524143307
177867423907
53229715
2697748246
80206070684
13817753264
644020867
2617709673
185736430606
8991388338
18235493066
5877894716
36460024386
5451645374
944439793
60024723
44781928984
7221462492
1547719584
105050445450
154066602557
154012827618
149123766345
122167049597
25396004771
10223048879
30450640960
338663614303
12660070124
429457132973
199681156610
9151164988
172194910036
426453612456
8028289892
24477469742
408760745
413418823935
26759788053
5117203199
1505150195
80768920826
1985148163
37714629540
88582794037
75676338431
121127458107
115773462862
81608151003
2804184103
95490079303
267842816930
13111591677
27979799364
4818844956
833069739153
381164529944
4125802492
78322073263
12719080675
55706806771
43803365896
63853110580
163253262630
28104526693
10393944141
164816677755
5998387642
7091914286
1571533627
30033776932
34183692089
39685144928
90466330643
115916831583
149917433063
6189214470
6649580479
3473249083
49168733175
42775738532
17426115952
6531241587
53896465074
1001820338
14018209572
3746965160
3474846969
490317549805
117826449
25424232470
124648360048
64459839870
2419048485
6411218273
126522207208
94500692
17099052590
17756444029
66563561278
229523904681
3296999307
7288462989
373665047210
21984657337
1076391280
115844955672
141187259035
62272976238
1530626782
247067114515
28092279240
35303993730
25691437233
200732351055
19580163494
673704500
16831634080
128780406561
24296165533
136565922605
6408730792
81959683995
51965281192
20193113028
2178558189
105629529735
3802698064
18250390715
160796189290
3934697575
106939158320
199708166
71238685504
65225267713
84021751886
84032544010
4038959040
21792448889
116437538081
84217850091
32306588716
41934747471
99128507753
48199182464
16830815167
42002787301
4877828515
489116129615
153045278
44272682582
7295976972
73317794118
97351401243
6139729458
42769107930
126416003239
5885984849
2113224996
102689566209
3980963581
19924762247
73712755149
163040972545
80415372487
30099357395
34682513314
32692274662
244879710986
5449841290
11492128559
68542190833
136307659529
13197221716
20536523037
47061791235
347162481968
35625448619
113166308710
12262181656
172932262737
6397652879
22591791208
15218449204
17772356366
24892991890
18228495565
4147350507
685980508
143809365075
304032136056
189503800165
21756191712
318188262299
173984261986
11604137845
1631707139
65435438312
1780771194
19775516131
93781462754
93778797934
72582773672
12844364990
24473804466
6360228053
189266340110
5588653123
65240563711
8381859356
78087857309
37969039496
4470891515
13844503930
176022724020
237068959672
19211107406
18928464364
34703273262
27962172585
111619430700
250259797031
1865542387
157568393052
4173094241
44895185258
540838645
69614581466
20042379904
12678569168
70364896673
107846373618
260674233313
9493344655
130430578178
6541445685
2491927722
4030496826
544107955
40586472
43906231193
398085557635
233185685960
84582523517
511018059828
56379556290
1248120558
6720103673
27756945531
125475754777
213704569714
120906480827
3623681724
113833050376
4279238839
3694682348
156133338283
4435684695
286380854
176260105022
8944779427
22108084476
24944908652
15223812278
47274045015
6925985493
53554206699
606035740464
385999958740
18413058297
433600395340
31728707
125317397148
43486255004
39036707579
60398337831
76091329931
125716782283
3595338166
6938178855
10922602991
6277880507
133550819199
13010826633
129667272863
5187331494
922021499
14180759748
88352011001
70356917250
25633836812
42736691314
127046499586
30294434454
338563060
12308218929
39883891363
49405030556
115400370254
35031710451
149051825357
57317214721
556132700303
85066796596
14074463516
12621432779
41430575274
658309823
37032505439
2183047287
313960625245
9086538336
480410185064
24501877775
50606735698
101116797472
22247597347
2181508925
124352402315
258279242165
130625953205
3739947099
18762384008
7343822469
40037168853
220076459566
507393644568
104290097607
1340344635
58540310670
19999180936
41041062674
1226282702
19295551210
70928685008
2454391113
42753388589
28967057175
465210508355
7877109953
5318127382
798519000
2702102577
761019237
23378429344
885612660
80004177226
31230130455
13759004953
11839926705
22384982862
306071045
14295136978
2625226925
59363919318
37390928894
317126753609
88411956409
18711414259
18253971103
106965086594
36679865795
10828396361
14198690208
25027365003
166450801845
32397162311
9710884146
23912878664
134623818
3559607276
54552611023
3679879529
8954568479
28795136190
70815362291
9319952871
2078491978
520914881633
47461147983
114456642997
9198535717
341316257292
23326195283
158808827615
464983986244
3087690069
1158079340
67318991884
1267655402
18689646138
63037586833
319878805
15348216343
40017340493
43640951340
58025896592
43174462039
297757068
5940314250
33636931175
1054244165
204897505222
44808585364
32316774898
156804309186
1121670744
43597207468
197714662272
2333971336
4631095745
14400644353
2330522023
72199684691
6233252392
65372202982
116199945567
71091854106
41914375992
4241567013
45338429226
628279210
15337161476
139032779176
87340550713
1497333735
55479521928
48513708610
50763978492
13065611893
172879667193
108788187968
9574526774
1015243138
501855267
40128184296
17568792915
7113781428
7400702619
233152864620
505853699
63762174792
60855335804
272234140711
773654681661
18201131803
14744786796
82643757968
59470162
8833787474
66872816644
197151604618
35863686096
2439700540
20592835044
167232725521
398243246204
104637140837
7442344924
308986829
5914845357
83934919378
76474874585
6883840659
642626809
64492234387
8455209410
28746034049
49940022744
48977189523
64682689438
25860315039
31973175221
224572827171
85568607184
39891518060
20910937463
48039339932
40228267006
204314583702
175230267
4068392888
171692309
25330906448
16980582745
2948263356
92511621180
249434788421
335487270939
15294717880
60845401808
201887309533
104447104418
5483071765
728270723
218778556840
8209936894
19159471995
1745668990
13307975884
373381117410
101920659841
30584156
248482691165
214099614
56541529981
648856423700
3265223551
596141415376
12871972183
8949258519
111893154
25522559085
90150455900
244747493382
11853027219
25578118481
32865383399
607668288947
513296610459
367447073439
203011856283
188835207722
40042940257
186115764076
25802045099
15170933375
270289271574
32065164455
5398663530
37706927004
168284290883
11475773053
108303453633
103177482847
15985240836
14580471506
43540787483
407985341
31867893487
1808211273
131179858440
356429763835
90297494065
316165684195
149353284853
2491993664
19506697278
27177109062
223677383339
19424266882
115566509434
2909454044
17823707182
13754160251
186711139903
6309340762
219669467377
7131530157
47238102523
22288234168
1796356235
6315706160
3303474125
551791037730
16650032009
21237972767
182532709450
30090647628
30872670000
14629344385
11218823372
2707852147
30309112475
70942115815
39460825227
118456579318
27991325912
107963225241
18490234725
14048587231
6521740622
3528139602
32804993027
2598339672
45861543336
45420799543
19319036428
72994157637
1685143991
1224180752
42086369052
29250506793
33250185496
5113767908
633298209714
61509819522
23052091941
4515761531
15693860850
140807255625
37896471352
11811244529
1677890023
42391744315
807606595
113508068089
7801074476
16802303566
53484949120
328400331
7180792911
1335633589
28063513972
298029631699
45498352164
151726068080
8786678384
14371262619
5413828121
2100196561
1013423065
2004525957
3208312586
24299235022
27106956054
876461109
193313828795
25541157979
61038148659
158402743206
75570081658
336266279463
189404182680
40495015032
13870167742
10086777595
78393760593
55074403420
198157921977
468857008
21383949469
201887091852
91643662235
4165706852
51350376904
215921572823
19745780297
3257728960
115300181871
41168308556
23874349571
8760318729
86108478455
554906296
307923127139
7576115064
140685135927
9289336965
2184008956
158066021685
15998927499
63065548191
36825968297
22578356897
3801060014
139791449399
15703021775
445724382926
20979849657
31366678003
5024320921
10981759673
106958174463
75044252173
14048532426
11851361805
17272474455
229137175454
19570165760
3870387359
155820258636
289805019766
511821069
84896412080
110251937
86250959694
11047215017
2251995972
9474720880
5792449816
21318198245
358410573346
8803925058
17966718077
30521977236
131854912126
316941354715
5126081492
48252240125
1752673836
3344806186
2572201689
143301379925
26447371611
23981274468
100380688601
10067367193
274732912613
7473548149
21521055834
254685880545
62239915747
6449997733
7715051777
57890987155
37074767113
67487799883
32409934148
4525949825
26008289
14289795038
37137707622
2422588999
8149342596
20620874625
55797157023
643222488
22253809467
118582027521
40396743837
19148728860
311611543763
43273519751
114205045
1379917955
131432034836
268733378554
10979541800
10203315500
18945813515
33046632890
105960474043
877114293
16700036718
236220560208
31286467368
101302985874
75083303487
37703913913
462784164856
205917167311
69001573630
763380622531
2400825229
963992477
6103917613
2658765565
10374420107
41776093515
101064872662
168532672085
4600806458
90967583882
2694060091
194775222
368655575929
11240951982
61595954287
5930289913
3169233959
14074448487
18578488791
18675967860
832841835
5180718236
32427013609
43526706223
68721018
4328894156
1177561747
56363247720
70928396428
112489583501
124135859211
82921141047
10908519145
54830139965
33566503888
153547175402
5660428652
1727355003
284852976019
539274013
15260583113
8294350603
60390677375
259707900336
997730242
47480152618
138912704222
83057405061
184724923869
17099727450
118972847617
25881868271
129565421935
1488765503
9697801950
1197830313
37267313808
64220979535
29499450396
49741132303
90675125506
322365965741
3975017624
82368732329
581488633
30884322412
288643385530
12256462764
12977353064
258994985731
11610369307
60745324719
10721360183
431230101869
682704238
2265113567
87025913678
271632854
31838814483
2836429471
18926987265
38131182368
780649310
340253205115
116802677491
35573630871
19607464561
20112551921
10751172221
38204490367
18578140080
31673172955
186580951338
20246078334
3957294939
1835459038
9603992236
157068781042
9047138117
17728085243
106914210486
439738439920
6422270639
31513081230
12241497049
45459347365
246736087677
27380390640
57103023732
105377114332
30149480382
230274473707
36515627032
85170560333
20373458684
420438300634
26928236991
263798941
9505423500
83528069115
56679245884
46835868195
166910020410
124189233064
555506144114
10348827
97272317456
9078698766
366678506
241285743163
26600693095
67866273748
37484191335
27952582196
5659794434
34948076633
3478006117
4134347317
46228991613
4901734674
3596048239
327687195718
62496050937
57775209640
337686673472
2272538821
336977294239
77056660019
51327672711
12705633143
23033721475
16002116287
28073667227
83226880954
53787920749
78065315801
15202477305
16842537624
77315612296
55095467778
3760445023
515608867260
26301351312
11787570545
2977942626
212027014720
3488762268
845436415
10884888822
102286805416
64891292624
36210717327
21438903016
1302677080
120446520288
50772253548
258051340983
146398310495
2870655942
23365227429
79589657004
56500356037
54673085748
297050221572
134156703572
24764804432
9583201806
4682492451
109860689048
55050241865
108504067192
105156706577
113088608995
108524718639
330230296342
37516983259
530790384253
18606705811
67244956062
158185840965
43517088348
49149400017
253776588556
154089098447
712144724008
16110727565
543544639
46772317096
237394654985
40062217976
2007433048
213950597899
39790811129
43253444640
418642586810
237818816074
51354636482
99770842887
5014355265
10579801401
374807216
22034700364
489853617919
76319542190
269087158280
4530855953
262949844240
133905063
269732840739
120490430769
8472230665
89551239803
6293912407
9101808229
17909843179
46945458529
587731517186
123163334385
2079407980
24132470739
22116437977
3507510871
2485518051
33010670710
74872188288
1810141722
35777099
36360256047
217987615586
30256603286
192644891153
878003774
69215379992
135354122085
3066269630
20166300967
64687661482
2611350335
193949141
584221645
35220083
82789550533
9516691829
31787141610
16632771598
53029534730
9496312351
166309985643
1562414368
55429153071
1427167321
495533712751
32809092827
206892877471
143711902988
47784536
58475149379
77195519824
63856690728
42528615727
90885121099
74561551216
466102570223
11499987275
58530756230
75060985022
68224476877
558182339
285187731163
25322705943
25707134365
989644128
327002021445
29698563291
15072467079
37307755194
41828988206
542113474
119910071913
31620168560
28451387676
117444478543
4828179850
530803078697
109306116
471351728567
849272442117
4258261545
237172070555
585872600776
1389910300
5351486429
14721281518
74435729451
24677966326
61550694569
275654261652
75058294093
1226724822
254710687859
22431790766
219376168582
75484711528
175127443240
2878224819
1249478287
27696213525
8320519697
155704801852
20961090102
59083132
122297154334
193737349937
140127186861
138745318819
13009028365
46141698175
6688581522
3437220118
2679799627
124015488069
2144734495
35404313500
52875867220
277736204
135903989261
96337319002
496960016049
436611022835
2700437572
381143848
48194627043
9251884959
45241243967
29127862464
28195318984
59451128383
6300630583
61009640021
96367635018
123360273663
593442883
81483837633
399108869758
21533303124
33179393096
98318162550
18941241182
314385419676
506480046965
6658175218
85612751787
1245927457
127893833011
82990096
24464878836
182080336085
15008395784
15278556347
29878992288
5616430960
72041392887
28393239101
14466073930
31888125281
48384980238
10600068009
141956968651
2302516571
38232535380
14198876783
71240425514
21474003494
103723606152
28058177742
2442091689
31102022396
272114039054
4074769944
105030792228
64799418028
72267235897
16508111515
20979087598
4461353789
22763387624
48871795478
135007603400
28476766163
73898490920
33827203956
4510521355
51888932100
36817318000
10471897037
17176818219
684386783
302146262
38606265864
68737713476
124912489383
24098551043
1642174527
20422973929
5166583091
42378294837
34157447141
39971640288
107084091478
71075664987
21978675818
73393976454
471708082066
5524807195
4126169454
216259036488
47138636807
5670007214
40331023293
141569755404
142844407156
18970092140
86364548044
106885434224
784319848
9470702281
46773637569
1561571652
1871318732
6236270149
151645639193
141324916819
2706076525
223669356775
199577317729
2262766152
910774260
36477310395
586903965741
256607478684
309026646
21266346858
468314072989
27783751719
42988444595
712462120842
28610817877
461596385
2450271757
773752685
29211379511
19081659921
130898091770
3845368477
34656824271
115790060160
36101607956
103254542279
3020939084
15210262227
2595291579
5942989554
145358000833
2718999170
16568006866
2433489866
35492684223
53505067541
118185869015
6930282463
206085629
41061642663
1552219649
16783115355
80486687410
208280180455
2702046092
253214961962
99133427008
11776202802
159058747778
44922945561
748375206
1384728097
8720681024
14508226564
189169808425
276440786710
152117429045
6376428992
59499388836
54833237158
13398395144
6776123919
7660644900
90131625857
4043206314
40380331778
10324765470
4506948037
23852912081
26107808285
4366214527
31584835617
5685315425
87251264822
182869003521
311112632274
215048742059
22810132008
37162600533
48673836453
941851338
29455196530
146571124213
138834860609
35132135442
81993655576
56766202314
169892178821
129382393566
218974988715
8722508520
172804389924
7931855810
69640815056
43469401698
39693438295
645841977
326263036926
160368877375
59121030740
16690393594
1998698945
102910113379
62918485329
19086680155
506974804802
352782811803
75581927295
40451532099
39923002670
159753213498
63322217745
113912242654
349157325
131378097295
5717526910
7013873338
114932841365
78181616255
264476998907
15082081922
2850581608
1900406475
19917823364
101540240830
7529101112
106000003516
14867694303
29300090399
53696954467
85120416713
68425752311
15705517297
78443401400
208263568832
1853257631
5080341610
2933449308
2755918453
86383160307
26093069185
844785256
6662376094
113413829150
27660293298
8426057945
197256181819
49344679939
21811214337
303867844160
11108394593
11299164817
391441665112
70061253324
600207874469
41612993669
134070331056
22962454594
184417971798
46046807519
77077428542
10874474697
79386780988
131068760114
202215921469
3398085886
49369536968
1066461043
39524469829
136095596820
5565537891
27899669265
835992319
49425479342
3849712431
5701619150
10819472786
6658140702
44974461049
591408997378
1203099465
17497179015
1387026998
3245156497
17212951339
24310943611
71279676017
4424022967
2466204524
4729466577
156480420603
29952501870
6110920094
90775727043
9359779786
198754236808
9471493878
42046977174
44110199789
62489772150
112597650572
32921478841
132687139012
77656544479
183597355548
380763285583
59712588711
36917198939
33858786159
183690777770
27387692402
61386402017
549537275495
126603899626
62925092948
158797777475
58512676606
94824943870
116190787292
24268528321
128621334968
259819197627
151009914461
67974856788
8329036093
3545361778
41779225208
245336233153
1468586812
45697105535
21195038778
47874475746
18378841925
28040265919
53966795093
26893785871
10695668579
736207429
13272611567
46604769509
14651421330
456501732
14427981098
373789390
10899741424
3307990852
19631925209
9047746359
5186093891
255345338569
158928063209
39223041736
73918051333
1151290862
8627145339
12532809070
125506935132
6472136273
55664255391
10550737143
24715191321
8454819897
330066309396
292819931252
14486956804
44014470109
31742997372
21870251290
54004695960
214703485263
6671349319
333326628472
681365619
354533364881
508473628
16781772386
3142591606
48355103795
339638077038
19268635673
33411032101
308098101255
55461284902
214212032951
1855562439
5856772902
4187624186
6524223864
201723416
10986150819
79522491467
206101932049
4956837026
91215358454
104722091
18077372167
19675587054
21820441945
2610833283
15144389684
329763378736
264697925
953575565
147499738298
274787976374
500005148172
13559802795
120565358920
44820448969
25430530668
40754094590
26814600974
37412105355
1536752242
79084387932
29198867497
139339278970
73416611551
36905375316
34715487463
19812758083
68774743912
57351062825
36278650270
27065237946
69533053794
19056051719
8698970139
25639885097
6391509756
191836891774
40412921853
10527003645
70451552618
5251653031
42518825497
184239644709
11666046141
41269540900
363415438
26824731172
22970928709
36595784811
44537541179
19757048429
13587677438
462226519
18581275115
31745181752
341358280
3898278423
417618368535
54195717896
696312534396
2730528177
398484546375
921020352
268680651160
43301698833
63048790403
1833141909
36497583778
483866883
18722333177
9018962840
20558999865
42815110916
27674811748
10019322493
2548668134
305009625
453558247158
65859850582
11997872655
57286733716
26537324329
1190603759
7042769917
65348618416
399482367
19956396486
2062114851
23670015929
1494598977
5368344482
469732557236
8257294054
4881336682
174547381309
150020336902
10198070062
194208508
4092732891
7387834113
3295969977
107870659940
9977067331
15526967850
19543008741
52445353225
1782539220
205156344424
26990662398
34130741670
158350099790
179975920608
6493883369
6982380751
259697191705
222379954978
2235955394
40835704579
41892118
50200826087
90228420329
83690564311
743206742
15964863428
4110734183
264745999883
20518902380
66309840604
254895568808
77072256218
712788709082
150030217
8064283308
9290580500
1380304526
15934139929
572788200
4819041358
52643714647
4594469839
32826551435
646129489083
25244382384
1667184820
14146119987
7039532220
15190589346
2537909307
13592093793
98830444818
489491124445
2955672365
214321526132
8221705258
88241286031
132863075954
19900090773
17398123014
48772531349
54636799677
20856789357
211080495899
67098257
10797490840
68758762427
3451898237
9728992429
25649808800
117722108350
2426396471
7587405837
11694997637
133662548373
64882475498
2258341071
7611376573
24492039859
64983419591
20033507785
1986035631
897521771
30896404666
23688468778
4027915261
33261369278
114048665977
187893120529
266555953999
254996526142
389225316308
4733773794
25326935321
8442517477
5578967786
179536302380
23141168614
92522419837
2056709562
20774133920
4405423731
7744251882
39318388276
115740489086
26808245121
6136762369
37419021324
286455370227
256294230
11338573121
1006941957
35249628686
64742067844
13594400066
12183075897
11893279935
752351171
194776282580
4398736495
64391862315
292703146
19054300840
456217723842
431498128206
1465271831
11223384688
29199455765
58031509823
17938913400
19145085089
79859167770
20661258761
51996593718
34913621406
13203894511
48084396218
25001264323
37951720886
13281434153
80105440713
11162159386
3634454059
27233840462
702222249
14816431428
3879259357
62678538654
111242697592
52121646667
126241926404
65885134147
433971972312
163738614481
204118089823
233324959724
190126573183
43191697100
23499763997
15340444329
4336539583
39428134787
80338729507
113240961480
842668436
193140847
309374160818
117969814576
79051794945
46336830123
31363686479
94103088547
4427442864
96847474779
16413634690
80802198210
35278193176
28019779899
2136944044
151871296554
4890620173
456906139588
6430528741
4486383468
1687394770
16235990623
92213095721
57929196746
91458107294
121566202402
2879054456
235464533220
79878673709
90089388
18171942685
106394295591
864757291
4298393861
885656522
231493650461
523842325714
44242249243
39676686752
8893235879
305836328
1940019566
41449148031
72781719484
20289276888
4346528948
8723033248
67659551286
86512004465
27148952825
25671582408
17775033905
346518953690
106616416042
6823803501
139867332999
14821643169
105183010975
14476307627
9787256229
149082194477
11827061296
56641433766
93939948157
34921107848
122720483096
22292632961
231744681
8329074056
896889196
123123990198
152308147630
44531624324
8062442916
659017939514
63517560906
15717673412
110552411
4102723636
73696578541
91044457321
17048276902
10143788099
297848391677
21091213265
1691195050
28448081711
3141470845
130086507132
12361038675
41742807445
29048136878
358060659760
53231891206
319206823339
34658748942
26373552096
24156864855
155258595585
44548163618
5492954612
1972821180
29406553674
10466674288
49758203584
7308948951
16226009328
102831320300
35933685728
226639468572
168589115
160394591727
5776519901
24204836690
6805488513
10777547757
12935902821
76426740448
203288951213
5497957106
2374117493
126721302495
7674146784
18169534578
328085104587
39907997650
120138619597
3804067976
16993815140
381880366322
2156130445
3623270358
54030839903
900868339
45923034135
112918379001
2183335538
66111843
2111436991
56722300
15789551054
88498271853
9762541006
103940498353
3854981788
17619895200
75369837914
6764859332
106040550778
1848753557
109883011781
39191135214
140998838801
15495928818
1459195356
33691224119
5893110965
248083303830
61343816361
14354606224
131124846734
2857761053
508400702260
135332018933
12984686537
155527740389
155824322510
14952008386
142294820866
69088257225
28589905846
278174760523
159758286661
28446520293
93383981144
4617466264
13129608497
15826161771
52639162490
15586132535
627506396094
9458774248
188205079961
51101978273
326910340
66288462454
7987501334
107505823446
54547500072
75219193930
34544261157
14478151835
11146679989
22952387700
526709270
27393757592
72922305892
39023981760
126495462421
63467103412
64407758962
3418032832
15441887118
16914154318
5610684659
53955867758
308764363497
611806840848
203839773779
1432348496
1284990833
41108200258
1788922901
14496812149
228250339403
33362794466
4440284456
285562244131
2849662428
2144140138
13053786412
22265716961
9799746206
424219708541
681007361328
46935388146
60309872295
9917721986
15219083937
18973600314
4855381047
8844101908
74910187430
221262413194
419505914061
16967228135
89056713734
167708294
19502520470
9828674808
142954783329
600684771520
2978897657
56385504077
57332590249
156731731254
58316450263
36833990802
13180528639
73478735715
2542260641
82245364646
1810999489
13601742942
19186290344
63057495424
56709573082
36741943152
191246672
5831992991
22885681837
592567037349
151884049716
183918607358
1900508050
1941695336
4639355368
14551302115
305359837752
96228084987
35609960883
26336812147
262072163579
8606307553
4640899212
4947797347
9579929492
26214368523
3789832729
22225858253
84970009567
5003745277
38275901049
336249966359
4788354756
142593149272
370896586404
26957929936
111884242499
2474501276
150116353608
74360950728
3066305911
127592654227
95851980610
7113084897
103120556890
11411913654
365853309256
12732435692
113273844042
5296398188
9969744222
11494765730
15734311584
13211119614
273345254593
49397908045
1742957162
335361567
18007573648
138611872134
16834768577
8538768996
43140114300
761352608472
30614899878
864504177
26379377159
15222919462
5087499212
326578716529
57120838660
43681725795
11067285355
25898429214
322052904723
130504606233
2417983477
7282917821
59712842068
12074608883
1017209410
67310995637
13067602323
33864615769
6893065474
1198775714
6634358001
141743429360
52217492296
38960309218
10595263036
116398704643
369047707211
467844861427
12967155262
486982564
129909068362
614308940
24320799862
337240195
168870618073
115673838881
3660315359
6784171611
26926962165
62008829107
12040339424
1523282259
7956791459
26737045690
183847048881
6017635238
14106770311
639527386809
45581466245
14446229153
4449230788
26233868130
23769917730
4037676883
332940286
82937745556
210097231273
197556875267
62089610598
607264263150
531849765
669520176346
488626104
125829406538
19330104924
9072975504
4645919215
45219936458
969244132
180765247740
78214392440
113031996938
7374769329
1247984672
11875690197
193695142435
27535570928
14561352330
12235862131
19664683425
437627557
465831848
73031243223
2197564136
325140853543
20476190345
26808726136
51022301452
217073730532
4928946031
36428931303
62536479222
79305711943
56585232939
124623700046
73179798701
111110682371
37863621990
234214402072
21537184271
72828169956
9754806271
82967513418
194140928404
175747180491
234780242218
3111780148
4651247561
22402630863
9185969263
26203056736
70538333908
52812010177
180182037604
11292063455
26624700891
16218903882
62524014056
11277902159
305020151396
3424247778
14183709877
3518212273
234454627779
95231320561
695908667735
13022981054
286247378
28962475406
56803221756
542715656633
158560756125
124676600835
496853400531
2798720216
4361936201
108682510594
5322676528
209056277
2450703305
390836491
79627709517
69679656736
70427267808
24302072815
5501114020
57167855862
6091980609
277099436557
44147479283
6174457538
189612121528
226101014712
35985968073
237266192059
50724129760
95924552634
33825389052
715237671
170532962933
551246756472
17715119979
651187225305
21958506060
18228086408
8999311312
4550258299
79705444926
61001150897
52935495503
326073031878
94993145688
74856958517
82678904
165197559030
47552203410
2260418314
317633744803
259778488468
40780666508
60398147398
158349446107
56444608332
13467434646
72075878215
13951139287
244612022410
317103937609
82908561996
88721839018
4977299348
1796118782
10667392506
1308768196
56363135991
10378244374
216429545603
2088271157
1503037653
9892143927
57458833593
4575916200
2014276751
23468148
21822797584
101211749889
71525494
28762504123
105481158811
36890480341
343587575
60420851720
99572753667
286833716914
99859309113
31738408836
667483656
13616890035
48267032980
399024259454
13760720360
60479868072
86374759232
81125497155
105164236054
1406617395
48069408
1193232912
57363978965
2056589372
3632207205
168402541434
4742615741
57631296870
87218669781
65787311138
50212549999
9304359142
134387187084
18569005632
51808486273
245048242714
215623846932
27622421690
2859949638
8836057955
5556716899
42068246117
38242613703
42520285829
390812122515
16545169275
35550644126
184889922370
8669810908
27910991648
10282440336
32110145626
1061807907
7745991831
5573516240
9425672287
299177668988
284516272227
119200721794
50526420251
27571343741
23335700830
716979122
10044001614
102217172704
152357201837
21114715052
67463955487
632649204114
15688262872
215388777543
13287874894
9911572896
22864189047
7928819569
51244629280
150564477837
5768529938
14129639613
105530281496
32313466080
119934089758
117852888
26286948705
3459833622
338461319
521556024311
8693520530
206222973346
20247440926
65666934875
35102918089
7062455059
100674880699
3082153810
122909797
138884445122
2531614454
12627977075
120835411898
1429440373
26278512897
7426060007
1297500117
25495955146
201462383554
28611861499
141887229586
284464041449
25216822486
214435402799
2013274737
49135292
39012648792
10798981899
191375621844
600603880
10643957436
90676367135
118361032930
2494631677
3564621112
202060078814
22427205822
74428841294
105880893298
5276111387
268816101048
37896751533
129082632676
4024217730
360824945204
25673730190
69586227322
77721210395
5975691720
23281908750
11584857927
2240028565
38376361318
109264077599
556668499
278776648469
25709572800
5329635075
940852851
12376651625
493667637
3740977095
135407196822
14796003115
61749792891
14165171632
285117805497
12536564394
43830127782
2724524065
7527796123
2273996265
27154250282
105895896801
7646196396
27214169133
113982147815
3166470114
702870765
8249294521
83512153486
238030506827
5986175421
24904498746
1995316529
10117203113
20084795416
23531733012
5105237180
9800973649
8383023090
150524934503
111348493217
3182648612
5821372574
50106807030
148639044811
11758265793
475076888185
405814569921
231768053089
176311646394
280640861887
479995102
530209691958
236414163934
929538338
3023822399
47227479047
287770723917
264569595305
467536392940
308907073776
8789307989
1615082971
49266028637
65620411216
91843925867
12006978121
164260383682
27667866718
31200549352
20892966428
25797356866
93574155394
7484831436
314942292
163752172963
13321218533
2851723663
121997694515
175851620336
20984417151
1083366747443
1924975392
36274193177
141703662135
117681901088
9426249707
10048693810
14244532591
52976746525
7851260042
684055065262
48652712099
110845241780
345862333195
121694275564
79855641296
53979521686
3961107027
25488231734
1249029151
58114536822
179708433328
10132683099
472212410699
2257633387
2636197919
8275180747
3014133832
41129140969
210935181718
17821505181
3537241434
5505430788
13062839433
13779401797
25331027566
319683187
184175629065
89321268898
39283032767
12692708536
162043560409
39275151186
44994340789
18851351861
82357986262
70676109767
24122041478
343864866310
39216447346
38531468784
34106552176
88883645426
11678660710
18048969934
15854168132
350735546331
192860022
96920013105
82520397784
36391855011
116125222112
10120487327
57056453963
25754194981
65360256430
5026849860
67636846883
85260851535
214407557528
34993926269
121638827598
27043052411
59799528319
51434314306
54300467797
125427358015
18971702450
7542854807
10329529533
18484671254
52536255897
515779274558
4457319334
7426041273
149797089927
643098934229
8423853670
2386101411
1341744825
17658744725
8829888430
155709975162
620488801544
72212149480
6376122188
60964769447
3095012354
5254503377
204213897505
230864749147
25566612619
6922706362
90761664999
151012323
22100307245
34384698970
69701351517
51062752750
13970001512
8826058211
18882721635
7894077498
45768196087
39058127213
3009452194
13607225796
238815478920
1757741896
11445996728
18492353978
491548323366
137308353920
1130153475
18442137938
261550051
25185231127
90645551336
28923948634
252551391073
12534774005
6908689328
23876922696
1517471217
386459669992
2582973189
238679122266
27259202467
450212692
10234161729
432783375622
53193010902
5111855396
48973396230
2378803884
409354233406
144945700
192162702209
162854236923
38283299689
13552356887
14726476721
1436627346
53370626900
3068792502
105990332750
72487661425
224261333506
3659217875
204225661420
81100263382
41736954364
58350377640
8556986639
403814618333
19323105294
7962746991
55218414025
4133267797
72240563405
39236153862
166263366010
8222488036
63738447505
1016773209
18076016478
16809191626
1609510546
231844589117
1097594733
69362630316
21594067964
371074439
18843039267
375535914218
64599605019
3201031389
116656877992
800164281
531615000
15840296526
62541782456
47965970285
137335619925
23925606819
14860960466
25239553759
56594993096
128770862
813508870998
4747712990
104547408528
40129520780
232408428758
1352306397
2668688548
9794869216
3153136393
99801362449
11361708740
803290902
36346106299
131537815421
92699481265
35039961489
5761367104
107363719832
93762587487
235403955747
55425300605
5565700490
74450954244
40922919827
61300872903
50330352927
9104596217
70401633461
302589360074
1832364058
4643887658
54595867623
19414356781
193106156137
165514214384
17987530463
34970953635
14249641746
522382151845
96589171868
34423518959
14736942974
6083444281
22413567644
33164006881
2518286884
6682380749
118232288545
177547188257
325538652534
241655682903
674555419205
18640047409
29555893720
4790587509
3063552128
138869348940
55041145018
35905562964
278674000244
19795348734
5311369060
2303115960
125491832462
57333445773
116361593618
2528039761
92679056735
10325279542
12915244125
77393655509
245584822249
56691343232
95101042707
90461385042
88723557079
6059871600
67059862772
11990514532
26353536562
3378939125
49441491536
13388549787
259084964
19897705627
251355252357
4173988587
21312573871
35040122024
138538513153
108684426821
1110762106
699024578
4321012370
43568933389
51930634531
215787800023
122938472711
101248246407
161675615119
141433586972
26016451135
236225825
398752512
1729915637
7234805118
41674936863
6313160565
241243103
2785050127
14313461157
259543050857
85465049066
20861043827
22452410791
207911660632
54392528070
109236331839
68540188465
5621041477
124357438676
181763279467
45017154633
74332560032
109367777296
645010683
49852302727
7580293667
437417334048
13187000313
160597788552
3131088467
232054049996
438852003
310159677
4183764542
86659757891
220921173771
10279541859
1203633295
194166572630
17210498040
181366923897
79508951435
86400869635
49900886431
6067349121
5752150013
213630769077
204437759541
14885692806
18561066517
76965018770
880492243
16482753943
8798536486
161151776656
31726831015
38057294410
591408130
387836118
1359516603
101689436010
48290322954
70009680088
27709211943
162851773272
55178178003
98587120800
25117422317
70969079355
4529765348
3765312600
92599488958
3930969919
31286532689
16550615229
12748698080
21036162145
2678279326
36570393012
130548496512
10669036911
22673332722
7902438862
28603958127
448032036321
72250899613
4951249873
77272428621
252985957884
174092665234
257922731664
42672573342
21832995334
17306875072
15323998876
152305820795
52862390671
83539802221
57315043673
71011009659
9481072727
15968390431
131782883691
35787565905
76152081381
54072695054
368310060520
1184602468
12535592663
247248142582
381930690552
41642512757
35432387455
973123546
246379269
462104591
50774144159
36653635134
23078863557
249028125
345141975511
38643559450
27395142527
591903858
212184816539
25706465048
17992024244
63779716485
34619294744
121371539442
198545743244
4989270765
2719431938
10173324989
418980987892
185213658702
42793569172
44258820536
4818559054
19073099258
47974726383
1269816722
9993477701
86282341557
395568951987
45332822366
35627131129
43230199992
194419980871
136090139099
6057746274
14562922664
4223537646
19951589452
24070238167
193379177123
46506033359
22628256763
3455924357
12932564277
32497965195
70327208520
443428148467
64989020797
23104393649
86230263971
389577797376
21194441582
1985995625
412749817409
140143755627
23993374884
58234312715
128494466550
1286864655
61114104367
2743650234
322026299741
2445729803
20217031206
93284928490
29121299776
7996888166
179967909827
71589335174
305452266
225463969489
7261088304
55334437672
55262945094
55004407122
45153615392
37330312774
342397087401
46945714401
29236676772
49328512722
10462409653
15098994317
34117144389
2591965186
10172139177
34224650844
161973712157
25400169
11418598589
249212063093
15477859064
6546635538
26446456887
10036166941
238435485
17753741674
97527552187
389943182751
9769329850
6369941790
28893202615
8136601340
10090848406
2958226463
1085076781
10348618124
92642471593
255980192669
20329365872
5030933620
4667560271
3210521310
82355526912
257330827659
4338723452
246529274045
416001266495
178272531128
6109573613
235947156
15950934381
315166761633
80814241755
81135922245
6752583178
173380030717
493235281
98884368701
169551140978
28040788523
5248231089
43440385434
87178403095
187971319
437871162752
2890129208
159545632559
143898198828
88515196787
28619218925
23835771
9224962006
1678273650
7644867631
8525155841
148314410679
4727939781
28294304710
32978499509
157480971812
53899229410
37289020738
833745473
1153185180
349802106947
11468013383
8278097773
744740818
5769138804
443424164996
77187593748
196546210658
636957743284
22491713263
21852797180
143643019309
6774331370
107856945322
135979924750
116018204894
60439761730
29618022822
71688673219
126365410348
17049833052
63357153253
3699742215
130135364834
26206661270
199492687660
2977899242
8645241376
1913226527
4394169335
47791464275
158884990752
107704916291
33676670829
55798267547
9762274426
67316734
1108396022
712285639731
459620582638
24280834430
236870203114
80574588332
102197796266
110085311495
30020042186
8175023602
1083641512
905229626
204951099136
4073701686
1662862428
83608578
31600024415
3212630942
37519680933
15967757546
523829225
5032169906
176009455929
102449730
27445386064
12713005433
16269322264
63113164392
9199429583
26143101264
72481262556
2756137121
2138422954
367183186
3317095046
229959204221
115695976058
183562645557
187914896631
6261053835
90088129668
29432258151
44247569694
17449621590
5252490747
87768323
257252606236
4850168856
706164457
452074504342
11770429047
2806233084
31193929523
11431623435
16626747664
2470067601
22203187750
6842688401
26043802850
42114462127
6484916958
14161331381
101460124262
6835936275
22826558959
10068530297
73633161515
248216644154
5445888410
23736998137
12083809867
84684402732
463611018
235563029788
29634755361
3357610271
487350548
28194613046
51304792560
6376494851
677963321
24241808307
327371450896
5780023302
177830973924
90754385446
299304658938
56877379675
56012518118
251863738969
101990213580
1399978649
227061828139
6154204698
4299781283
7279289929
4306628635
246415699146
155553246556
928108264
7496297409
139657650050
15725075088
635786972927
11532091878
241922693142
81197401425
367194296
6211923903
31749260129
131905799825
383204448581
21532784234
7375279664
9722110933
7911189557
138885158587
210263572734
4149081077
58960435030
102533296324
53849085102
27394775200
24040036924
14631180126
29819837055
6170109117
9483321895
16624706355
9197321242
145859785271
38294179291
137352259723
1379174182
3481830848
23026524950
55847201506
232993375397
3829721129
1227194590
250377802362
232623113726
250938924900
369692373523
3455969163
177849955465
292876667674
1670478811
270188867
89374815713
144651075960
178455225655
369317548
18934486586
48359071928
4042760119
6916943804
14474185164
71339227015
44124032851
172333584490
717516649
71833727233
126914017503
125139084425
93711027602
69053514567
7550693401
244923275197
73402778462
241152549837
108807633774
18361416753
14330094828
154134087791
12690816831
25120124850
268273274155
121908956102
136699873
20630549907
3345487761
43642593073
58148384534
126482892534
70821413903
221611900760
42732234239
41827818620
182082287692
37819665686
269261567800
16720327742
688011077
52151475324
8502206128
42606288244
1750140975
223871390286
94326773500
8080390551
173088384270
92952405622
266891359046
56396956801
9763721018
110449708647
269403627723
3941196533
12351811415
58397555228
450838943
34656330158
55384718503
300465106183
14304406307
10791762839
12068533104
159046023393
61453046803
5920983943
982093290
13408355126
175899490253
47866416384
18368996697
85007310343
174576911
120333669821
28066309980
41480278940
3218551829
217782593563
71420979326
25162872966
151065307338
36618939131
112693099740
14329335824
15493775638
1848832654
277410212437
5677997265
41549267600
65173650141
3720576514
478629195
65656643450
5881648646
100887037388
15000058251
112375153836
66261239496
81715217018
189598397031
6042265057
9913166447
128661409547
263119764579
40589058796
3276849335
38318636700
934924684
6588951001
66876767839
362988946150
187478610167
2418658886
164440788006
193368850744
35210467936
120075753738
389006580
15224495859
697068756425
17466370544
133065006748
53932124775
146283999600
260646453
20689847451
119447000
352556101
115462420754
189022292489
301153930865
3966684997
308101666
78226834865
22429333030
32587467234
48007987751
325550556059
47391799168
15268263520
21565925085
31654313638
48930014018
3004956714
594923725
1121597963
51045933985
4187331731
235204573269
28495915514
6365435635
51822131247
4789914061
41628093237
49368907332
34819233677
260938588784
728347226
5347236300
20606143670
100428771328
41010153199
23552164723
29372325084
309304991025
777560032110
65961112273
127130537701
39156970530
8432878759
22822828280
17210117010
58800135233
39479169418
80824901
111975971
10995309348
33877325226
53876804176
23513354331
5529647861
45969695057
67812923475
41611472595
2937688784
67934562305
4935118996
7394728543
310315623887
15229817412
8222576651
87652335960
104153705119
111754843727
1940654265
3104957398
707797789
7846403448
56599480191
15708547616
1881657173
140131944377
8493396964
20917869332
81823239848
6701119420
1919884869
10290965377
21189628483
8419136009
10084755809
51236606454
82368338
1823929144
6876711860
293061976338
2184488204
178153114
8949069916
4818365692
27583974067
91563130159
235562215811
18652140588
107702877328
5004317036
11779273614
2821771745
8941070723
28419871717
1345624305
90802317291
63905153650
71773968447
112873341750
22818623627
67625862016
166646228564
20626681890
195702335825
88965824031
65193183019
184102247361
18255307001
251433681654
27196565639
201113267
2686209543
22138588304
1072589704
202017970371
73969248796
463063381103
502073743
24298668821
16737092302
12528260462
1381152351
49579811779
6853974419
55686423013
151340591790
13785624138
192098169773
18107586946
61161941115
29255399345
76783983154
40682406567
122375161767
33717627400
128704262316
12949009494
63497915464
160762948256
105513216840
3030407656
18470361276
22558308629
29881572919
9721694204
3083821117
88487623989
33317877505
11271576606
5817333431
60511934877
32618747936
1589053323
101680001984
86162807018
445910365198
43750089201
1098100251
150858586
143373449699
108853669614
237960256185
77743328535
3594028143
106702421577
202594101346
24614249774
25169520186
608976831
333097512589
61080410376
8156505117
1446734945
124696466712
105326323369
1032473229
323787783170
218880601681
102730788340
16986263797
36101370521
10813947371
9089731754
266262327
8342731237
19453203009
202775958426
15882099261
91887240357
9810498928
15311163456
34456939522
41510839928
51093432724
46841752713
4065921726
59450508463
11033566723
6357926959
61968191388
52317779329
54779265734
167169923158
22155522966
349571973562
2279773722
79100407795
2432208857
100715771687
37519531232
29532013951
454032129078
8070834805
15034069243
32865238487
365286973426
4406469039
3507220318
12959228478
108453528604
174856387418
9475116500
38561232861
37557518491
7727192803
61432691316
95701474492
42827577650
178083449861
49831535544
3871954334
67568709831
94131792074
5202450494
95295682026
27312183013
3415605616
34372510580
110670036259
14849630913
9919154067
42367678865
219182852524
39943950708
3062027376
18651478277
2206670470
499967769685
137128690299
233215461
139722129285
98816575639
211909325
230530754
4350326153
6397434676
3803663487
162519654766
112660381383
84780607642
141758377380
50719213414
430277886206
195029317217
49317913630
1563074967
448454161450
35786639
12213309467
1421777168
90733823750
3027809979
18156804421
380498169677
334536498812
3873289381
145119831276
89351567436
684224926
12772739009
36207857082
214245369246
8019042135
52355319686
111713825126
367819783602
32380648498
153469372687
285716223730
14668954224
42361157732
26584779493
105359462095
97544273367
574099710662
33857285936
51405224648
256346217778
100893839953
93273712316
566613044383
119611497913
284103362
26091358188
19276493458
71313234361
362393203628
135982837955
32039069220
56602862234
4482616062
1323184777
55517491471
115505679120
226575568046
1089926245
159437922326
3294568474
164335983467
5308448109
50048163530
253835841854
28892964972
2478168512
109885439284
38809440551
53890326666
2466834226
151793785555
24686067374
6628040555
28910737023
10026450608
221477348996
131033680331
343066988697
322757806407
481882900093
61956312602
44807665964
62082747768
23803314169
53018901506
5345943142
182016204495
131552298834
724149080
24978743035
251301683328
65537850925
65517938605
213676663725
22375059258
54901714562
33248045970
51221310183
84176450743
47563977070
192218721854
178950113745
39445896025
168068916976
4213133353
108344777647
158825119565
25496447229
1500363365
392331245025
2343847074
24278236543
26309447575
4791212135
24027141633
170945130362
44646312363
29282855386
93378034546
13839535581
17983664271
109144003999
19943355153
40885608942
371293980870
216052087640
9797569631
941062888
12444965982
104023368950
373614291605
3853094949
41035070022
160222912671
1643306366
13670745605
17980853652
135100482536
5007609994
7019659399
852961328
8040548767
3904528779
60724748366
50983625429
11747287307
10630853167
24368386665
6033837771
18486876671
143637861525
1482121897
51290849525
5734119509
87529882978
10546384357
14510732079
28390039563
20221514371
15837531870
38985504020
12641179057
62690887160
89688184435
4676049906
33092338427
189783686720
15873869927
37927374258
57001229801
81949803357
160482373613
266925286864
15925232202
67067484314
168974027281
70706768029
58405029860
265231727743
107922319847
8220671721
3614326637
10826472889
39773829796
66662459589
57296129381
38330520342
102722350417
13798925373
8913607714
12051855322
109459767396
1840216004
22795369998
915279389407
66643239460
100167850838
20804847089
160310711237
4514502275
518791493100
2017385143
119130078164
388096436683
2676368835
22590149221
2716576456
19100141472
185597330406
10276617409
682285290
15807286585
66755594762
15185218647
52720446913
37411026191
21592041057
229631085
17596257353
336894132117
253029153168
5426449621
48684362645
58405502621
45045886880
135024563909
6927243485
11415906271
49980050810
65150879687
113079796979
13372172365
27417544181
89524469442
20889809629
28172064973
15497753561
113000247
239652552180
13601573620
22993945679
21042855700
23749528598
83093788345
39290807722
1512699990
60840818005
24456449570
59191225488
3726667685
46029939788
13156816736
10983245880
7149394004
782653077
32296367310
63412006373
13231071651
4339720042
6577667889
13022531258
2426238462
188454707498
44676837005
47970042464
457652541
182886870130
219022191054
240761779008
811089316
261945896490
36377731583
496959016879
13859288097
144630098471
202192959620
121382936098
9237631050
264339688125
125366845551
304969680858
69651558088
518402487597
91903667001
102948433805
48024835219
1845845568
218902565076
74069241433
27704878654
35620506844
25578555401
213310727473
212893779
113799012278
34642256402
4584967311
52189585627
20467111518
11546220685
1646926608
1872897925
22441808505
374544522733
27351165252
169803092
37643219941
21206874388
112611403535
2312197875
119504321759
1030779417
11645182305
60966262705
44998451313
62963720195
1223725712
249551106241
516723305176
108406194019
30120577432
22716045858
504804875732
119496195374
38694091166
90740811662
7176512020
55385178057
2764779898
28378860178
57155535744
13497655889
44465562420
87089969602
6072098606
1045976497
67247303267
50983384654
9066159338
40236281476
104158288560
98551013944
129038289146
3171146328
58224701125
28250558778
114840775616
239639980442
3004193788
2291658039
42368634317
11733205864
4282579140
14797571627
163690998364
21206765212
32499331082
7514570913
456700361
135458877007
21022888940
1039102695
33575666194
23133471996
8157255552
18164012695
12947957903
99918439587
552658236571
4834878413
3732038149
839365861
22712493749
105519237182
85571890932
546398845694
60200315164
11798328705
81910164206
69806142684
163300026
65049819233
25860345618
90290368878
37235364776
5959901471
4713442910
36284772233
396747631603
2634722265
4168446041
249682697
10562962877
244969478607
18127798284
13480259469
21898047
3416968464
43295199450
44903320941
187248698151
103454065848
27032190643
124065753953
6430126129
651073867
170719523408
3234595431
47270257
4922897983
1517479548
72978219308
92484154959
1214569024
4847100268
74806284742
8113818040
12870325092
6565457798
2202221131
14497928906
65570829045
142503273479
57893220553
187499493165
247805344682
12656156378
77464607249
28672189277
189509438596
2668649250
7990625553
7547776742
61747584721
101926643900
109515139166
1375739087
65781931824
34164271942
14049288408
220916512325
133421469251
4727901237
269535968717
17551381600
293833901472
186005486307
227243303136
93506618140
688315816656
104569461417
14458199196
50200514679
23927458814
62326334239
17854120698
55536917826
22695519416
206239204142
696029697863
112331897806
1094836022
1870888329
4451176117
20037664483
26902566433
3566535689
179288566558
157468089952
151160621
47669674506
80121060757
629532853807
97807174026
2962007032
16548459133
1290826557
126564099015
5959539748
44532094346
120424117086
25764087623
5450859956
16494229834
79192359725
56224633668
190256324577
23409106121
7408467157
197057802155
109113622653
4163173707
42762238285
169062976468
15608346810
52529813020
593695755742
2066604617
14888564059
884512326
19991892143
10948795343
17933179356
49404312879
74841669487
34766938578
126050723753
22906112290
171122465225
5463404390
18329836169
1246909174
6178871325
53256751
46436078810
4375461304
3275228544
15840672900
2028744255
29173501442
161018788306
63309926822
11199347815
846705346
5973051313
1555435948
389978794
158704898038
316592397655
2526577261
74010665908
1356259705
77866400
290470261960
606362662
8279551207
9208617494
79530451131
146044327531
99476389977
265317157714
251800965369
101003916387
12024194042
611066640984
44246696639
12197195258
68718411261
32030552019
58927445223
8670261692
27749236733
4301771582
18908622688
250459959000
745590151
154018634049
18010880578
190812896048
189732931552
8668421108
9545275578
192128309127
11833952545
8756147458
833774004
14897696521
5557299701
672653039
31261101958
95453412761
43431483256
216235603756
248548635110
3161532986
109770475
93312464788
37416665475
3136564376
1753282438
154343481962
429886690
87113447235
9689700387
1214168910
14202786273
16064063292
75496549659
5971094469
142484700833
1810509942
184835693435
23940028536
187307068733
204041436430
1286352950
91782493463
207516374665
16365116140
8566445085
152828518913
196244562422
20528595744
967238626913
26005031746
12444955469
41628015926
275196085312
24350803453
38033827569
992828367
3044171580
77261990944
956156069
450154002545
19923511034
485954007667
78873387191
61597500141
63530191480
83906275627
14428667089
8164570212
23553036258
89354090936
71076783856
9920861370
25973657217
49039209128
65893326968
41536163480
89470571968
92294559206
15109444534
557943317
4416959269
125538535191
4664370185
353389015388
129128525973
56535994096
35599020
8385120940
46032241127
123086988361
1625055392
590618273955
4183017342
91393829306
17247153516
226033396121
94999502492
52269451157
4886415462
24339877086
6195587790
215699169231
34485541268
2520834714
61989240045
98163433296
41177877785
3097636424
1154699546
207277913899
17423912558
739000985
189111779062
1308958445
220154145849
784118304
89346018758
274548911538
6674799737
2157387869
78790361328
162599082213
1302811860
137919129659
39740429678
344515751
6814934494
19213796598
6134765486
35408481487
544854711137
451712320
32337932105
7180556407
7012969335
32606404207
195306881
15680062418
6547960371
372773687686
66095118626
118085241164
34382231969
103672004635
103650985911
459108025828
9765775282
1454645663
9024582579
151870114144
11549518781
39112898297
123585051999
7233185514
1666394264
4493614531
6759947852
33453953466
54316636481
82701407471
11705183068
54577630639
171338439460
32302209724
276295169000
17044380255
66992697734
36371269615
242773036
565331048
68012266399
8266566132
5669123535
61567227546
33486657629
21013342079
92360667091
51702319733
17661962991
191105064
798485476
37141263817
738096898
13771185676
27790006827
23750068218
10287508318
328507592076
4713410515
301010427
63197338883
19370879709
6710795268
17080248106
157545917656
228803731703
36605078189
40049083424
380368284226
51933092497
10585657175
31983279697
1962345810
67886373765
104542206758
240450361551
135972867385
189836539
68208302545
139488409346
1456666504
20429473908
384169194098
51582224411
43161910405
198042474788
45386540340
22571226083
169227802938
652014360
398440540
20308535617
76772147701
184275156220
127332949966
6846131046
1127803500
365461668811
62194070
33193475567
2096528107
123483602579
28362529188
464983676556
67815688630
61732871095
34324834777
288898894135
13690128620
112388566204
50445151180
429786057
68423690907
6429741895
81368355067
123826893823
2957914805
119386444676
12363426202
174258805781
3853871674
41377302933
1943902589
2774702791
13343148432
584024887
5617415995
8780687281
42594076818
95701206342
19126289176
7977427495
20360565863
297761785904
32686293871
527369748787
69140568888
147968267
158801410662
37984225013
12574908489
18523311133
12049070590
239677156
3036736103
3916375212
940179063191
117071211187
151034927986
15376100437
538624620
7382210097
46188161213
9499079441
20996811592
33730168406
94253779101
4157650426
15176719793
38010666011
168133373012
57732918964
13327093700
12752766067
2600520393
45193844453
36019179122
59612772325
652355640640
97833571751
29645492396
66471178075
47304286316
110010042453
31356251
183192263167
159159009886
179055511451
478389641260
16625671327
48708726531
146797191510
3909339617
35050393949
2350863547
11170880508
115167767394
6898921024
103539788075
28587116656
1214285187
178578026046
15691170138
123976770169
55084223018
32035892473
705292735588
84601772368
9092036257
35418468614
59300534404
21285456916
777017600
41750880842
197326515480
8677329308
9154982863
7566076593
7872480421
35771679698
69068324538
43466452995
8108048903
37246088421
190798985316
175101094017
168044721
22031509281
17264125596
116893735145
15865452422
484226293130
7285424179
37764839771
1262781671
663116830606
384038833017
94754729700
9221192777
22879690479
100527126977
101936525250
9939130141
30604119656
370972640
8338426653
6362782602
363593476283
65400598559
10877935988
204850683068
7583949695
33847491881
359888874440
9618732266
86251741139
342766227920
247583844
12989007988
48052463824
122180178664
205717237439
4935805020
47833057963
202800862464
15237714030
247235483932
118453957
4693949418
93983334111
124063494668
121051414671
53265988001
111995495678
8930441976
28413652983
24879023467
16723915673
146142921860
13371514058
9227768869
2880771262
801164853
65870740
52505164348
326913579
125539183846
20656988550
8300405867
86296765652
107189153361
18227990326
36939727652
2902628280
32296695
58604266041
10075521157
272939333746
38543385901
28871500349
27382654799
45339445023
32195899499
7208375236
12959590451
37737777640
9072220506
91209672744
33535821937
63089377499
9214877486
118805550514
21544890087
4274210903
102983452158
161749117154
14991294014
108892562345
104977158077
60663672177
57938265527
28388377995
24022651196
68277216883
11666855085
87210067520
131520123644
48711009359
38017615811
229140934406
223218476618
6445210033
103304934646
74420423325
197076284351
126814062806
3142503339
40453698438
130698864604
3061233676
96243524055
1583475670
1197740513
470233294
29201789932
213917915079
1588181590
13382814031
18614924446
5174873968
1266676276
43493517089
910506932
62903601964
65466805338
402349489707
1359085787
121126790594
162893026875
55707205352
98984061078
19492336859
52296054593
44393883703
10015257700
6963012295
82970672935
10801793107
44802172993
17173630539
42319017432
4794931292
50638110
188505095072
3515297074
12736458274
7188699479
41166182
55408679160
48235268645
16505061749
6206125119
12031931522
38464860151
190628083004
510952606911
251720051891
2079518177
828443003
18852542471
28359105247
309381088088
11359696879
140056711477
15591475632
26274677140
76266309351
14355271383
3684671277
135640831279
7452622541
12723870259
2009608176
8523860486
185321900465
1334555312
13381405769
78880014696
164577775533
203649171380
55549997165
23766630499
38936914718
350709257906
196354871252
8508975591
119720135348
22099155554
112998661128
6840546481
8428278002
1474418312
85268538948
764844121747
79949310834
43060095600
