1075368212
36500831873
136428526548
7126508621
13946378935
10946268698
9900385407
2384719111
4233825891
1080292015
1980314427
439016421
30316356386
359570478
3033890036
49758441272
41773544527
31881774662
55929830539
3794916359
1160524272
8526122
937873268
2100336618
9865267789
1350391260
10104824565
9939054879
976932301
63202758927
361887991
88921796
11453284541
51660833434
1424859195
15022088755
44180024846
8489938197
3378139699
281632295
12528086168
55477481248
38395274017
9409952747
2433710453
4498603504
4874460788
14015301022
54428235115
5534440980
191581735
2620908149
7080887746
821304564
19341318757
312727812
1666350797
538879701
14136121679
45028122632
4058773906
49845910975
33434786896
20081546874
20413772181
36154003940
372654010
19785615797
1311494655
2294519557
119761051
27817783792
16666431286
70614737599
4586634124
28636573354
34607611553
205293943054
13885800230
403388226
412852723
49890078401
70903640435
57290868941
20632106641
12507942048
44148505240
453126008
493267476
1362384254
36416026306
7901336428
24710902304
2046756583
39534416332
14074738504
4488513743
249942901861
159369266
90623487623
146815118
1739137465
467041387
1189687443
74463719260
4976368062
3615799426
4963100265
12904283131
10816442586
18130818407
11647254260
28694096642
4707403554
12919229341
8851595035
2016734495
20492629845
15471721156
2615217517
8535574029
2514696469
332068711
4077425795
45976173051
36049264893
12436316121
37679451041
16606709896
31153352156
9821392949
66616510161
7735127866
2449950242
6676330442
14942594985
9593506743
93934081515
1568954739
40759878768
16572061133
545439653
32188871133
10554256125
8967278291
5496270512
1289498880
5287754936
1291744122
71931583229
64449434056
628014627
13179709290
57440862974
58637066445
568126766
5817523304
12337024764
52356691868
90936669819
1982434937
12488867829
49642051437
114846326655
41757089509
27380943049
755289300
1410154393
26769366470
4244995232
31188793128
596827456
525653548
525091258
1768043854
5355048522
18773762234
2764115572
26338453964
3651268304
26920926907
4087452657
10269411341
4735941730
67211059184
22925673165
93211359546
27844045277
6285841506
1618307598
475615100
4019323478
15777500677
60335882596
8155617576
216014936
1560443802
3995228458
19849587094
1060701898
10078397499
10060686217
849858867
4154428944
14217952357
580326600
4197883131
1090844586
18791421120
2362090066
3554064819
6445856948
21347649591
38854776990
21269477706
7472612645
25739416364
118930446584
714414508
1671845052
21915548453
8112793752
6458482766
5512237276
17095792814
5236146165
3263994848
172766019529
60953266240
18469690791
17205940030
4722369438
514310387
5469498600
30625554383
1808377828
3156999270
86481634821
23961598353
2692464350
2709320688
12364246730
1896669025
40863599848
3336400703
299333531
33614207984
19408032939
82432279
1939693897
785238934
30949098674
31099660444
90722073560
3961259642
5170761793
7137088206
150623622
7909006649
503140884
192051949
40156244248
638442296
22427934505
151002672
16496999905
20207600138
1382221692
6395944752
18337380248
49553248742
1618163411
61711574557
4595076097
18950404669
13115261967
51873979125
61118842204
84911705685
1895772851
11126043468
72765868600
1409273777
194863665
13249422558
3793299163
19356616744
305718169
26046127389
8724034955
2680538040
22404830517
712752461
7572841454
3978827080
305673308
15517770126
5731138422
91791052
14396993900
8139161998
6421248085
2082000964
10054902302
25315785357
43746541314
12823299253
51885529197
7262391453
6089547247
6518095372
4476122931
28943721610
96797609968
7243066938
458359924
797043989
8656046845
27237504191
81127767
443682841
1736722025
4211906917
2091193413
3054173269
15226617
22811707539
32784798738
175187749
2213734900
87093119695
11088193244
18849875436
11932611939
6018520835
8389968460
4208385747
556517985
40022983346
9772844595
642321878
26698617350
1536698838
26878314943
1849742462
1659521852
19773944991
37194521268
1529273232
9040595685
21157392129
1154812536
13157066733
537248916
590111024
13826901937
23498843025
41125753
23195110366
2369216907
7476401951
726831166
6749504957
160023013
2697690992
3874796105
66862518994
10026207288
75558389676
4519108438
32881628588
3990643437
913690748
26769827018
18689960514
15387611121
41850450252
1621149630
1561789089
35187942825
13037375678
4915753055
965664508
2777964019
23152592765
16401908106
13007411442
23638577763
79155935660
14989592900
166980287
5491850979
11020406161
464435065
14449222829
1115796684
3284583854
24539724133
4638636812
10481324879
4625021019
9817077785
543424651
4831885197
512204578
14175254796
5282171405
12487197574
857122267
467494338
28463902069
12384131073
1345316003
1462311091
1526169047
2653709326
15376614827
23284083929
88750966655
7800714876
2537291174
11996538200
38312687618
79359401254
4117196473
19343515905
130777852820
7183255259
29088634299
13801615164
15767317168
115330598139
9839034963
736331266
39123691616
25662081296
17449942259
12912685664
35353613417
26534486492
496088847
68132476741
14405925884
162150570
2364737076
4856181164
90306651131
24912984945
16163463352
3296202989
14500249464
3898081890
6090645559
1249062323
598767383
20911889791
15220209539
98363641
15907839260
214356461
12964135361
47175052140
27755505
1963130288
1616500779
14652471678
7931453774
7147622254
15511709292
67970521399
3401587294
47200599957
5309440894
11880965064
9281871945
29556846489
13471683638
24917536668
643363695
74961717436
5311422414
1041512898
1079160766
92943080656
3145159535
6675117433
13180595680
143107764
2235371438
164500818006
1349361792
25738495328
71571224801
19557392
52844359359
2569017112
2812002762
3635437909
8366795233
1420235884
