13006268368882
10788088676457
17841475028249
10749363034828
6439050942193
14541536117443
18362197839752
7895721315048
5244379336549
14620727961148
6822705629841
2093999001941
9975718557558
5922658593135
17237358752878
7489194094909
1439600554703
5340068048035
13295119916263
3330932530409
15688310772665
5628663640695
11961010530145
6374924143692
971730909115
396649100242
11372316850921
1102767961158
3795609162102
13401367512062
6255014504595
13796505220013
9539664417947
6794839417563
14880389195925
15806287970298
8603135045648
16179268157415
9074671873314
1757480580627
7076702859331
6805039313399
1993597478992
13903249558207
10100920634138
17198237314336
4498622020313
1155248341691
9737493874763
7504079737597
3631630150328
6786284227464
7454826554202
3409046683096
8210178868095
16677115691641
3066853395316
3435550526242
3513457398688
11147025803093
1955824074715
14285427330710
14585605699399
6607861699775
411630333721
12201225724352
16246423064073
1256164678960
15689888832129
16808238696173
15546442918667
9740160917911
8465045289311
2198970390994
13289433031600
4462526663818
7580859862868
7473943016106
16522630176654
10543327421406
18782701542369
16268421270422
397179566296
6198782490708
6369668822151
11675282485136
1912997903930
3188347988341
14836165155949
6400106204026
11238885275244
4793630894548
14686383796483
4780444921872
14702193112923
14325260726350
10944220689910
7883641574225
-1
-1
