214518
110797
278557
57063
46178
33748
12065
11865
12159
12945
27577
91562
15930
26135
86873
67237
36515
169551
102341
35598
29537
67697
85626
137217
53063
51571
54378
34076
7728
85607
45930
100018
11157
6163
127813
132636
191431
49919
7399
3989
59230
9163
10735
32734
113
12790
41933
17643
24370
38736
8631
70285
34928
139811
3444
5605
139755
105364
5331
3529
10815
58234
35468
4077
11503
6663
50979
102986
226428
156885
1436
82338
114900
8541
48875
95599
82270
2162
41119
133280
17945
22878
189817
243213
656
4379
6342
149025
106249
56744
43614
77197
23032
11200
10581
62579
96648
3612
54658
138
96314
225320
82024
3846
4187
104001
45306
231519
915
61437
65921
40914
701
16540
8326
25211
8935
527
392
17347
24114
19182
14653
163785
3392
28797
49100
88959
7202
43530
69514
44212
53003
185484
113547
3774
173614
821
29492
30244
80
166371
67093
55688
77917
13546
28251
2351
233386
33563
26720
1741
81879
95791
74522
37272
170887
46524
8226
130100
159239
66014
73516
55694
38813
115101
31925
20841
164305
9628
107017
69113
149638
194737
123860
1600
46502
1348
40232
3279
42859
72148
11692
25837
127379
15891
482
22724
2576
234273
86949
43099
1010
135305
15202
59696
3539
21497
52326
9687
647
170202
171954
9937
21913
9937
172123
27739
93222
80701
145966
146211
70292
60585
123317
84093
22313
35575
41698
115065
26678
1526
35347
4014
57988
90210
26307
64
65975
70211
148138
7402
37907
94485
17421
45702
4373
38769
6432
16441
126399
211778
43976
4226
55318
119081
15117
11731
62883
151242
16768
147197
217992
36083
102266
98784
3617
78347
170026
79086
19458
81743
3555
16414
12729
1462
39118
42949
59953
16375
65210
3639
5789
152068
4724
20858
22292
7736
110870
10690
14164
93
5016
83040
44269
15621
159326
153754
156165
203209
16748
44670
19762
18556
49981
14390
4674
33074
3349
3954
1291
22534
28739
19409
19852
175130
46416
12524
26972
23550
58464
82677
6774
14938
27052
40674
12046
7457
214744
35686
486
4132
183841
33434
751
18283
92022
39606
29389
18022
8304
207618
58223
95851
19609
118428
3015
38132
76022
18161
33574
12800
241137
24994
16210
677
2003
45667
266672
4285
31456
15142
1943
40412
134843
67115
34537
34682
54115
28967
2763
2701
200441
15457
225406
137211
41703
17963
45216
55976
3505
2578
198760
64400
87327
59049
15827
92320
46403
13515
90810
84290
55152
76565
37842
14189
4407
82130
41980
221017
4545
67541
1887
13067
205145
13708
17775
9824
207702
86884
285070
20005
10646
55474
7921
9691
188
65630
65560
37719
23631
8717
5965
45450
79828
39951
7287
16419
131069
23796
170514
59663
104938
19230
144581
110092
190332
6670
90997
159675
3018
6553
72752
130337
35608
189751
3380
69711
87933
17321
122050
155291
106372
30319
127938
23301
36650
134449
1858
35831
19450
5024
267628
9464
2813
108958
217465
9134
5295
53010
93036
144386
17603
13308
103935
75659
88515
37197
36438
83640
31246
123490
113077
9485
46389
61890
93438
12381
121499
454
17710
25313
5611
43806
48772
11222
5317
13773
15430
168
56302
102509
17841
68313
200755
11100
24268
98320
73134
14891
43667
130527
66567
18
2755
44977
10371
45211
123765
183713
194964
6672
161904
11411
119093
64830
76566
66035
33625
30731
44039
102158
24170
28870
82210
62962
105349
27839
13623
33688
6780
221480
12960
840
88905
12041
43284
8447
12373
64724
11304
257605
16675
9877
178079
78094
6242
2868
39950
28055
68452
42713
6350
81878
5339
96654
0
39818
29497
4295
137853
98988
103651
21227
223317
11468
67310
10587
9000
83265
237687
5189
5946
3069
12097
80614
11083
68319
115244
87463
29599
102915
5520
2358
21074
2
148210
27774
128314
111
30863
14093
22274
50521
90938
130087
1967
139913
68885
42455
41423
33697
2741
74011
8343
104380
162727
5899
65421
1052
28464
8305
10574
55162
136397
74123
13401
29346
7832
104241
25734
76496
2482
58767
10739
81311
20198
18619
58759
9772
547
2397
14558
5652
252064
80336
59917
205480
172396
50651
66337
26473
7746
46372
2787
4136
186585
1434
175661
25077
24735
4441
1304
118475
16644
61557
2433
128330
27072
40965
6859
1838
93672
67721
12703
9056
110914
15379
19745
97643
93215
50679
21352
83628
5773
23218
2793
23141
62978
36115
2533
113365
33721
2220
2178
62892
6093
10425
9654
58597
24073
34008
80030
2187
16340
88195
52750
167873
20510
3871
186238
12974
2468
137990
19001
85158
132212
1337
7774
75533
8706
31715
13013
2848
21493
57601
2898
144232
63824
21687
46354
40687
2485
57952
20598
403
15171
133409
24709
4381
16724
138354
74409
49368
23260
19881
47220
140365
34490
132727
307312
44668
22801
44549
18739
13836
251051
31930
108418
56891
28163
55875
184666
23086
13300
17789
20934
28516
152967
2010
34497
38201
19339
1587
6928
93717
32220
84172
17188
143291
67038
166209
59724
108377
26200
43098
129
641
55646
220405
85171
4191
258592
362
147441
170353
11305
4717
121344
4594
26091
90592
10226
103693
72747
62007
702
72050
20966
54531
137769
78141
3392
660
29525
71350
50229
238349
28305
20261
12868
43892
67871
2163
40922
235355
3806
20851
66925
37354
12263
243
110587
28380
80040
19548
55382
63719
167984
16468
58014
22840
17600
2820
136445
5300
92544
7397
15249
24787
4029
10525
17407
5875
80673
119575
193981
116774
31319
97430
226957
7317
1459
10286
131341
12256
7718
105101
192002
36496
14317
3515
33082
11541
7676
22988
23726
239
6639
34928
72455
16071
22327
55689
131628
23440
76281
141369
1910
5076
43301
143231
1764
6492
15927
55520
114677
18624
64494
95398
3521
139718
17167
53603
37280
34962
107457
80303
559
23456
68292
45754
46126
133015
144816
14274
4399
101793
24703
27067
12060
29761
36760
2213
59781
35248
234090
56405
84272
143228
7296
268646
14446
8482
278636
190257
25628
19308
12515
60093
15637
198764
193450
224181
7943
39552
3722
45465
52091
182469
170205
75297
6735
88507
86333
137493
2041
87745
4572
1205
19934
77824
64194
6110
37230
791
22518
108179
22628
228447
173455
45979
254617
148
19152
53650
130991
47526
100788
383
110161
47
10924
19712
295
20448
8564
37583
73199
36038
85280
13306
84839
60333
187580
194492
37966
36664
73670
19272
56905
20115
86814
135130
22462
135285
29640
28753
32316
12506
11835
64453
50617
27204
109939
108562
20104
82157
8519
68212
149291
15087
78676
35551
65703
6300
51464
6946
31444
31424
9800
98969
7178
38339
211762
100302
66076
55815
33572
7565
245961
24323
8799
7516
125042
85860
16832
223642
130030
97338
8069
34130
69641
118526
155939
15656
77260
1388
11639
18465
23512
121181
43866
443
16955
48853
140260
24071
231864
55670
8672
233739
1311
4726
122362
43584
39820
65381
63358
49809
2742
67719
22519
24211
7354
8440
81337
75747
5642
3674
23408
23172
95730
3879
5064
19900
48509
8368
20411
65342
5179
155150
29206
165151
53088
3660
157097
9207
68590
172723
53276
45736
130965
30598
65414
32384
149592
22345
10266
909
47879
35165
64674
5149
48268
164242
19360
23980
82624
642
68704
15608
30125
83088
33845
14383
60835
99234
5960
64902
107833
22924
25926
4341
57998
2086
15284
97479
51412
49258
24488
38624
10609
82653
44322
106741
58428
30780
147126
38
1205
15757
29117
81377
2850
106528
11487
141825
38896
159
94275
15963
18261
6574
105790
222292
202213
6864
8242
45501
45498
13948
20146
76114
122321
24963
131416
21849
75133
295788
3529
104751
70550
2209
209984
22308
28037
204476
9120
53220
1337
47386
30455
8525
249997
30600
13104
50512
675
71666
86148
2862
201322
6472
68308
116970
24876
63058
67856
52809
2367
92550
6865
212590
139992
53254
35751
30608
32877
6631
1006
23365
27728
10032
210713
16826
806
21638
174731
86355
9603
162093
148773
16797
12186
32613
32940
1650
3299
134727
118949
71604
79960
16637
21287
39580
306162
17640
19682
111534
10655
47189
27973
2988
29442
3375
6367
27214
59291
60533
44509
77053
185040
22992
72424
193759
49550
17575
13506
147945
145213
141024
15742
6384
1379
6331
29272
39092
18445
85778
76140
81432
180087
21955
687
52970
72757
25477
3839
287285
10605
157469
76208
192797
136821
11580
146082
8079
131595
7905
9629
64577
132501
83155
9098
119521
291695
100599
183
9165
184874
23480
126127
82357
8778
27245
57754
46964
17928
3272
5490
7940
75293
101483
84285
606
83042
12623
10649
12890
129960
48220
44415
23971
87164
78906
21211
193314
151572
15077
76745
98159
1382
142654
66335
35325
6290
52009
29517
44517
17114
27924
17595
141943
15900
24214
8180
16488
78
3958
115
46441
14790
38792
101566
41705
19867
46039
16509
31372
101690
17911
72214
3539
4103
35759
20639
235779
88877
40137
4413
128794
19201
11689
20428
5787
194906
8241
42745
158454
88162
10324
62371
785
12284
8798
18148
24141
13778
74731
17818
50748
19634
4197
8921
24871
48230
5353
16932
68650
36266
11804
143658
9716
1916
38579
106842
12029
73448
16479
597
32799
5819
41513
65543
695
170348
7686
159954
154194
5777
7614
69191
27193
32656
43929
93975
48770
23775
279
59916
96424
59826
20746
1829
23840
132464
5313
2300
4695
20210
60053
4500
114889
45411
162396
78793
57467
3016
45669
16284
190227
10015
115205
208107
50909
24672
46727
10842
155266
1095
19191
52792
11184
28353
38563
62057
16602
8365
22872
18217
247379
126669
5794
73347
66886
154214
19564
92935
7931
7220
284198
71039
32261
125633
9996
140648
5868
25764
84
82410
138381
27819
159249
39446
246335
21612
687
21346
14618
31936
22643
2229
117017
57629
6728
199345
178181
7878
86643
19373
20296
17441
124749
187068
212959
51299
23693
35733
28441
28283
196276
100837
16155
53110
12635
44141
18470
136512
35431
1025
16999
200228
16800
19001
645
129117
189882
2135
19213
120038
41193
13556
10781
7752
53452
40582
193200
60932
69961
28347
19827
53106
192653
174734
8792
31440
30957
1063
48580
28320
834
97642
36455
214145
166791
34581
54542
8431
51505
11997
105238
313
227
30786
13703
49934
144490
14312
16758
3932
66561
42574
216512
6481
47695
22303
75828
10532
13708
52611
63211
55182
9341
613
25650
93712
17802
95014
34371
7054
96776
17409
87900
90248
28150
60105
43996
16033
13170
66730
19585
17956
220195
38697
49668
211331
8562
27060
71218
193003
234738
3747
4727
31979
90818
212177
116031
60283
125231
3999
24756
114945
97840
53559
16838
675
168586
276268
108706
2521
90710
49868
130659
52717
70939
71837
104938
74419
25748
17987
462
583
18139
21057
2217
2528
23069
1487
140172
16381
201788
3367
77675
37536
45735
22019
492
59421
22053
10090
118722
9153
33121
131602
5098
63885
126308
57554
2913
217422
164618
93545
4868
17124
838
168167
45597
12029
32471
44888
102391
56355
133348
40274
942
955
17516
20793
1023
56660
13175
4332
22892
19674
3827
113933
44732
107900
41315
7955
5519
112303
858
38749
146016
63782
12614
2508
14418
13977
40236
113184
25391
6332
59104
170094
38829
31935
10930
92833
40636
25896
86330
14269
22683
15582
188576
20740
27920
104382
1517
478
5676
27887
84476
7900
24267
66233
61199
5786
395
105240
6391
38694
85149
7104
23214
116903
133417
66863
56473
110155
49250
197477
5625
78681
134192
4968
66632
221190
93557
5114
3291
237025
20021
21163
51957
99227
126835
204482
194702
1280
30891
8908
1097
4323
76895
24094
49619
147124
121645
41591
7905
93774
6493
80593
6368
8288
104922
35303
15118
47644
77783
189874
14202
148181
74106
25278
4631
39514
125505
2173
92988
14123
141717
9648
145518
16833
160422
278349
115996
90588
22275
966
13836
18749
32138
23069
2502
73544
70563
12144
26344
8459
69711
14193
21782
125736
48121
19478
82395
23800
1867
13806
19086
27902
18398
8854
123676
32707
55258
15702
77912
10383
254674
553
47635
68844
39456
24366
112934
21611
25712
81210
39781
98112
64435
110951
59735
136883
61437
610
132532
29821
82898
69114
119556
11486
34431
52581
49441
565
73959
286050
183664
61456
186402
42491
4031
135847
161282
82472
40337
160599
5582
62811
31967
159601
80941
74036
72750
27710
202450
17072
2079
5137
68236
30932
46806
26587
767
30283
49459
68098
94179
203541
73887
4486
8173
16417
100245
152209
68837
52451
10642
55130
87524
17887
70559
31468
27209
39
307504
1971
78995
23586
234554
159467
13125
48662
150775
68023
107634
61346
20345
115481
596
7176
6700
26903
1801
67324
75625
108278
101162
12900
38291
5576
1095
29369
187
34263
46244
3289
11713
93099
147969
10836
10664
106127
427
45067
10195
15991
6986
13978
12171
23519
87982
63008
129747
1733
42352
26418
92416
104433
135788
163421
16777
116903
45609
39527
50997
36503
7775
179379
93519
47502
77355
9542
9202
88438
104371
8534
2444
15532
8639
24177
762
7443
35775
3072
55728
9091
106355
255734
38515
152215
45011
51425
118551
190330
2354
1701
4820
124709
130686
69724
10049
28194
183792
108388
15072
44407
7141
89093
74450
25679
2235
78156
11632
180
90627
1823
71994
37289
11397
3752
22755
15614
43989
8603
111255
147155
97144
26113
136941
31776
27500
132342
10600
201326
104427
70545
1222
7987
84268
206569
167452
30107
345
63315
23289
1912
143429
60101
179428
12732
215135
45216
116551
1598
70424
64007
26876
16752
23471
49314
63578
168622
55610
17543
21642
56407
6401
12419
281653
154844
50953
23357
15913
19806
5159
1125
26986
4124
883
48070
205777
73876
35443
1614
7351
109381
76264
6557
11615
23724
577
9405
22346
136627
107197
25265
49277
31401
50332
324
16318
185052
360
4561
41623
3054
66082
76768
13661
65759
30980
13862
51773
74429
12432
83363
133563
78248
113084
37540
49850
78415
11555
8198
35880
34443
46694
14568
15050
60331
15255
15444
152297
143745
185487
94666
7652
49709
14053
98996
174342
115708
3658
104321
98064
52296
68714
69828
114327
90439
76449
23909
40328
14042
49412
75670
1
14709
9038
149896
69785
213710
107994
124770
61177
41559
88544
16586
79013
34488
8626
28729
1790
15935
183713
210010
92750
75403
5462
37209
81377
163062
13807
41074
68101
27296
197993
31396
51956
22016
20721
21216
45887
3704
95614
8179
55985
54533
5631
3811
8634
56097
11757
9776
16167
34761
114370
17708
68776
35928
1953
5401
22186
2004
33733
4217
17620
175508
53478
164812
10423
39014
78667
108899
5953
13350
50834
74754
27891
30428
32264
53892
82190
123766
119147
22850
9460
33568
7501
183357
125241
58966
10736
76917
224920
36029
43557
74261
80215
103480
55750
35250
79669
27295
15998
49160
114583
50001
20053
1076
221227
32417
31436
31423
5791
19434
19124
69507
66346
18776
69893
80066
66700
46604
19846
27188
58060
30974
23878
11906
46578
142311
146063
669
2208
67159
75642
93185
117453
14587
30558
156423
24913
45877
109591
774
13460
210453
39390
6637
17771
9705
21982
130294
32782
5165
158213
25208
70832
155096
54256
18714
94576
63252
68029
78356
58201
45492
225211
482
4687
49332
13334
41028
21010
39498
3594
211645
85285
64701
5032
62008
816
53206
149421
17317
14384
335
160230
7979
4179
6309
190162
44658
21462
26010
40745
48947
30050
9481
59854
86765
163079
50076
6226
177161
765
89125
86068
1127
59778
233
18
5201
3140
10164
14325
14778
89209
198883
1908
70194
54634
10816
20955
42761
21493
18796
3659
15249
76897
143319
52372
16157
334
0
112871
5047
21695
7990
10285
2238
63752
71572
4343
105866
125552
6683
4770
224755
45881
75026
1178
5381
9133
1210
69254
197090
11700
298569
34499
43695
10121
3932
67116
96290
74585
45835
88943
28371
2857
72384
4130
12315
18741
90009
760
215379
54961
42624
46129
58620
83218
78968
10107
52649
33064
113460
26597
43753
80654
20947
42778
299831
27451
92751
63751
34365
31084
80685
28546
51174
2086
131626
55757
26656
5601
38820
36315
112522
9780
19670
34594
77343
21864
87830
49777
96672
27272
27682
26002
163234
78284
678
17557
33444
56417
11566
26939
817
79246
4079
13551
13919
1062
168002
114135
34300
173306
27574
91160
45096
39188
67611
12460
15873
6083
255311
194540
14237
88254
38584
107807
53870
124138
424
51018
15631
134344
35225
61388
1009
85484
9924
271263
2114
28467
96881
70005
61534
37523
59019
9529
1465
4161
34860
23843
66323
20654
266301
8973
47471
56757
12847
111072
53325
19668
26582
23740
4278
260970
12330
129866
5267
45985
68423
16074
106641
2
55386
7883
14192
22597
142168
42323
77871
57960
188987
7207
749
37600
2608
30299
85104
52949
130774
53413
48793
39583
48398
102674
15883
27569
1021
20939
18395
97030
87779
52222
1678
13893
59269
146251
12675
37581
28729
18822
1142
53520
185466
13515
37473
108045
78935
6086
20817
16803
4931
31896
13159
6685
2734
35417
28897
4824
178225
34386
4630
1162
8218
9554
23630
32669
443
1959
490
34776
39625
91302
214936
9647
78844
81253
244054
55907
80323
69699
43547
4941
22166
138347
34996
100446
71019
56262
37370
41236
106957
47932
61668
51337
65344
7287
148348
18849
56995
26699
41021
252726
26456
130952
51306
101162
1272
1341
67382
122530
27450
12979
21537
12
32573
84
35037
52348
33141
29849
17684
5298
24822
70297
99479
37405
13419
81101
3990
339
92067
234
104337
40327
74634
127497
64649
111891
8702
246930
43238
89137
31804
30275
9502
118412
53366
45569
77226
44684
16755
106209
193872
4325
70734
59640
1492
23139
158148
9759
35108
572
10577
36367
7058
55420
19759
27268
38287
47023
62657
54290
95931
9486
12125
6748
23521
2314
31015
16504
15377
87404
27159
5442
114263
1081
77287
13424
105559
91108
24197
210404
13788
40917
30066
53556
145545
6476
16060
3969
61281
18420
30723
3334
135241
60591
418
131824
154447
45337
102685
44739
2527
14539
95495
968
59279
75809
110583
68704
102914
796
18162
61871
41801
93733
17090
224916
28685
185868
67969
159953
225524
93610
221714
197679
142169
88767
125171
76931
49814
2618
50932
51904
21273
134493
103392
1558
128360
101899
10780
275656
15538
6593
184326
4903
17651
52309
46706
33553
98510
5522
74294
2751
9489
19560
33477
53044
40270
57693
54048
40213
22711
43594
22880
4521
11649
40320
2692
35108
38977
40622
19187
95497
297544
17564
60423
1406
95549
107530
65294
171549
83580
62778
47790
10979
3841
2476
233783
8987
75756
56801
42385
17677
55335
119533
16611
27157
959
85896
53436
5177
20390
42161
21396
62745
23943
14313
6930
75328
236801
31750
74540
21205
28971
32196
2250
1302
3911
151223
204522
4348
5773
100015
23647
6475
72765
26016
38650
14747
15889
63464
6016
80924
85270
2742
66081
6841
158238
155451
83387
121999
286150
29148
14148
33395
57037
22410
16286
59953
34699
47120
24910
90381
29163
73722
7107
29725
70931
4053
52658
84854
3983
38180
12568
83096
7247
38603
940
11263
16225
4042
45884
6424
9663
103904
43546
30264
1199
1280
30471
14752
2541
8149
25914
20548
143426
581
125479
175351
12833
136997
48579
17018
119502
70211
3235
12959
10198
27886
98419
59305
78582
3385
197927
19061
53288
19331
1410
38784
166518
1173
4606
17290
8770
11672
31838
25037
19536
8106
38213
187524
7343
95729
12
81421
23454
98000
80610
31120
174798
26936
60269
74129
209160
40378
20500
8807
166497
95540
28294
17666
76448
84953
6110
30197
213593
77194
17728
165920
25092
12987
34166
1080
13932
74938
11569
15375
10895
197752
63457
9018
102134
7388
13935
5990
38111
63981
97267
56097
20429
5611
98826
36860
16223
70038
6804
183744
1354
1700
37458
9009
114880
20368
781
10912
18923
12143
81470
34677
37
4468
22230
27703
9303
147717
7415
50393
5681
135091
56722
47309
183641
90309
39961
56938
4750
11307
83579
22394
61875
2563
156099
31069
131252
20701
10271
5303
1268
130017
17967
35534
13109
42686
66985
749
80625
83967
32508
79967
27207
7151
17761
22037
9609
146816
6121
32778
26969
47068
17971
84821
76737
37699
2501
153598
47725
11515
36323
64321
93016
11893
60590
18086
43912
963
179847
9759
7751
225723
19575
35085
54580
23452
22510
152753
78499
10253
4100
18895
189651
66945
19449
4639
504
70603
32474
134374
29730
132488
3335
13638
172552
66508
212592
153375
105834
10789
34911
20058
93503
23347
72348
5427
49044
9576
24234
59238
22851
17867
13254
22823
61447
70436
47266
8891
11002
9241
51056
70447
39138
10297
10605
5107
5552
71652
41065
24884
10936
20725
80489
131877
41668
9365
72460
207836
44019
4852
235828
821
110620
21936
16579
102352
107718
83691
2669
0
5882
52349
5217
67546
48475
39
71868
6567
8727
4849
22575
4560
50880
59300
140174
59539
37605
23673
9074
130733
141451
261
4929
40637
82117
115201
7632
15563
11612
194914
146859
2708
93689
23098
80541
82811
50828
241154
154698
53163
14424
39244
81132
38989
3825
1067
69051
4265
17824
70131
63450
7651
39631
350
243476
70015
13387
123922
31166
28799
66378
11731
276
5028
65518
49681
2978
85869
33074
137596
1957
134069
32060
2386
153459
31577
95535
107858
21163
9964
16061
25526
10212
107841
51233
101115
37701
4103
45497
75049
47414
9371
8877
128790
7525
60451
161214
5133
22073
79645
40039
5744
5079
105643
14705
44241
37719
11867
18287
67817
60056
39438
3025
165462
7901
11523
53280
78620
8976
37683
67785
5465
11856
155676
29545
22421
90613
6607
62832
46838
19060
91660
130429
941
93071
3974
13201
5606
22420
11958
128894
16182
13473
4644
256288
2065
152218
18033
43587
85542
130923
9981
113226
35662
78373
43278
16535
69901
40503
3280
257479
62382
35748
76507
93587
13455
11020
57940
3117
10437
72084
108611
2968
46436
17362
92267
9518
54959
107717
128067
3236
21078
24876
60205
314
78256
6218
1927
20829
41572
6552
33081
118380
45367
172551
5307
60301
66173
75540
93038
83206
13800
56997
137288
199536
75017
162004
36093
18919
142163
29846
10987
30726
53664
750
7226
53914
7841
42683
331
135779
81498
13037
2579
4269
100359
59314
36734
1862
33810
39954
35261
64
142076
823
76199
40896
91818
21415
229
6696
115124
197
11643
3715
22226
63053
60104
8083
40977
60205
101149
3893
112322
21440
64340
156970
146299
4609
8038
7747
6421
125437
71944
84872
81092
78
77347
16726
99715
15813
140923
1366
5179
43529
5061
22448
19447
47325
129227
27251
730
20491
135166
71491
98231
17909
24951
44263
21234
125633
141179
19508
128660
17444
122372
156546
4905
10796
39557
219505
3782
3708
90677
37089
159
76084
6269
9394
53550
33851
18210
101138
23889
304
203718
2626
11893
153781
2202
47623
95529
62080
25004
45147
22334
3868
89793
831
4518
23164
23742
2292
116937
125165
36064
131133
9314
11958
15768
21351
94222
64805
78491
4746
192129
9665
12925
33298
116348
163445
23360
109350
41981
101609
199070
35987
38361
173751
39230
29658
117442
122264
97006
27570
1329
19186
17398
239021
96044
169994
8507
62281
74058
184215
103950
14032
13744
62089
76045
18944
177536
118040
1911
202618
103369
42
22056
43967
2212
11629
323
5021
11483
8329
73487
21186
115707
15222
18246
47707
237
170953
2370
31932
132679
9273
10798
39664
11443
19525
12679
14246
25337
599
13082
89371
46197
116059
38568
65536
36547
79703
132952
79513
278326
130486
499
12614
31749
1631
173035
1017
18659
69289
69961
9641
8880
5288
111242
93625
90595
26051
64311
22820
3578
139453
335
72753
80660
3274
124
218233
52628
142196
53328
6446
40487
94209
2382
113461
61195
164319
7999
20791
62331
484
37498
104279
109812
105105
27160
4057
40056
64933
49345
174357
29145
17625
183759
115444
109482
57947
153050
5381
12212
185131
15168
18068
63869
47527
32120
898
18702
17412
31039
75261
151734
1658
209252
172384
62
3688
25714
4802
76138
102010
56061
7550
200256
1756
93490
18836
397
132424
55428
149429
125867
7751
65495
1667
26970
189774
103427
85999
66781
140846
86200
144782
14948
40189
2340
24011
88801
10656
2350
23853
18595
187156
58390
16315
16410
61460
104729
108904
233666
54593
21111
91729
55716
19848
791
185993
115184
153320
73149
5586
33882
54203
9954
58179
60279
61933
231
72268
54033
62281
139771
100697
1235
55341
25486
63978
33691
4133
139140
69639
209739
1139
129292
1221
10205
84628
166496
109012
40101
238010
24306
19078
171191
6607
6263
92689
95925
2616
8565
691
16744
114937
19852
59870
2810
6074
15133
43970
53247
45355
221149
37992
11173
56855
3336
57182
83936
4284
170988
68126
69256
36705
64523
200991
123585
100981
110927
11947
199291
67259
3072
1472
71341
19502
13888
4399
31881
68435
1227
67146
18453
58148
27325
70860
18213
101568
23330
25
22
50490
34222
19140
65196
4412
22458
16369
54776
37292
75051
33331
3917
46597
14958
102
114494
2397
5754
28238
37471
167900
2072
54302
67520
13637
32643
71637
54099
22003
1051
12592
26540
24378
71296
88012
732
1378
18518
47318
4229
183190
32242
19092
126152
6737
69076
2229
1415
25439
43535
4091
121997
92940
21411
101355
43294
19369
51988
276842
33144
94637
51925
9618
155947
9991
26716
10154
130682
184571
81085
18972
35137
1460
40891
7157
12523
32086
13908
79231
65168
10281
27150
8104
71613
68889
144038
109579
40680
25301
16651
43
4842
17442
141312
59767
110418
25596
153874
89558
24598
186012
126426
10531
256156
606
185235
81203
211545
95735
34320
65027
6617
15858
84116
45968
59670
6672
92160
67491
54157
22350
140726
8544
79181
8322
248
34218
99107
30920
7684
163616
5066
99559
5472
77091
116556
120653
15936
3412
59229
26477
53802
112591
48204
21790
106044
8436
1680
112960
2081
89782
2279
39464
12719
34215
84882
5183
70125
42966
10059
78242
2513
14089
17836
31309
106878
1495
7877
93791
42100
101395
9946
23387
60203
38915
36728
135683
669
45369
76411
194671
34680
101264
8609
15784
104781
8766
777
17124
9375
25832
2416
44896
20133
41480
108557
145737
127924
77858
13452
1267
93836
173849
59234
32132
37536
4115
134995
51345
2290
104065
15124
37876
164145
55074
9579
43150
18229
4627
1413
69864
11824
19277
99867
23271
197672
101024
129400
6665
122529
142334
25
1089
75565
118312
220160
118629
22439
96785
9518
101436
193542
246176
41855
14967
6899
56521
16576
190285
79661
22383
10190
11271
58381
40883
89194
25599
25593
71035
10182
168316
30425
65
4926
42816
96279
124503
51754
83308
64401
6398
11409
141342
2522
860
7591
47335
59652
6179
59567
3368
70246
34520
55118
10075
38921
39588
55951
158
2546
3826
22812
234973
2984
3098
10742
28525
35420
29471
22341
3383
178014
19064
8982
25342
24309
8573
57285
16696
76714
3891
2286
18206
36383
54495
152397
235448
441
5213
24901
70793
140081
4426
116903
1806
48217
8486
43650
1258
12899
43496
6533
88664
101445
140735
1082
823
100261
210936
1635
83763
77925
122573
15671
146698
101014
34214
50355
5859
10210
14314
24372
2373
16882
9464
101695
10865
4866
73023
21302
17436
31980
152014
79318
46332
50467
17612
177944
63270
118447
154441
4019
1394
48315
62757
104721
62756
106919
23856
9273
2223
30017
74136
63966
39060
151920
15541
23865
26964
13211
57603
74183
117295
9835
10260
111921
3127
127720
36721
191917
42066
141710
417
34393
111187
29219
15807
19575
18951
35096
88816
6824
124838
24827
8
84257
7191
40928
19130
9640
26862
32266
55488
19568
28126
95256
42443
120150
55494
196090
76462
253062
2757
21848
2177
48810
120788
32989
108046
11126
101326
25327
84838
105558
16497
94870
2034
145750
166310
16730
75520
52960
14849
183908
121577
29772
58387
109607
178836
2893
956
88567
495
75318
5718
20912
84987
11001
74809
10617
24944
14247
67858
77346
37868
53598
34355
122406
29372
585
32114
11963
13065
8562
52803
133944
206546
2996
308
9922
46115
89256
12106
50693
29924
221742
5228
6328
4011
80814
162124
14256
10035
8413
17550
28116
9038
75722
622
49397
99069
4964
61626
46557
3752
44243
22120
5957
40740
120754
159855
199423
135843
21015
1655
80430
49666
16239
32056
73961
13146
733
69077
15625
249847
62892
3886
168291
48675
779
54368
3005
29663
60964
174284
26883
218846
35925
1735
5320
36731
10795
95074
11007
23278
70973
7014
76609
1883
48156
23957
1871
50956
82463
59069
35030
36707
26945
159739
72342
13736
192099
5336
2079
29211
219
2418
720
75546
190487
97678
6100
895
13790
45250
178772
38266
2800
68283
85183
27628
9363
35688
145336
115525
34516
52913
8777
64917
19128
7889
108382
73893
16272
240105
61116
45163
180668
131767
12385
33409
106
9836
20216
15565
144749
63662
1337
4865
84874
78798
11031
4288
3251
53069
81061
45704
10637
34544
19193
14952
23301
18111
192695
52807
12787
16007
103014
19352
3440
5792
43570
106574
58347
593
10918
2850
173162
142185
55823
6382
5014
55140
54155
41258
75202
72545
20562
243652
45941
37064
94236
544
66501
35842
57884
3732
119795
126823
217828
22811
3856
113527
40771
59878
37196
83705
30436
25944
38544
24419
20273
12674
65534
88685
159952
6352
37510
112693
12888
666
92160
34427
3209
7743
155533
3746
8821
68546
7165
9041
21515
9948
100687
3146
56022
88039
75739
3331
17534
117669
4515
87042
29027
100252
10041
25763
8616
18275
28858
102693
2726
67757
216067
259192
153909
129377
67314
14884
93964
2723
23102
37649
23177
93126
5353
200
47290
5844
124401
5177
31197
70130
26578
16362
6453
255
1
169323
19447
6043
5015
101717
8778
2416
1002
44460
210203
186991
1886
10938
4666
14598
1335
189854
27130
91109
86492
40461
114326
61060
27611
1299
34676
30188
2289
47824
28700
28185
61966
88693
37155
5217
34196
153818
17299
21710
625
241138
93868
69279
98557
151304
37763
3422
4961
31673
2302
18765
40518
263144
10377
78364
75980
14011
6147
192703
4070
240735
66352
51085
22667
32598
66783
119446
1158
106599
3675
88801
5547
3235
70697
168497
9664
115228
45228
35062
8924
123141
139762
112759
8869
21615
42645
49964
63779
97337
117909
7878
12993
11193
19036
5240
8991
46318
1214
10803
114466
98463
29731
21899
6192
216489
4521
55211
25735
108873
23760
27685
11048
32731
50370
124394
178960
1486
94628
64735
70775
156084
96226
17466
120494
68450
43260
18145
11330
44296
22869
98855
2110
196082
44599
81169
124674
128697
716
17982
14138
39514
92270
9257
48635
49838
7536
97697
223545
71496
151
6336
19306
109522
149326
1754
10686
3388
11043
729
10937
45188
60219
91648
4041
97038
6546
6574
113
18902
17155
16075
18173
79787
91848
272789
99762
1093
1230
91475
77842
9489
10507
96701
31541
46479
7739
154105
46343
124516
38283
10612
45420
107609
196465
17874
3682
13359
86574
75443
18265
10655
158603
24657
107966
13
9871
3528
27897
96
148808
70326
202659
6039
36448
375
6155
261557
185109
21770
15330
436
72107
50984
188086
3922
33411
48714
14729
66400
62914
45
6429
6558
2221
40723
67436
80311
167326
13214
35673
13458
174921
79365
9105
207351
53013
45083
3897
274034
31261
96
125181
43430
166981
19702
11681
11364
55049
102793
206030
21959
1302
9506
24187
28176
60642
3133
47852
13717
169797
82291
5086
92791
78115
144930
33244
29861
9813
140540
74705
52762
87730
15528
188212
949
15448
40140
103439
6527
257600
85646
21053
63381
92882
53640
7915
7623
17051
10632
42311
118274
138138
1748
46984
47068
10426
10331
17627
2553
4418
20496
13792
150321
33319
65110
47896
124280
9041
105407
27331
138486
184632
16584
3663
2726
26041
307104
196061
9645
97503
172
30053
54892
45822
98748
18232
220637
109554
226709
30889
90001
36721
31725
5445
59994
30692
20597
3612
3930
91628
256
11409
10656
17869
22761
12647
32963
885
101588
118460
8046
8634
26190
81130
7298
209289
12475
178891
84793
57
29970
1264
161177
747
16436
210078
22602
33086
15913
685
65569
107973
24373
55196
6874
193159
5264
24986
11180
9019
13064
19324
141396
39728
26470
15896
5401
131869
132374
146125
3654
46736
47157
43876
18868
101390
41162
97116
37981
13501
61821
1373
52663
34284
170318
54892
76152
166060
66891
36099
26878
25015
9570
10786
10559
8308
104556
2524
20281
824
115690
67038
13825
34227
57337
2117
2269
47299
9787
16104
6474
57191
64136
1713
161727
125581
82101
26666
91817
20945
46082
2000
25469
23198
70823
30843
155987
97645
51547
54222
23105
53765
117
49208
78109
3402
73727
15228
156240
82817
28469
17369
61871
109642
46695
7031
24372
21627
40350
6675
17790
6166
12095
148870
50132
42678
5023
93665
100550
99782
15996
2432
19311
185
63386
88469
38554
15388
59506
439
24677
85953
185165
148074
8989
258437
1735
35534
53013
9033
77259
9323
27339
1800
178945
139265
14539
24325
68123
144410
9004
13234
276988
3589
121838
69217
6154
131110
198322
34436
16563
977
187746
21077
44384
5541
197376
12332
15112
39336
51262
56465
151893
165662
25251
10704
23133
7932
67466
119172
72876
180950
24498
42016
242013
131627
89454
55090
34490
33817
136227
92370
16204
8222
15660
16021
1727
56763
185829
293
13216
74971
12428
134946
2445
110892
5383
2469
43040
44434
8746
62389
90216
70762
31783
4551
1013
80132
59436
153039
388
23266
4748
3694
165215
554
149602
8280
5237
58908
6105
224611
130568
43167
58470
29193
1119
7610
3262
27234
75490
191014
30925
36911
14248
23485
38391
145371
15245
86658
2629
30838
44744
35221
3073
77868
1507
10645
12049
16097
52499
2108
39082
4577
1451
156048
3936
47604
27798
154006
18630
28529
177174
203805
24080
7363
115107
78031
130
100465
650
26302
155944
11503
3134
165218
70825
63379
106943
104766
17346
68025
74700
1715
4408
225
779
51264
14998
57698
35284
246360
36830
47010
54388
45080
57338
67085
72733
83979
57003
7856
10072
22382
54
32238
117560
56556
13044
744
30838
126561
36100
6872
3399
56843
17274
20222
14838
32649
45703
31005
12809
17637
65162
40765
29772
3081
32545
193352
66014
128366
20492
47464
6973
16379
43535
45165
34490
13776
64974
75421
145537
17062
3540
10971
34393
67642
93283
23081
1622
88696
39055
40180
237417
83672
22935
16705
107107
11681
144366
268090
14629
5836
30274
31999
1772
1551
52662
100466
16956
753
100710
33576
43791
21870
77245
35371
130601
106539
43351
8478
2676
72333
8610
91277
4836
33141
88799
109222
38546
122485
172
110446
5287
6394
31686
91590
887
13788
19816
32604
7154
53589
12736
32619
1392
20317
199527
173573
110893
46443
36597
116003
7577
28196
94215
4426
13736
74416
43834
5781
21203
111135
56022
36067
176504
50324
1848
20306
53410
3612
87775
29157
15473
49838
163639
14834
68926
5218
66563
23796
67203
16737
217259
1531
178155
2054
19794
8377
63942
82670
19405
68729
35399
38020
84193
11116
86037
32116
40118
43459
99629
28058
26386
234796
173583
19650
15381
5093
26401
7997
72541
129775
951
67647
43064
197956
34286
121798
86174
208021
6341
16503
44258
204167
46811
2810
172766
54392
36082
2621
98648
4302
129132
69603
165805
67471
34017
182629
58356
49302
15751
116
54136
36300
9572
102126
31871
55538
73195
50937
33595
41070
167497
20482
97191
409
5215
41277
28989
7802
15144
170
19823
5998
96735
22117
18718
5627
17189
40735
20349
153777
27391
82242
70921
30532
35481
606
37834
18818
15545
74274
1561
116874
146669
299
27530
4323
20734
5207
21914
12914
43728
183541
121623
6057
94257
141708
937
44912
137756
12491
11911
147499
3595
21162
185373
3787
18947
84481
60020
3296
14629
13297
58209
13544
191200
206972
131611
1213
188170
127102
49707
116662
876
1738
73486
53460
27848
16425
32202
21307
32543
9838
176774
14738
115179
7169
39344
112700
23092
33316
161300
81291
152509
54941
31791
96203
30573
74296
22613
11
17971
197301
103637
6015
111846
174490
97348
16430
5228
88421
16938
18147
96420
29887
41694
3202
113871
1628
66957
18595
161096
9734
9104
51228
77474
32426
29903
9230
121056
20417
47869
125908
151087
61883
29944
48049
74805
74297
23005
119657
613
35238
169714
108256
212162
21028
17343
9372
9321
73814
53700
19073
35248
16014
290873
28350
80762
8456
104175
16957
34339
9699
21778
2519
64079
34456
25173
8623
7362
89911
111589
4482
5279
3389
53652
75331
45029
14313
89206
18505
63938
123889
91156
159994
40072
37322
4710
47799
193840
40109
113594
19002
1516
1991
232519
58666
138363
15243
200856
9747
869
11451
71935
26280
29833
6612
58386
77624
664
102693
124200
88178
16423
39947
78015
5852
5010
138657
10315
11037
153693
65444
12844
177
33243
120228
100131
15799
20383
79516
4516
101566
16184
53323
181477
12178
61302
6464
63469
19238
6912
6911
17615
94960
4176
10223
5584
18071
66191
10215
25269
25500
9595
16291
6068
46256
67719
730
19503
54400
25640
10480
113313
49898
401
134152
6635
6249
36461
1256
21669
1481
123299
6698
35178
25671
96019
101656
826
14642
1534
31294
14259
48188
12640
46188
37063
39385
183671
217416
5133
73169
28587
58811
4688
103010
17665
9335
135641
29906
8425
110350
17205
19628
64924
22183
1943
16090
43149
51656
5857
41091
58028
40569
7108
39496
35744
52449
28839
30619
118770
10176
358
32100
38054
139056
25542
13168
7247
413
280737
40462
4444
14869
33700
90440
8437
222865
1594
80045
64426
1814
45305
11845
25820
148015
1004
35116
4868
9333
36639
96189
79166
1064
12888
14023
29733
99204
47033
45385
210911
121131
158826
88437
140672
276435
23385
65080
34597
138580
163829
33625
1739
20655
168478
3658
19676
7513
8548
57238
5053
16589
33393
30969
152541
113444
33650
7530
12844
18010
69783
5456
23255
121388
47143
40675
30166
3983
59060
58147
177674
101168
32218
11724
24853
14133
258393
9638
610
43744
36793
71995
11495
25101
6752
206862
12694
106456
31288
24585
10088
8113
35622
76456
18759
75824
5077
119057
22107
443
23701
48606
6202
65742
24541
51833
28802
28456
47704
335
60390
257
2425
110118
67906
52304
147005
20029
187295
7315
46247
27273
3504
3393
16315
79437
984
989
23723
6858
5902
175988
37602
6044
47810
244258
60
18993
33683
19096
50430
798
127430
103144
10219
7898
46354
36581
59
144764
43884
133075
7534
86512
23523
103000
65755
95695
72229
30207
58136
122518
165899
1381
69502
11459
42100
69735
29081
11894
24199
136918
102137
105680
27636
180237
16511
11994
59039
224544
4322
75557
266886
40025
14403
5881
45569
6180
104878
37737
81915
20010
1573
61236
27098
1424
78558
176760
94341
38410
18294
44874
29925
29923
286
9997
17514
25439
9765
172474
9432
52868
34662
182313
33578
91279
54120
246676
35145
28566
106927
20057
103099
21724
160
108042
1447
249530
9313
61368
223023
125650
23006
54443
16921
13807
3471
39960
17521
14092
5873
41063
39224
22731
2637
64713
42342
11798
151106
2962
114598
185086
51746
161876
96764
31830
19612
98901
299
84129
14385
62789
178144
174427
47749
5765
38111
26951
7014
2045
114713
1961
155168
28099
28193
35565
22224
71893
147081
25075
31705
15768
54732
40770
986
153438
40445
675
26420
63614
118123
156428
115997
0
40291
11258
166868
411
45214
60221
6161
145363
11134
32734
2253
7511
15520
5720
126995
64965
191947
1835
66707
125902
138498
6603
5013
6256
65048
2056
38863
13852
95501
63201
36419
22530
186123
65105
94567
58807
31893
116325
145278
9117
60409
76986
96462
24074
5298
70656
2766
4092
9925
41704
10832
4105
144223
141139
26631
31545
5429
14681
19868
72674
21608
33313
15564
46486
135139
43819
28744
204985
89422
12208
188
45759
146877
53339
56588
35453
108122
62992
208093
57324
854
28429
56282
168733
16975
25327
62280
67057
218799
12738
44802
43849
87392
5485
56777
2
58275
83167
59293
88242
27615
38742
10396
9615
7285
157705
57982
3183
89624
15975
895
207400
1882
39669
12603
14212
22807
37918
79318
260818
77284
47470
116508
15867
94163
7765
145
9247
15463
101543
4243
129102
7617
276334
21734
155054
18908
51775
64155
43507
70889
5532
78712
127493
5269
821
22342
68265
225527
20860
79788
9212
86388
2054
2017
129080
8987
93020
92906
90925
1256
4776
4917
97717
47297
226
80636
8593
152930
218241
3139
73627
67047
1457
4800
31713
97470
14389
5429
110920
57735
15197
7356
26088
208951
30545
60507
25722
9335
9874
8775
23442
68297
29005
43034
24021
50271
22475
13826
264308
68362
27698
100869
74583
6460
80244
224904
66589
61423
16014
3971
90504
3173
19957
11123
24614
67246
67000
46912
108414
51764
158867
9150
13044
43998
59180
13364
6660
23117
1157
16696
145044
42213
30195
5721
6255
1382
95847
1551
10
4400
46086
48400
39302
12553
25483
75863
41078
63270
31937
124223
26476
23808
8430
81350
83413
267915
48676
2007
123949
27317
29951
120826
25026
18224
25846
27309
3656
106983
182
74667
216271
13800
1645
17286
16587
1100
34227
509
148507
75584
88681
33529
413
9290
115178
10308
136039
52402
18101
202853
21884
8766
25298
129896
5377
20285
19580
778
188517
203588
13452
26715
43919
25386
4376
164487
109843
51895
2113
4727
122427
24694
23827
17188
37359
116880
10431
210193
101514
3885
133061
57789
191108
5277
30634
94183
5781
91723
4033
190639
10618
15314
47968
263
31308
52491
2224
119474
20288
26500
11428
15165
11743
112420
64588
107950
25878
53763
77793
47294
91331
15760
98104
94563
73148
4019
105507
43664
1626
190877
59199
114281
92733
87979
243641
107384
24093
31678
67667
5999
2862
4961
54212
128153
8959
64726
60076
6646
5167
1551
85482
23980
115459
16652
71400
36772
9426
10829
47045
11502
23542
45291
3769
45749
2400
24971
75150
197503
9020
11256
7697
51518
58232
22699
44862
36785
19575
4985
71390
3920
198925
4920
84782
30648
8377
71020
168952
14289
76115
781
1411
86418
8509
134349
263648
27583
1930
5920
22382
12126
6231
124812
83400
65637
220174
861
10006
12275
24926
115620
23940
21369
86057
60429
3571
39710
45393
64497
16547
9099
42237
26057
123836
63996
67441
52663
154897
43228
84682
138192
146610
171338
22052
54682
69623
3266
120703
1415
16840
20887
22380
87709
9869
38019
29387
9406
15022
63692
30029
14207
12882
91599
104535
2522
74727
77840
68494
93084
41725
130469
46145
14546
44081
1541
143086
132517
11477
29804
46860
26074
24864
202923
31084
7961
19437
3423
202750
7793
115958
33289
87641
96410
10302
68980
14584
46228
69261
16623
25500
11872
112314
36970
141953
31313
13771
8801
76858
126375
5370
45882
15474
35489
45515
16585
37882
87521
36661
29017
38481
71567
32855
120641
19949
39829
143723
44524
18284
26512
56365
11825
4639
21397
29584
37065
29803
33003
78619
179137
37110
39248
69825
21461
101731
57282
71440
35949
6980
53948
41006
11347
7008
1156
58346
86857
104260
252077
954
1942
157937
226929
21850
103347
6292
152316
57643
26330
100979
37479
9358
31670
1603
126855
175946
135345
60185
13941
66305
87958
25467
42452
85062
29160
184137
5092
162066
36696
37309
18741
213243
93874
11167
84938
49204
115783
25187
71567
40838
47246
76366
50422
151693
6899
169
174992
43448
1356
24202
71922
17048
157107
93723
13978
235
16426
143483
39442
77864
35368
92766
10859
85840
138639
70706
45394
131545
154619
57001
74362
11924
53309
10047
103944
76885
72262
28526
59425
1102
111685
4230
10070
89019
57286
197753
152707
105372
40183
81536
9920
106610
44639
166422
4467
127305
211012
97201
14145
53106
119155
22568
123314
170814
9123
28239
604
683
8489
27348
11310
45437
2526
17862
15384
245
119716
70882
12801
54483
7759
8000
224
192127
22875
83288
7959
13288
4062
39795
32876
42792
46573
30213
1346
21124
34414
289497
45841
128154
3680
64227
20283
4745
67249
211306
102394
42075
328
177469
192284
3019
1146
9860
74706
10518
78796
7395
26895
3850
170538
158197
15326
31433
42526
3076
15934
36271
22063
14525
108648
213552
84593
13564
56216
16778
57130
60123
13113
6550
10902
16619
114100
187173
730
39923
34880
14101
86899
34956
220079
47067
155244
97001
85999
11832
38771
11404
7342
657
20801
159753
25998
144720
258051
26839
14843
5587
24953
7216
3970
1128
151836
45321
4837
8674
133866
96709
8443
1129
21497
166067
89137
94016
149092
16399
19267
15804
1010
55797
14319
11579
56309
124353
5049
3661
9923
28084
83829
67792
1739
89202
21376
32522
24541
26269
26851
26751
30213
18131
215328
69694
33317
155667
26860
5443
34046
2839
5313
138571
6103
13217
1203
4118
192746
1349
155791
57324
120502
38357
53894
28159
6950
3963
8709
12189
15881
63594
88946
131490
2828
47080
35658
68281
187667
96702
997
18230
7638
33143
13197
25009
42749
1795
2141
130137
16640
239039
1207
20401
91803
150756
60254
113768
747
36846
46569
3180
17903
1991
11864
16352
2752
18328
2189
49089
129659
9150
127479
13109
121326
25022
168761
8532
99276
70348
61253
41258
16637
98648
6257
111764
42332
6773
141049
78210
70543
27305
39582
4351
44892
35211
1364
139760
98533
92472
213375
64153
13774
19841
2525
41665
10519
68
75270
17242
14723
43482
36868
45786
29055
775
110809
157975
223758
37246
182395
60920
15315
89151
93761
13953
19566
80733
32588
84280
104487
41090
51532
16707
2422
72474
51647
123
9998
139832
29653
112522
12275
6002
27289
32547
25676
43889
17765
62242
6455
129914
245472
45079
70447
16872
8162
69694
129393
20796
10122
145301
15876
117243
114067
913
49496
1642
51373
46322
6339
4735
62419
26346
41523
43493
151488
37981
148981
105266
1136
10883
26717
185681
32654
6502
59757
107570
76396
28329
7550
182942
64311
242639
747
193
16270
5924
113328
24140
55057
212561
58166
83670
770
30223
7010
34
779
37231
14378
55960
94180
23473
22454
3166
49817
8676
83364
2741
53863
59896
13653
76740
57775
93
268769
114506
45740
190755
30376
6637
133244
2183
19005
112205
75910
11243
145864
5134
4310
149567
2249
47738
17776
67120
15377
1985
96346
51197
1184
19474
33707
53016
45042
84490
45818
6233
133731
30959
66898
22731
1242
181199
53293
35032
11765
24630
161546
56305
51700
212137
3405
48006
61328
61739
141486
110500
99881
41580
139127
60409
28177
28187
10912
55322
1306
69527
3386
89812
91158
15371
51336
71441
9965
213
610
17658
535
7092
81029
2951
57421
7224
75282
144195
37328
85933
22176
104132
45101
131035
15594
23589
2801
53009
149720
111796
44
104695
10085
76370
91851
77222
31594
201570
4318
196636
12819
854
12957
53576
184322
152971
49608
82435
8036
1071
144856
58793
791
17009
81071
105641
45365
6600
141
221108
42662
255820
16884
41482
65432
16131
14399
4276
4440
138263
69780
79724
11254
109883
52379
25648
8905
46783
102066
51324
8183
74394
10097
421
43317
146351
41049
35511
202069
33543
138546
51246
142261
35745
2833
1454
18081
12768
11332
25823
35603
77055
135868
3011
60372
41681
7027
15790
31134
87071
7643
40107
79356
57241
82470
32567
5177
71520
1361
19786
130032
6799
6728
45199
80448
42584
24414
197989
5125
22402
111963
5026
2521
9429
8054
10597
22210
2461
166043
27824
16795
5194
1880
3788
1470
6529
257997
42105
68553
239665
109714
65451
82509
7692
100888
3693
2397
69540
106946
66189
1007
56289
17515
113344
23012
78902
54467
33570
29601
95881
70914
113836
85239
42147
26485
31040
50894
91505
58769
46216
15698
14036
6893
60371
252439
22172
1503
40670
29608
12331
144438
116601
16532
88043
106065
93717
4909
216057
10253
36601
133816
7246
1857
36463
12680
12162
9195
633
2510
117163
45038
6588
13832
24069
3019
106891
6535
25395
57119
92842
32510
50248
9616
153531
85140
1463
46466
12604
152700
174928
29008
16369
9175
3949
206326
38583
112493
99596
35180
32994
11801
14789
48846
99893
91324
243013
31423
17047
26345
39299
106545
1978
156006
9069
1578
6540
45654
4767
27754
24893
35354
96285
88447
5003
113961
27038
13810
46142
26399
20283
87176
9056
107431
14179
86132
27960
17759
45889
136548
6567
426
101205
36000
6899
99132
15086
17996
24758
46549
31696
14709
32947
39539
190367
119682
61584
38346
16067
21620
699
11209
199153
130226
24218
2628
168893
42842
3572
63172
2590
79900
5714
670
30586
70683
92934
69933
49709
2663
2634
2641
80732
3820
70763
52671
3597
1043
85262
12889
28005
55345
11100
41067
6938
198889
146407
188153
38331
7761
102112
51552
68489
69666
38719
11054
234865
179702
190808
48660
204
32546
193114
23589
78503
146606
38640
33287
160461
125768
46357
18133
23908
159291
55347
900
5876
3987
140357
121014
13648
164983
14284
90967
31257
20288
12947
50580
457
130254
28850
34527
1780
81624
95343
45995
44936
36204
247539
33352
17138
41630
18635
6018
27080
90327
4955
201369
3051
79012
195220
15952
25142
36997
61128
67114
67703
23341
17511
25009
16305
32573
56164
42288
7000
73058
10971
27301
253933
26060
108364
200963
2796
921
22911
13317
1272
258477
52735
13354
923
66288
48221
99343
20187
66022
9354
45265
23609
18653
112400
13816
5442
93792
2884
23488
52583
1517
42784
112
40931
24430
33002
15368
3140
11631
15185
140905
103597
18059
30512
14954
156201
118640
93319
693
105486
45875
25828
218318
18204
199170
32537
79468
28312
60994
191252
35520
65710
58440
41363
33849
79461
191620
1474
2075
34219
201299
25708
48310
8402
29225
98150
5660
15134
13597
24975
130457
2871
62982
20547
187525
62237
38322
9520
16716
75272
103612
43606
41575
135436
83049
13274
109015
106226
480
27293
3401
53828
126369
